Server information: 
Linux, msx2; OS: RHEL6; CPU: Intel Xeon E7-4870@2.40GHz; RAM: 256GB. 
 
The program [Example2-Unix-R4.R] started: Mon Sep  2 10:35:41 2019 
 
[1] "broken"
final values in 1th iteration
  [1] -0.033069539  4.890557281  2.865908550  0.733561320  0.000000000  0.000000000  0.000000000
  [8]  0.000000000  0.000000000  0.000000000  0.000000000  0.000000000  0.000000000 -0.050519853
 [15]  0.000000000  0.000000000  0.000000000  0.000000000  0.000000000  0.000000000  0.000000000
 [22]  0.000000000  0.000000000  0.000000000  0.000000000  0.000000000  0.000000000  0.000000000
 [29]  0.000000000  0.000000000  0.000000000  0.000000000  0.000000000  0.000000000  0.000000000
 [36]  0.000000000 -0.181020707  0.000000000  0.000000000  0.000000000  0.000000000  0.000000000
 [43]  0.000000000  0.000000000  0.000000000  0.000000000  0.000000000  0.000000000  0.000000000
 [50]  0.000000000  0.003596822  0.000000000  0.000000000  0.000000000  0.000000000  0.000000000
 [57]  0.000000000  0.000000000  0.000000000  0.000000000  0.000000000  0.000000000  0.000000000
 [64]  0.000000000  0.000000000  0.000000000  0.000000000  0.000000000  0.000000000  0.000000000
 [71]  0.000000000  0.000000000  0.000000000  0.000000000  0.206626156  0.000000000  0.000000000
 [78]  0.000000000  0.000000000  0.000000000  0.000000000  0.000000000  0.000000000  0.000000000
 [85]  0.000000000  0.000000000  0.000000000  0.000000000  0.000000000  0.000000000  0.000000000
 [92]  0.000000000  0.000000000  0.000000000  0.000000000  0.000000000  0.110046473  0.000000000
 [99]  0.000000000  0.000000000  0.000000000  0.000000000  0.000000000  0.000000000 -0.006413643
[106]  0.000000000  0.000000000  0.000000000  0.000000000  0.000000000  0.000000000  0.000000000
[113]  0.000000000  0.000000000  0.000000000  0.000000000  0.000000000  0.000000000  0.000000000
[120]  0.000000000  0.000000000  0.032105295  0.000000000  0.000000000  0.000000000 -0.044907685
[127] -0.147024682  0.000000000  0.000000000  0.000000000 -0.137850277  0.000000000  0.000000000
[134]  0.230685017  0.000000000  0.000000000  0.000000000  0.000000000 -0.105412635  0.000000000
[141]  0.000000000  0.000000000  0.000000000  0.000000000  0.000000000  0.000000000  0.000000000
[148]  0.000000000  0.000000000  0.000000000  0.000000000  0.000000000  0.000000000  0.000000000
[155] -0.051235990  0.000000000  0.000000000  0.000000000  0.000000000  0.000000000  0.000000000
[162]  0.000000000  0.000000000  0.000000000 -0.200057663 -0.183422806  0.000000000  0.000000000
[169]  0.000000000  0.000000000  0.000000000 -0.183815379  0.000000000  0.000000000  0.000000000
[176]  0.000000000  0.000000000  0.000000000  0.000000000  0.000000000  0.000000000  0.000000000
[183]  0.000000000  0.000000000 -0.022238620  0.000000000  0.000000000  0.000000000  0.000000000
[190]  0.000000000  0.000000000  0.000000000  0.000000000 -0.077406930  0.000000000  0.000000000
[197]  0.000000000  0.000000000  0.000000000  0.000000000  0.000000000  0.000000000 -0.103545830
[204]  0.000000000  0.000000000
[1] 0.8889204
[1] "broken"
[1] "broken"
final values in 2th iteration
  [1] -0.121287014  5.111093222  2.326325739  1.661777252  0.000000000  0.000000000  0.000000000
  [8]  0.000000000  0.000000000  0.000000000  0.000000000  0.000000000  0.000000000  0.000000000
 [15]  0.000000000  0.000000000 -0.007245532  0.000000000  0.000000000  0.061498856  0.000000000
 [22]  0.000000000  0.000000000  0.000000000  0.000000000  0.000000000  0.000000000  0.059471335
 [29]  0.000000000  0.000000000  0.000000000  0.000000000  0.000000000  0.000000000  0.000000000
 [36]  0.000000000  0.000000000  0.000000000  0.000000000  0.000000000  0.000000000  0.000000000
 [43] -0.497672994  0.000000000  0.000000000  0.000000000  0.000000000  0.000000000  0.000000000
 [50]  0.000000000  0.000000000  0.000000000  0.000000000 -0.219490234  0.000000000  0.000000000
 [57]  0.000000000  0.000000000  0.000000000  0.000000000  0.000000000  0.000000000  0.000000000
 [64]  0.000000000  0.000000000  0.000000000  0.000000000  0.000000000  0.000000000  0.000000000
 [71]  0.000000000  0.000000000  0.000000000  0.000000000  0.000000000  0.000000000  0.000000000
 [78]  0.000000000  0.000000000  0.000000000  0.000000000  0.000000000  0.000000000  0.000000000
 [85]  0.000000000  0.000000000  0.000000000  0.000000000  0.000000000  0.000000000  0.000000000
 [92]  0.000000000  0.000000000  0.000000000  0.145365472  0.000000000  0.000000000  0.000000000
 [99]  0.000000000  0.169204946 -0.443161007  0.000000000  0.000000000  0.000000000  0.000000000
[106]  0.112319848  0.000000000  0.000000000  0.000000000  0.000000000 -0.008682280 -0.003187459
[113]  0.000000000  0.000000000 -0.078894164  0.000000000  0.000000000  0.000000000  0.000000000
[120]  0.000000000  0.205489635  0.000000000  0.000000000  0.000000000  0.000000000  0.000000000
[127]  0.000000000  0.000000000  0.000000000  0.000000000  0.000000000  0.000000000  0.000000000
[134]  0.000000000  0.000000000  0.000000000  0.000000000  0.000000000  0.000000000  0.000000000
[141]  0.000000000  0.000000000  0.405831811  0.153963998  0.000000000  0.000000000  0.000000000
[148] -0.007139301  0.000000000  0.000000000  0.000000000  0.000000000  0.051157765  0.000000000
[155]  0.000000000  0.000000000  0.000000000  0.000000000  0.000000000  0.000000000 -0.154289802
[162]  0.000000000 -0.249290884  0.000000000  0.000000000  0.371425272  0.011432822  0.000000000
[169]  0.000000000  0.241077852  0.000000000  0.000000000  0.000000000  0.000000000  0.359839902
[176]  0.000000000  0.134188712  0.000000000  0.000000000  0.000000000  0.000000000  0.000000000
[183]  0.000000000  0.000000000  0.000000000  0.000000000  0.000000000  0.000000000  0.000000000
[190]  0.000000000  0.000000000  0.000000000  0.000000000  0.000000000  0.338678211  0.000000000
[197]  0.000000000  0.000000000  0.000000000  0.000000000  0.000000000  0.000000000  0.000000000
[204]  0.000000000  0.000000000
[1] 0.610144
[1] "broken"
[1] "broken"
[1] "broken"
[1] "broken"
[1] "broken"
[1] "broken"
[1] "broken"
[1] "broken"
[1] "broken"
[1] "broken"
[1] "broken"
[1] "broken"
[1] "broken"
[1] "broken"
[1] "broken"
[1] "broken"
[1] "broken"
[1] "broken"
final values in 3th iteration
  [1] -0.2449483  6.0501493  0.5608892  0.0000000  0.0000000  0.0000000  0.0000000  0.0000000
  [9]  0.0000000  0.0000000  0.0000000  0.0000000  0.0000000  0.0000000  0.0000000  0.0000000
 [17]  0.0000000  0.0000000  0.0000000  0.0000000  0.0000000  0.0000000  0.0000000  0.0000000
 [25]  0.0000000  0.0000000  0.0000000  0.0000000  0.0000000  0.0000000  0.0000000  0.0000000
 [33]  0.0000000  0.0000000  0.0000000  0.0000000  0.0000000  0.0000000  0.0000000  0.0000000
 [41]  0.0000000  0.0000000  0.0000000  0.0000000  0.0000000  0.0000000  0.0000000  0.0000000
 [49]  0.0000000  0.0000000  0.0000000  0.0000000  0.0000000  0.0000000  0.0000000  0.0000000
 [57]  0.0000000  0.0000000  0.0000000  0.0000000  0.0000000  0.0000000  0.0000000  0.0000000
 [65]  0.0000000  0.0000000  0.0000000  0.0000000  0.0000000  0.0000000  0.0000000  0.0000000
 [73]  0.0000000  0.0000000  0.0000000  0.0000000  0.0000000  0.0000000  0.0000000  0.0000000
 [81]  0.0000000  0.0000000  0.0000000  0.0000000  0.0000000  0.0000000  0.0000000  0.0000000
 [89]  0.0000000  0.0000000  0.0000000  0.0000000  0.0000000  0.0000000  0.0000000  0.0000000
 [97]  0.0000000  0.0000000  0.0000000  0.0000000  0.0000000  0.0000000  0.0000000  0.0000000
[105]  0.0000000  0.0000000  0.0000000  0.0000000  0.0000000  0.0000000  0.0000000  0.0000000
[113]  0.0000000  0.0000000  0.0000000  0.0000000  0.0000000  0.0000000  0.0000000  0.0000000
[121]  0.0000000  0.0000000  0.0000000  0.0000000  0.0000000  0.0000000  0.0000000  0.0000000
[129]  0.0000000  0.0000000  0.0000000  0.0000000  0.0000000  0.0000000  0.0000000  0.0000000
[137]  0.0000000  0.0000000  0.0000000  0.0000000  0.0000000  0.0000000  0.0000000  0.0000000
[145]  0.0000000  0.0000000  0.0000000  0.0000000  0.0000000  0.0000000  0.0000000  0.0000000
[153]  0.0000000  0.0000000  0.0000000  0.0000000  0.0000000  0.0000000  0.0000000  0.0000000
[161]  0.0000000  0.0000000  0.0000000  0.0000000  0.0000000  0.0000000  0.0000000  0.0000000
[169]  0.0000000  0.0000000  0.0000000  0.0000000  0.0000000  0.0000000  0.0000000  0.0000000
[177]  0.0000000  0.0000000  0.0000000  0.0000000  0.0000000  0.0000000  0.0000000  0.0000000
[185]  0.0000000  0.0000000  0.0000000  0.0000000  0.0000000  0.0000000  0.0000000  0.0000000
[193]  0.0000000  0.0000000 -0.1115905  0.0000000  0.0000000  0.0000000  0.0000000  0.0000000
[201]  0.0000000  0.0000000  0.0000000  0.0000000  0.0000000
[1] 317.835
[1] "broken"
[1] "broken"
[1] "broken"
[1] "broken"
[1] "broken"
[1] "broken"
[1] "broken"
[1] "broken"
[1] "broken"
[1] "broken"
[1] "broken"
final values in 1th iteration
  [1]  0.155654696  6.089042112  1.833500975  0.221825315  0.000000000  0.000000000  0.000000000
  [8]  0.000000000  0.000000000  0.000000000  0.000000000  0.000000000  0.000000000  0.000000000
 [15]  0.000000000  0.000000000  0.000000000  0.000000000  0.000000000  0.000000000  0.000000000
 [22]  0.000000000  0.000000000  0.000000000  0.000000000  0.000000000  0.000000000  0.000000000
 [29]  0.000000000  0.000000000  0.000000000  0.000000000  0.000000000  0.000000000  0.000000000
 [36]  0.000000000  0.000000000  0.000000000  0.000000000  0.000000000  0.000000000  0.000000000
 [43]  0.000000000  0.000000000  0.000000000  0.000000000  0.000000000  0.000000000  0.000000000
 [50]  0.000000000  0.000000000  0.000000000  0.000000000  0.000000000  0.000000000  0.000000000
 [57]  0.000000000  0.000000000 -0.040643097  0.000000000  0.000000000  0.000000000  0.000000000
 [64]  0.000000000  0.000000000  0.000000000  0.000000000  0.000000000  0.000000000  0.000000000
 [71]  0.000000000  0.000000000  0.000000000  0.000000000  0.000000000  0.000000000  0.000000000
 [78]  0.000000000 -0.175603336  0.000000000 -0.133270699  0.000000000  0.000000000 -0.077699698
 [85]  0.000000000 -0.129087633  0.000000000  0.093074812  0.000000000  0.000000000  0.000000000
 [92]  0.000000000  0.000000000  0.000000000  0.000000000  0.000000000  0.000000000  0.000000000
 [99]  0.000000000  0.000000000  0.000000000  0.000000000  0.000000000  0.000000000  0.000000000
[106]  0.000000000  0.000000000  0.000000000  0.000000000  0.000000000  0.000000000  0.000000000
[113]  0.000000000  0.000000000  0.000000000  0.000000000  0.000000000  0.000000000  0.000000000
[120]  0.000000000  0.000000000  0.000000000  0.000000000  0.000000000  0.000000000  0.000000000
[127] -0.010852663  0.000000000  0.000000000  0.000000000  0.000000000  0.171137602  0.000000000
[134]  0.000000000  0.008114671  0.000000000  0.000000000  0.000000000  0.000000000  0.000000000
[141]  0.000000000  0.000000000  0.000000000  0.000000000  0.000000000  0.000000000  0.000000000
[148]  0.000000000  0.000000000  0.000000000  0.000000000  0.000000000  0.000000000  0.000000000
[155]  0.000000000  0.000000000  0.013431608  0.000000000  0.000000000  0.000000000  0.184777489
[162]  0.000000000  0.000000000  0.000000000  0.000000000  0.000000000  0.000000000  0.000000000
[169]  0.000000000  0.000000000  0.000000000 -0.117766400  0.000000000  0.000000000  0.000000000
[176]  0.000000000  0.000000000  0.000000000  0.000000000  0.000000000  0.000000000  0.000000000
[183]  0.000000000  0.000000000  0.000000000  0.000000000  0.000000000  0.000000000  0.000000000
[190]  0.000000000  0.000000000  0.000000000  0.000000000  0.000000000  0.000000000  0.000000000
[197]  0.000000000  0.000000000  0.000000000  0.000000000  0.000000000  0.000000000  0.000000000
[204]  0.000000000  0.000000000
[1] 7.674987
[1] 2354.094
[1] 1220.377
[1] 643.0828
[1] 372.5991
[1] 208.6814
[1] 152.4263
[1] 94.34299
[1] 101.5462
[1] 67.81009
[1] 94.15385
[1] 114.8712
[1] 91.28788
[1] 110.7581
[1] 89.18383
[1] 95.46229
[1] 89.72214
[1] 99.7658
[1] 89.85456
[1] 105.3344
[1] 90.07356
[1] 100.0602
[1] 88.44766
[1] 97.2167
[1] 89.99514
[1] 95.85515
[1] 91.04208
[1] 93.6756
[1] 88.74379
[1] 98.25812
[1] 87.59014
[1] 71.64677
[1] 57.90662
[1] 51.34532
[1] 43.23197
[1] 36.69871
[1] 34.72209
[1] 40.36683
[1] 28.58657
[1] 23.38907
[1] 17.52419
[1] 15.03247
[1] "broken"
[1] 2326.729
[1] 1166.755
[1] 641.2086
[1] 369.3544
[1] 205.8148
[1] 144.3875
[1] 112.9932
[1] 69.72248
[1] 54.78695
[1] 44.56489
[1] 58.52455
[1] 48.02383
[1] "broken"
[1] 105.8585
[1] 60.27548
[1] 59.03013
[1] 46.8448
[1] 40.53143
[1] 57.03838
[1] 46.55656
[1] 36.87684
[1] 32.56092
[1] 25.03606
[1] 27.39985
[1] 18.74872
[1] 24.62646
[1] 21.42879
[1] 20.8843
[1] 26.96057
[1] 22.03852
[1] 15.10104
[1] 17.54586
[1] 11.75431
[1] 10.54315
[1] 8.642296
[1] 11.99971
[1] 8.44006
[1] 11.39357
[1] 8.912613
[1] 14.82452
[1] 11.19224
[1] 12.35364
[1] 16.47772
[1] 19.10138
[1] 15.13565
[1] 10.74072
[1] 8.908203
[1] 7.354969
[1] 13.35428
[1] 15.6089
[1] 14.84668
[1] 10.82141
[1] 8.811506
[1] 7.614698
[1] 6.091223
[1] 5.258579
[1] 4.172079
[1] 3.531444
[1] 2.944594
[1] 2.399447
[1] 2.449824
[1] 3.683246
[1] 4.106841
[1] 10.34389
[1] 8.166107
[1] 5.886155
[1] 4.238115
[1] 3.905012
[1] 2.780393
[1] 1.971883
[1] "broken"
[1] 158.2492
[1] 90.662
[1] 89.12083
[1] 85.78203
[1] 142.8082
[1] 153.2872
[1] 118.9635
[1] 93.04349
[1] 93.81399
[1] 73.07112
[1] 52.4725
[1] 55.54862
[1] 41.49452
[1] 46.43156
[1] "broken"
[1] 43975.64
[1] 21989.37
[1] 11003.92
[1] 5553.466
[1] 3046.344
[1] 1911.831
[1] 1413.13
[1] "broken"
[1] 824.6531
[1] 541.389
[1] 380.5993
[1] 306.6871
[1] "broken"
[1] 255.429
[1] 259.5859
[1] 250.7919
[1] 180.5713
[1] 114.3499
[1] 187.5251
[1] 204.0599
[1] 170.8032
[1] "broken"
[1] 433.2132
[1] 275.881
[1] 191.9171
[1] 136.8312
[1] 118.1498
[1] 115.6005
[1] 85.19751
[1] 89.80274
[1] 58.63273
[1] 49.04384
[1] 35.56886
[1] 27.83344
[1] 21.2443
[1] 16.85028
[1] 14.22561
[1] 12.9213
[1] 10.46569
[1] 9.333412
[1] 8.066291
[1] 7.674987
final values in 1th iteration
  [1]  0.155654696  6.089042112  1.833500975  0.221825315  0.000000000  0.000000000  0.000000000
  [8]  0.000000000  0.000000000  0.000000000  0.000000000  0.000000000  0.000000000  0.000000000
 [15]  0.000000000  0.000000000  0.000000000  0.000000000  0.000000000  0.000000000  0.000000000
 [22]  0.000000000  0.000000000  0.000000000  0.000000000  0.000000000  0.000000000  0.000000000
 [29]  0.000000000  0.000000000  0.000000000  0.000000000  0.000000000  0.000000000  0.000000000
 [36]  0.000000000  0.000000000  0.000000000  0.000000000  0.000000000  0.000000000  0.000000000
 [43]  0.000000000  0.000000000  0.000000000  0.000000000  0.000000000  0.000000000  0.000000000
 [50]  0.000000000  0.000000000  0.000000000  0.000000000  0.000000000  0.000000000  0.000000000
 [57]  0.000000000  0.000000000 -0.040643097  0.000000000  0.000000000  0.000000000  0.000000000
 [64]  0.000000000  0.000000000  0.000000000  0.000000000  0.000000000  0.000000000  0.000000000
 [71]  0.000000000  0.000000000  0.000000000  0.000000000  0.000000000  0.000000000  0.000000000
 [78]  0.000000000 -0.175603336  0.000000000 -0.133270699  0.000000000  0.000000000 -0.077699698
 [85]  0.000000000 -0.129087633  0.000000000  0.093074812  0.000000000  0.000000000  0.000000000
 [92]  0.000000000  0.000000000  0.000000000  0.000000000  0.000000000  0.000000000  0.000000000
 [99]  0.000000000  0.000000000  0.000000000  0.000000000  0.000000000  0.000000000  0.000000000
[106]  0.000000000  0.000000000  0.000000000  0.000000000  0.000000000  0.000000000  0.000000000
[113]  0.000000000  0.000000000  0.000000000  0.000000000  0.000000000  0.000000000  0.000000000
[120]  0.000000000  0.000000000  0.000000000  0.000000000  0.000000000  0.000000000  0.000000000
[127] -0.010852663  0.000000000  0.000000000  0.000000000  0.000000000  0.171137602  0.000000000
[134]  0.000000000  0.008114671  0.000000000  0.000000000  0.000000000  0.000000000  0.000000000
[141]  0.000000000  0.000000000  0.000000000  0.000000000  0.000000000  0.000000000  0.000000000
[148]  0.000000000  0.000000000  0.000000000  0.000000000  0.000000000  0.000000000  0.000000000
[155]  0.000000000  0.000000000  0.013431608  0.000000000  0.000000000  0.000000000  0.184777489
[162]  0.000000000  0.000000000  0.000000000  0.000000000  0.000000000  0.000000000  0.000000000
[169]  0.000000000  0.000000000  0.000000000 -0.117766400  0.000000000  0.000000000  0.000000000
[176]  0.000000000  0.000000000  0.000000000  0.000000000  0.000000000  0.000000000  0.000000000
[183]  0.000000000  0.000000000  0.000000000  0.000000000  0.000000000  0.000000000  0.000000000
[190]  0.000000000  0.000000000  0.000000000  0.000000000  0.000000000  0.000000000  0.000000000
[197]  0.000000000  0.000000000  0.000000000  0.000000000  0.000000000  0.000000000  0.000000000
[204]  0.000000000  0.000000000
[1] 7.674987
[1] 11231.14
[1] 5802.62
[1] 3012.943
[1] 5545.755
[1] 3058.983
[1] 1954.176
[1] 1480.86
[1] 1865.226
[1] 1264.243
[1] 1777.239
[1] 1201.407
[1] 1918.371
[1] 1024.751
[1] 1034.582
[1] 646.7036
[1] 355.491
[1] 226.3992
[1] 181.2572
[1] 122.5416
[1] 224.2925
[1] 140.8341
[1] 99.19912
[1] 188.4857
[1] 137.9751
[1] 214.0284
[1] 135.4527
[1] 144.9545
[1] 132.8004
[1] 89.74802
[1] 113.6147
[1] 119.9495
[1] 82.73241
[1] 121.9898
[1] 79.00424
[1] 131.5776
[1] 973.3187
[1] 532.4923
[1] 296.9492
[1] 233.8461
[1] 321.3961
[1] 228.9259
[1] 193.8878
[1] 150.8406
[1] 123.0333
[1] 87.21615
[1] 84.83034
[1] 63.34773
             [,1]         [,2]        [,3]        [,4]         [,5]       [,6]         [,7]
 [1,] -1.25290762  0.796211761 -1.24073335  0.90037420  0.818803679  0.2724438  1.787347405
 [2,]  0.36728665 -1.224052787  0.08423175 -0.03711967  3.377746572  0.8143352 -2.094596298
 [3,] -1.67125722  0.682239383 -1.82184330 -0.63613675  3.173176867 -0.1393096  3.942674772
 [4,]  3.19056160 -2.258726192  0.31605754 -1.85872429 -0.661815601 -0.4953287 -0.767264213
             [,8]        [,9]        [,10]       [,11]       [,12]       [,13]        [,14]      [,15]
 [1,]  2.94776236  2.14888192  1.923393267  0.15460625  0.99392190 -0.68213396  0.121842455 -1.4151365
 [2,]  1.35453698  3.79130955 -1.208851468 -0.59373728 -0.44974943  3.00484907 -1.646983258  3.9431440
 [3,]  0.75992537 -1.20599461 -1.505754559 -2.36648448 -2.23428633  1.05661542  3.659460970 -0.1799974
 [4,] -0.38559685 -0.78173564 -3.111223185  0.02258538 -0.78998921  1.08438271 -2.859832432 -0.0280345
            [,16]       [,17]      [,18]       [,19]       [,20]       [,21]       [,22]       [,23]
 [1,] -2.90938274 -2.17381763  0.9008490 -3.08280513  2.38738333  2.26993018  0.08399751  0.48379181
 [2,] -1.69130863 -3.65216603  1.3191017  0.38864214 -0.23279094  2.22386369  0.44684462 -2.26551882
 [3,] -2.50095932  1.99056361 -2.0628415  0.52884510  1.04971711 -1.74155527 -2.02093017  2.97981483
 [4,]  1.33457614 -0.02372356 -4.7420458 -2.23747034  0.42884296  0.42146317  4.80244420 -0.49649421
            [,24]      [,25]       [,26]        [,27]      [,28]       [,29]      [,30]       [,31]
 [1,] -3.74841064 -3.1140715  0.13053283  0.682496798 -3.2086244  3.09376267 -1.3170901  1.70008694
 [2,] -0.28580942  3.8463273  2.07065284  2.632334326  1.5827013  0.35784194  0.1266916 -1.85062599
 [3,]  1.54380802 -3.7136593  4.52043158 -1.919552967  0.1363131 -0.56509318  0.1089537  1.78716243
 [4,] -2.31823586 -4.2122369  2.62939255 -2.411150423  1.2287920 -1.53459756  0.4940186 -1.88201948
            [,32]       [,33]       [,34]       [,35]       [,36]       [,37]      [,38]       [,39]
 [1,] -0.68131812  0.68838805 -0.07163089  3.24240577  0.50627562  1.42817109 -0.7494246 -1.14198857
 [2,]  0.09920312  0.02543967 -0.98088541 -0.65820560  0.02299597  1.16276926  5.6803703  0.57307803
 [3,]  2.59052638 -1.74690027 -0.44113322 -4.65281905 -3.95156792 -0.29344780  1.4647869  2.29523971
 [4,]  0.62924841  0.68560057 -2.20241872  4.38599600 -0.85265345  3.01396355  1.6810379  0.27911740
            [,40]      [,41]       [,42]       [,43]       [,44]       [,45]       [,46]       [,47]
 [1,] -1.27738771 -1.7722992  3.24706448 -2.68210190 -0.79926302  1.83387607  2.42000790 -0.62337832
 [2,] -0.47736264 -3.8445098 -3.18031742 -0.09141445  2.57340273  1.61854615 -1.50596130  0.41149812
 [3,] -3.28580524  3.2394015 -1.21998243  4.37598223 -0.32729820 -1.42324456 -1.29853449 -1.30797385
 [4,] -0.44514914  1.0385398 -0.62656227  2.84419159  2.17045967 -5.37917036 -0.50848891 -2.30651541
            [,48]       [,49]      [,50]        [,51]       [,52]       [,53]       [,54]       [,55]
 [1,]  2.43408883 -0.74865785 -1.8641715 -3.610967111  1.31482904  1.88067360  3.95257588 -0.81067837
 [2,]  3.44079460  1.99070766  2.7472144 -1.356081363 -0.46621591  1.57571038 -0.07220359  3.88134302
 [3,] -0.62555485  0.20428702 -0.9221057 -0.946716102  1.49135735  0.17388388  0.14233653  0.96993052
 [4,] -0.20436941  2.96588746  2.6313922  2.054834157  1.08215581  0.06560194  2.46709244 -0.40419453
            [,56]        [,57]       [,58]       [,59]       [,60]       [,61]         [,62]
 [1,]  0.81943315 -4.208120334  1.06356537  1.56208240  0.04898139  1.47822984 -2.072152e+00
 [2,]  1.05950869 -0.168878943  1.54143722 -0.09301862  0.13570745  0.77321746  4.735573e+00
 [3,] -0.72625492  1.512658838  1.98625133  0.19153186 -5.14483304  2.59279434  1.122308e+00
 [4,]  1.36349879 -3.161432104  2.08702019 -2.67051573  2.44059510 -1.60711672 -8.918801e-01
             [,63]       [,64]       [,65]       [,66]      [,67]      [,68]       [,69]       [,70]
 [1,]  0.631409477 -2.13220408 -0.22630881  1.28293704 -0.8912087  1.2682561 -2.09637132 -1.52217912
 [2,]  0.327782784  0.33231306  1.71295967  3.31043794 -1.3527879 -2.4200719 -0.85109762 -0.77525262
 [3,]  1.915316713 -0.97732849 -0.37116820 -1.71927095  0.8232112 -0.1858448 -0.46974626 -4.70160601
 [4,] -0.262192646 -1.60788831  2.85610370  1.23476799 -1.1737028 -2.9568182  2.38057818 -1.53059971
            [,71]       [,72]        [,73]       [,74]      [,75]      [,76]       [,77]       [,78]
 [1,]  1.04119936 -1.17514604  3.458145625  5.26568799  1.7363300 -6.1424861 -1.45619727  0.98215851
 [2,]  0.75512384 -3.67833623 -1.629984555  0.16574643 -2.9687402 -2.6289322 -0.49340071 -2.65174410
 [3,] -1.24731762  0.99565228 -3.380465968 -1.98749317 -0.8017986  1.3541123 -1.22723136  2.21911466
 [4,] -1.14522105  1.01296330  2.981888926  0.68721838 -1.2786954  3.1982342  0.20789570 -0.71821829
            [,79]       [,80]       [,81]       [,82]       [,83]       [,84]       [,85]      [,86]
 [1,]  0.52379467  2.89627231 -2.26926036  0.27062523  0.81662584 -3.00143766 -2.95966853  1.0073401
 [2,]  0.21539813  0.74640582  1.52911420 -0.91520646  0.85211702  3.94665664  2.05669314 -2.8386611
 [3,]  1.66184320 -0.79010178  1.14142028 -0.09684233 -2.20233166  1.18565563 -4.44210217  3.7121282
 [4,]  1.72254895 -0.95505880 -2.70338786 -0.38458792 -0.66469938 -1.79559186 -3.27711526  4.4022694
            [,87]       [,88]       [,89]       [,90]      [,91]        [,92]       [,93]       [,94]
 [1,] -0.81549531  2.62652840 -1.67936696  2.39555743  3.1159075 -1.559075159 -1.25104918  0.09057672
 [2,]  1.99513324  0.02536485  0.89226056 -3.38453242 -1.4585940  1.809040029 -2.85110509  0.95687259
 [3,] -1.93853548 -2.24842319 -0.73083340 -0.46941868 -3.0079018 -1.299227174  0.24689535  1.04988614
 [4,]  1.51725020  1.71325606  1.07835970 -0.62596207 -1.1335740  2.794652356 -1.15270620  3.97270433
            [,95]       [,96]      [,97]       [,98]       [,99]       [,100]      [,101]      [,102]
 [1,] -0.08958499  3.72216999 -2.2846208 -2.08475296 -4.23976874 -3.025625034 -3.03274662 -1.24834352
 [2,]  1.13484271 -1.20432051  2.3509213 -0.11282649 -1.32312688  0.508820518  1.25828238 -1.59612911
 [3,]  1.39080346 -1.68340547 -0.9482913 -2.00850994  0.63602419  3.134794285 -3.35638807 -2.53037006
 [4,]  2.48070036  4.73148611  3.2886170 -2.73126302 -0.19675684 -2.682557901  2.35956230 -0.28088039
           [,103]      [,104]      [,105]      [,106]      [,107]      [,108]      [,109]     [,110]
 [1,]  1.76616667 -2.67070395  0.91558849 -2.80516743 -2.88729031  2.50586992  0.69855806  0.1173688
 [2,]  2.75742556  2.09594306  3.29263237  0.85222091  1.36347361 -1.03340048  1.90628903  1.6633803
 [3,]  2.68464731 -1.19909637  2.62340773  0.44975770  0.09847986  0.37399047 -4.45582846 -0.5931086
 [4,] -1.51308432 -3.22162601  0.35169457 -1.34914015  0.15933353 -1.64227548 -1.55252871  3.8562366
           [,111]      [,112]      [,113]      [,114]      [,115]      [,116]       [,117]      [,118]
 [1,] -2.27573969 -1.49641064  1.38639686 -0.89830674 -0.66456601  1.73818757 -0.264910937  3.68370554
 [2,] -1.90362097 -2.28992456 -0.39293082  0.21702376 -1.51279378  0.71489005 -0.611478056  0.64905007
 [3,]  3.23851897 -2.26535665  0.85547727  0.15577756  0.05402394  2.06818338  0.954614505  2.56556960
 [4,]  0.33562717  1.24699391  1.11683874  3.05730377 -0.42395740 -0.85734824  0.579926006 -1.91947743
           [,119]      [,120]      [,121]      [,122]      [,123]      [,124]      [,125]      [,126]
 [1,] -0.02677993 -3.07505900 -1.23765416 -1.39687088  2.33733128 -2.41849665 -2.45142430 -0.58978256
 [2,]  1.79595252 -0.94378422 -2.21884391  1.76693335  4.04351015 -0.84372993  0.28668258  4.42319102
 [3,] -1.71430049 -0.08550762 -4.34067046  1.61300794 -0.53147710  0.17351470 -1.05946254  2.94541133
 [4,] -6.46522085  1.07999080 -0.06260614  0.69652351 -0.15874583 -2.03245462  0.67527874 -0.81312705
          [,127]      [,128]      [,129]      [,130]       [,131]      [,132]      [,133]       [,134]
 [1,]  0.1231743  2.81843453  0.86123499  0.56385937  1.774377542  3.44003839 -0.58072159 -0.582059141
 [2,]  1.1347614 -2.25736954 -0.40624718  1.45039763 -0.755256081 -1.39841907  1.89317257  2.826768399
 [3,]  1.0648774  1.71596898  1.84803013  2.24702872  0.228161634 -1.43303368 -1.93594254 -0.503653702
 [4,] -1.8828133  3.25110874 -2.73980891  0.68081678 -3.448478704  1.41084191 -2.57246158  3.337963679
           [,135]      [,136]     [,137]      [,138]      [,139]       [,140]     [,141]      [,142]
 [1,]  1.73355725  0.26578168  0.3001349 -4.38690532  1.63422925 -5.147506748 -2.6508354  3.20912592
 [2,]  0.50050751 -0.50782179  1.2001528  4.76641732  0.36361327 -2.818866150  1.9039594 -1.58466612
 [3,] -1.42340132  1.58526831 -1.8567018  0.13674604  2.50647680  3.214063387  1.7200088  2.65299214
 [4,]  1.17044461  1.54330959 -0.6080133 -0.35710065  1.21397428  1.083638367  2.1215806  2.56863626
           [,143]      [,144]      [,145]      [,146]      [,147]      [,148]      [,149]      [,150]
 [1,] -0.41682745 -1.04877373  0.14979595 -0.59426827  2.47016794 -0.68287588  1.38354159  0.06816278
 [2,] -4.03104135  2.32283619  0.90039552 -0.16148185  3.40051612  3.53061744 -2.90969693  1.02086563
 [3,] -2.06976840  0.24047093 -0.32112832  1.11951520 -0.89689561 -3.76563053  0.24770170 -0.54437208
 [4,] -0.40613455  1.08251967  1.69338623  0.99703911 -0.85280629 -1.11423017 -3.23144588 -1.06915085
           [,151]       [,152]      [,153]      [,154]      [,155]      [,156]      [,157]
 [1,] -1.58960684  0.391006404  2.39244649  1.82937740 -1.81357028 -1.73130051  1.12302656
 [2,]  1.21216920 -2.587073206 -0.07101242 -1.74078910 -1.72017949 -1.74473836 -0.75224729
 [3,] -2.12493487  0.748579093  1.61778791 -3.08635757  3.05862019  1.34888614 -1.47332127
 [4,]  2.03840102  1.266547876 -1.73408032  0.09456465 -0.65825901  1.07577102  0.10883893
             [,158]        [,159]      [,160]      [,161]      [,162]      [,163]      [,164]
 [1,]  0.2021758178 -2.4548423644  0.98838257  0.52740680  1.91044971 -0.94237220 -1.71796685
 [2,]  1.8863220894  0.7159099246 -2.90243228 -1.65890369 -1.72223358 -0.29856608  2.46780934
 [3,]  0.1908444144  2.7361067255  0.57518158 -2.92326955  5.18759387  1.02184849  0.06360305
 [4,] -0.0290500003  3.1159521760 -1.65931979  3.36798036  0.92947034  1.28401486 -2.77133840
           [,165]      [,166]      [,167]      [,168]      [,169]      [,170]      [,171]      [,172]
 [1,]  0.52142179 -3.41442003 -1.18596215 -0.97635083  3.35110785 -1.83574121  1.98020208  0.84353117
 [2,] -1.99706426 -2.18651010 -4.49636989 -1.69301908 -0.46175774 -2.99489263 -0.13287085  0.26229387
 [3,]  6.75382358  0.52066305  1.07604520 -0.39832964 -0.03037471 -0.12261982  0.51594758  3.35954702
 [4,]  0.79916314  2.21087816 -3.22824959 -2.17336894  0.57536230 -0.44338693 -1.24290697  1.20322856
           [,173]      [,174]      [,175]      [,176]      [,177]       [,178]       [,179]
 [1,] -2.69394590  0.64271711  0.20049659  0.75481064  1.92734784 -0.004717322 -2.245154527
 [2,]  1.04500782 -0.31329307  0.66938189  0.91310889 -3.05231530  0.927524405  0.240797000
 [3,]  2.00783924 -0.61122506  0.55788911 -1.40562802  2.44275741 -0.678235195 -0.510248804
 [4,]  1.51777788 -3.60483759  1.00807887  1.47477329 -0.63936067  4.273244252 -1.872935515
           [,180]     [,181]      [,182]      [,183]      [,184]      [,185]      [,186]     [,187]
 [1,]  3.35218909 -2.4342402 -0.82721342  2.30788849 -3.06140140 -1.45024181  0.25770887 -1.1678478
 [2,] -1.40763348 -1.8924585 -0.93338021  2.62689479  2.05013919 -0.11028771 -2.44632836  0.9817028
 [3,] -0.79140114  0.1828196  0.56923537 -3.13693503  0.45499188  5.91627390 -0.18473566 -1.2092530
 [4,] -0.45312115  1.4027025  0.53686460  0.17361941  1.19079244 -0.77760896 -1.04238727 -0.7136909
            [,188]      [,189]      [,190]     [,191]      [,192]      [,193]      [,194]      [,195]
 [1,]  0.301325384  2.21634301 -0.27936940  2.5960756  0.93159793  2.19517564 -2.06793815  1.45860440
 [2,] -0.003224436  0.41540884 -2.61440351 -2.8553520  0.78228335 -1.79915513  1.51177031 -2.16476373
 [3,] -0.914187927 -1.54874696  0.38774747  0.4855744 -2.73626897 -2.28594048 -0.48887263 -0.53571848
 [4,] -0.061441318 -0.16944026  0.66921379 -0.4214012  2.44506572  1.53367612 -3.89718489 -0.99362531
          [,196]      [,197]      [,198]      [,199]      [,200]     [,201]      [,202]     [,203]
 [1,]  2.8173145 -2.01937075 -0.59243788  1.23670859  0.75049462 -1.6086632  1.12217546 -1.0090226
 [2,] -1.9939679 -2.36754864 -1.38554845  1.15960459 -1.10403006 -2.1130513  0.89434493  2.5899718
 [3,] -1.0948730 -2.37522513  3.87711312 -1.33177742 -1.88809929 -2.0707916 -0.53508776  0.3051703
 [4,]  2.2307124  2.14653603  4.27792021  2.46145119  1.18836162 -2.3711207 -0.62776804 -0.6231487
           [,204]      [,205]
 [1,] -3.78852563 -0.51473485
 [2,] -1.01958460 -1.25197409
 [3,] -1.55525945 -0.61030568
 [4,]  1.47291799 -0.33497373
 [ reached getOption("max.print") -- omitted 46 rows ]
[1] 2354.094
[1] 1220.377
[1] 643.0828
[1] 372.5991
[1] 208.6814
[1] 152.4263
[1] 94.34299
[1] 101.5462
[1] 67.81009
[1] 94.15385
[1] 114.8712
[1] 91.28788
[1] 110.7581
[1] 89.18383
[1] 95.46229
[1] 89.72214
[1] 99.7658
[1] 89.85456
[1] 105.3344
[1] 90.07356
[1] 100.0602
[1] 88.44766
[1] 97.2167
[1] 89.99514
[1] 95.85515
[1] 91.04208
[1] 93.6756
[1] 88.74379
[1] 98.25812
[1] 87.59014
[1] 71.64677
[1] 57.90662
[1] 51.34532
[1] 43.23197
[1] 36.69871
[1] 34.72209
[1] 40.36683
[1] 28.58657
[1] 23.38907
[1] 17.52419
[1] 15.03247
[1] "broken"
[1] 2326.729
[1] 1166.755
[1] 641.2086
[1] 369.3544
[1] 205.8148
[1] 144.3875
[1] 112.9932
[1] 69.72248
[1] 54.78695
[1] 44.56489
[1] 58.52455
[1] 48.02383
[1] "broken"
[1] 105.8585
[1] 60.27548
[1] 59.03013
[1] 46.8448
[1] 40.53143
[1] 57.03838
[1] 46.55656
[1] 36.87684
[1] 32.56092
[1] 25.03606
[1] 27.39985
[1] 18.74872
[1] 24.62646
[1] 21.42879
[1] 20.8843
[1] 26.96057
[1] 22.03852
[1] 15.10104
[1] 17.54586
[1] 11.75431
[1] 10.54315
[1] 8.642296
[1] 11.99971
[1] 8.44006
[1] 11.39357
[1] 8.912613
[1] 14.82452
[1] 11.19224
[1] 12.35364
[1] 16.47772
[1] 19.10138
[1] 15.13565
[1] 10.74072
[1] 8.908203
[1] 7.354969
[1] 13.35428
[1] 15.6089
[1] 14.84668
[1] 10.82141
[1] 8.811506
[1] 7.614698
[1] 6.091223
[1] 5.258579
[1] 4.172079
[1] 3.531444
[1] 2.944594
[1] 2.399447
[1] 2.449824
[1] 3.683246
[1] 4.106841
[1] 10.34389
[1] 8.166107
[1] 5.886155
[1] 4.238115
[1] 3.905012
[1] 2.780393
[1] 1.971883
[1] "broken"
[1] 158.2492
[1] 90.662
[1] 89.12083
[1] 85.78203
[1] 142.8082
[1] 153.2872
[1] 118.9635
[1] 93.04349
             [,1]         [,2]        [,3]        [,4]         [,5]       [,6]         [,7]
 [1,] -1.25290762  0.796211761 -1.24073335  0.90037420  0.818803679  0.2724438  1.787347405
 [2,]  0.36728665 -1.224052787  0.08423175 -0.03711967  3.377746572  0.8143352 -2.094596298
 [3,] -1.67125722  0.682239383 -1.82184330 -0.63613675  3.173176867 -0.1393096  3.942674772
 [4,]  3.19056160 -2.258726192  0.31605754 -1.85872429 -0.661815601 -0.4953287 -0.767264213
             [,8]        [,9]        [,10]       [,11]       [,12]       [,13]        [,14]      [,15]
 [1,]  2.94776236  2.14888192  1.923393267  0.15460625  0.99392190 -0.68213396  0.121842455 -1.4151365
 [2,]  1.35453698  3.79130955 -1.208851468 -0.59373728 -0.44974943  3.00484907 -1.646983258  3.9431440
 [3,]  0.75992537 -1.20599461 -1.505754559 -2.36648448 -2.23428633  1.05661542  3.659460970 -0.1799974
 [4,] -0.38559685 -0.78173564 -3.111223185  0.02258538 -0.78998921  1.08438271 -2.859832432 -0.0280345
            [,16]       [,17]      [,18]       [,19]       [,20]       [,21]       [,22]       [,23]
 [1,] -2.90938274 -2.17381763  0.9008490 -3.08280513  2.38738333  2.26993018  0.08399751  0.48379181
 [2,] -1.69130863 -3.65216603  1.3191017  0.38864214 -0.23279094  2.22386369  0.44684462 -2.26551882
 [3,] -2.50095932  1.99056361 -2.0628415  0.52884510  1.04971711 -1.74155527 -2.02093017  2.97981483
 [4,]  1.33457614 -0.02372356 -4.7420458 -2.23747034  0.42884296  0.42146317  4.80244420 -0.49649421
            [,24]      [,25]       [,26]        [,27]      [,28]       [,29]      [,30]       [,31]
 [1,] -3.74841064 -3.1140715  0.13053283  0.682496798 -3.2086244  3.09376267 -1.3170901  1.70008694
 [2,] -0.28580942  3.8463273  2.07065284  2.632334326  1.5827013  0.35784194  0.1266916 -1.85062599
 [3,]  1.54380802 -3.7136593  4.52043158 -1.919552967  0.1363131 -0.56509318  0.1089537  1.78716243
 [4,] -2.31823586 -4.2122369  2.62939255 -2.411150423  1.2287920 -1.53459756  0.4940186 -1.88201948
            [,32]       [,33]       [,34]       [,35]       [,36]       [,37]      [,38]       [,39]
 [1,] -0.68131812  0.68838805 -0.07163089  3.24240577  0.50627562  1.42817109 -0.7494246 -1.14198857
 [2,]  0.09920312  0.02543967 -0.98088541 -0.65820560  0.02299597  1.16276926  5.6803703  0.57307803
 [3,]  2.59052638 -1.74690027 -0.44113322 -4.65281905 -3.95156792 -0.29344780  1.4647869  2.29523971
 [4,]  0.62924841  0.68560057 -2.20241872  4.38599600 -0.85265345  3.01396355  1.6810379  0.27911740
            [,40]      [,41]       [,42]       [,43]       [,44]       [,45]       [,46]       [,47]
 [1,] -1.27738771 -1.7722992  3.24706448 -2.68210190 -0.79926302  1.83387607  2.42000790 -0.62337832
 [2,] -0.47736264 -3.8445098 -3.18031742 -0.09141445  2.57340273  1.61854615 -1.50596130  0.41149812
 [3,] -3.28580524  3.2394015 -1.21998243  4.37598223 -0.32729820 -1.42324456 -1.29853449 -1.30797385
 [4,] -0.44514914  1.0385398 -0.62656227  2.84419159  2.17045967 -5.37917036 -0.50848891 -2.30651541
            [,48]       [,49]      [,50]        [,51]       [,52]       [,53]       [,54]       [,55]
 [1,]  2.43408883 -0.74865785 -1.8641715 -3.610967111  1.31482904  1.88067360  3.95257588 -0.81067837
 [2,]  3.44079460  1.99070766  2.7472144 -1.356081363 -0.46621591  1.57571038 -0.07220359  3.88134302
 [3,] -0.62555485  0.20428702 -0.9221057 -0.946716102  1.49135735  0.17388388  0.14233653  0.96993052
 [4,] -0.20436941  2.96588746  2.6313922  2.054834157  1.08215581  0.06560194  2.46709244 -0.40419453
            [,56]        [,57]       [,58]       [,59]       [,60]       [,61]         [,62]
 [1,]  0.81943315 -4.208120334  1.06356537  1.56208240  0.04898139  1.47822984 -2.072152e+00
 [2,]  1.05950869 -0.168878943  1.54143722 -0.09301862  0.13570745  0.77321746  4.735573e+00
 [3,] -0.72625492  1.512658838  1.98625133  0.19153186 -5.14483304  2.59279434  1.122308e+00
 [4,]  1.36349879 -3.161432104  2.08702019 -2.67051573  2.44059510 -1.60711672 -8.918801e-01
             [,63]       [,64]       [,65]       [,66]      [,67]      [,68]       [,69]       [,70]
 [1,]  0.631409477 -2.13220408 -0.22630881  1.28293704 -0.8912087  1.2682561 -2.09637132 -1.52217912
 [2,]  0.327782784  0.33231306  1.71295967  3.31043794 -1.3527879 -2.4200719 -0.85109762 -0.77525262
 [3,]  1.915316713 -0.97732849 -0.37116820 -1.71927095  0.8232112 -0.1858448 -0.46974626 -4.70160601
 [4,] -0.262192646 -1.60788831  2.85610370  1.23476799 -1.1737028 -2.9568182  2.38057818 -1.53059971
            [,71]       [,72]        [,73]       [,74]      [,75]      [,76]       [,77]       [,78]
 [1,]  1.04119936 -1.17514604  3.458145625  5.26568799  1.7363300 -6.1424861 -1.45619727  0.98215851
 [2,]  0.75512384 -3.67833623 -1.629984555  0.16574643 -2.9687402 -2.6289322 -0.49340071 -2.65174410
 [3,] -1.24731762  0.99565228 -3.380465968 -1.98749317 -0.8017986  1.3541123 -1.22723136  2.21911466
 [4,] -1.14522105  1.01296330  2.981888926  0.68721838 -1.2786954  3.1982342  0.20789570 -0.71821829
            [,79]       [,80]       [,81]       [,82]       [,83]       [,84]       [,85]      [,86]
 [1,]  0.52379467  2.89627231 -2.26926036  0.27062523  0.81662584 -3.00143766 -2.95966853  1.0073401
 [2,]  0.21539813  0.74640582  1.52911420 -0.91520646  0.85211702  3.94665664  2.05669314 -2.8386611
 [3,]  1.66184320 -0.79010178  1.14142028 -0.09684233 -2.20233166  1.18565563 -4.44210217  3.7121282
 [4,]  1.72254895 -0.95505880 -2.70338786 -0.38458792 -0.66469938 -1.79559186 -3.27711526  4.4022694
            [,87]       [,88]       [,89]       [,90]      [,91]        [,92]       [,93]       [,94]
 [1,] -0.81549531  2.62652840 -1.67936696  2.39555743  3.1159075 -1.559075159 -1.25104918  0.09057672
 [2,]  1.99513324  0.02536485  0.89226056 -3.38453242 -1.4585940  1.809040029 -2.85110509  0.95687259
 [3,] -1.93853548 -2.24842319 -0.73083340 -0.46941868 -3.0079018 -1.299227174  0.24689535  1.04988614
 [4,]  1.51725020  1.71325606  1.07835970 -0.62596207 -1.1335740  2.794652356 -1.15270620  3.97270433
            [,95]       [,96]      [,97]       [,98]       [,99]       [,100]      [,101]      [,102]
 [1,] -0.08958499  3.72216999 -2.2846208 -2.08475296 -4.23976874 -3.025625034 -3.03274662 -1.24834352
 [2,]  1.13484271 -1.20432051  2.3509213 -0.11282649 -1.32312688  0.508820518  1.25828238 -1.59612911
 [3,]  1.39080346 -1.68340547 -0.9482913 -2.00850994  0.63602419  3.134794285 -3.35638807 -2.53037006
 [4,]  2.48070036  4.73148611  3.2886170 -2.73126302 -0.19675684 -2.682557901  2.35956230 -0.28088039
           [,103]      [,104]      [,105]      [,106]      [,107]      [,108]      [,109]     [,110]
 [1,]  1.76616667 -2.67070395  0.91558849 -2.80516743 -2.88729031  2.50586992  0.69855806  0.1173688
 [2,]  2.75742556  2.09594306  3.29263237  0.85222091  1.36347361 -1.03340048  1.90628903  1.6633803
 [3,]  2.68464731 -1.19909637  2.62340773  0.44975770  0.09847986  0.37399047 -4.45582846 -0.5931086
 [4,] -1.51308432 -3.22162601  0.35169457 -1.34914015  0.15933353 -1.64227548 -1.55252871  3.8562366
           [,111]      [,112]      [,113]      [,114]      [,115]      [,116]       [,117]      [,118]
 [1,] -2.27573969 -1.49641064  1.38639686 -0.89830674 -0.66456601  1.73818757 -0.264910937  3.68370554
 [2,] -1.90362097 -2.28992456 -0.39293082  0.21702376 -1.51279378  0.71489005 -0.611478056  0.64905007
 [3,]  3.23851897 -2.26535665  0.85547727  0.15577756  0.05402394  2.06818338  0.954614505  2.56556960
 [4,]  0.33562717  1.24699391  1.11683874  3.05730377 -0.42395740 -0.85734824  0.579926006 -1.91947743
           [,119]      [,120]      [,121]      [,122]      [,123]      [,124]      [,125]      [,126]
 [1,] -0.02677993 -3.07505900 -1.23765416 -1.39687088  2.33733128 -2.41849665 -2.45142430 -0.58978256
 [2,]  1.79595252 -0.94378422 -2.21884391  1.76693335  4.04351015 -0.84372993  0.28668258  4.42319102
 [3,] -1.71430049 -0.08550762 -4.34067046  1.61300794 -0.53147710  0.17351470 -1.05946254  2.94541133
 [4,] -6.46522085  1.07999080 -0.06260614  0.69652351 -0.15874583 -2.03245462  0.67527874 -0.81312705
          [,127]      [,128]      [,129]      [,130]       [,131]      [,132]      [,133]       [,134]
 [1,]  0.1231743  2.81843453  0.86123499  0.56385937  1.774377542  3.44003839 -0.58072159 -0.582059141
 [2,]  1.1347614 -2.25736954 -0.40624718  1.45039763 -0.755256081 -1.39841907  1.89317257  2.826768399
 [3,]  1.0648774  1.71596898  1.84803013  2.24702872  0.228161634 -1.43303368 -1.93594254 -0.503653702
 [4,] -1.8828133  3.25110874 -2.73980891  0.68081678 -3.448478704  1.41084191 -2.57246158  3.337963679
           [,135]      [,136]     [,137]      [,138]      [,139]       [,140]     [,141]      [,142]
 [1,]  1.73355725  0.26578168  0.3001349 -4.38690532  1.63422925 -5.147506748 -2.6508354  3.20912592
 [2,]  0.50050751 -0.50782179  1.2001528  4.76641732  0.36361327 -2.818866150  1.9039594 -1.58466612
 [3,] -1.42340132  1.58526831 -1.8567018  0.13674604  2.50647680  3.214063387  1.7200088  2.65299214
 [4,]  1.17044461  1.54330959 -0.6080133 -0.35710065  1.21397428  1.083638367  2.1215806  2.56863626
           [,143]      [,144]      [,145]      [,146]      [,147]      [,148]      [,149]      [,150]
 [1,] -0.41682745 -1.04877373  0.14979595 -0.59426827  2.47016794 -0.68287588  1.38354159  0.06816278
 [2,] -4.03104135  2.32283619  0.90039552 -0.16148185  3.40051612  3.53061744 -2.90969693  1.02086563
 [3,] -2.06976840  0.24047093 -0.32112832  1.11951520 -0.89689561 -3.76563053  0.24770170 -0.54437208
 [4,] -0.40613455  1.08251967  1.69338623  0.99703911 -0.85280629 -1.11423017 -3.23144588 -1.06915085
           [,151]       [,152]      [,153]      [,154]      [,155]      [,156]      [,157]
 [1,] -1.58960684  0.391006404  2.39244649  1.82937740 -1.81357028 -1.73130051  1.12302656
 [2,]  1.21216920 -2.587073206 -0.07101242 -1.74078910 -1.72017949 -1.74473836 -0.75224729
 [3,] -2.12493487  0.748579093  1.61778791 -3.08635757  3.05862019  1.34888614 -1.47332127
 [4,]  2.03840102  1.266547876 -1.73408032  0.09456465 -0.65825901  1.07577102  0.10883893
             [,158]        [,159]      [,160]      [,161]      [,162]      [,163]      [,164]
 [1,]  0.2021758178 -2.4548423644  0.98838257  0.52740680  1.91044971 -0.94237220 -1.71796685
 [2,]  1.8863220894  0.7159099246 -2.90243228 -1.65890369 -1.72223358 -0.29856608  2.46780934
 [3,]  0.1908444144  2.7361067255  0.57518158 -2.92326955  5.18759387  1.02184849  0.06360305
 [4,] -0.0290500003  3.1159521760 -1.65931979  3.36798036  0.92947034  1.28401486 -2.77133840
           [,165]      [,166]      [,167]      [,168]      [,169]      [,170]      [,171]      [,172]
 [1,]  0.52142179 -3.41442003 -1.18596215 -0.97635083  3.35110785 -1.83574121  1.98020208  0.84353117
 [2,] -1.99706426 -2.18651010 -4.49636989 -1.69301908 -0.46175774 -2.99489263 -0.13287085  0.26229387
 [3,]  6.75382358  0.52066305  1.07604520 -0.39832964 -0.03037471 -0.12261982  0.51594758  3.35954702
 [4,]  0.79916314  2.21087816 -3.22824959 -2.17336894  0.57536230 -0.44338693 -1.24290697  1.20322856
           [,173]      [,174]      [,175]      [,176]      [,177]       [,178]       [,179]
 [1,] -2.69394590  0.64271711  0.20049659  0.75481064  1.92734784 -0.004717322 -2.245154527
 [2,]  1.04500782 -0.31329307  0.66938189  0.91310889 -3.05231530  0.927524405  0.240797000
 [3,]  2.00783924 -0.61122506  0.55788911 -1.40562802  2.44275741 -0.678235195 -0.510248804
 [4,]  1.51777788 -3.60483759  1.00807887  1.47477329 -0.63936067  4.273244252 -1.872935515
           [,180]     [,181]      [,182]      [,183]      [,184]      [,185]      [,186]     [,187]
 [1,]  3.35218909 -2.4342402 -0.82721342  2.30788849 -3.06140140 -1.45024181  0.25770887 -1.1678478
 [2,] -1.40763348 -1.8924585 -0.93338021  2.62689479  2.05013919 -0.11028771 -2.44632836  0.9817028
 [3,] -0.79140114  0.1828196  0.56923537 -3.13693503  0.45499188  5.91627390 -0.18473566 -1.2092530
 [4,] -0.45312115  1.4027025  0.53686460  0.17361941  1.19079244 -0.77760896 -1.04238727 -0.7136909
            [,188]      [,189]      [,190]     [,191]      [,192]      [,193]      [,194]      [,195]
 [1,]  0.301325384  2.21634301 -0.27936940  2.5960756  0.93159793  2.19517564 -2.06793815  1.45860440
 [2,] -0.003224436  0.41540884 -2.61440351 -2.8553520  0.78228335 -1.79915513  1.51177031 -2.16476373
 [3,] -0.914187927 -1.54874696  0.38774747  0.4855744 -2.73626897 -2.28594048 -0.48887263 -0.53571848
 [4,] -0.061441318 -0.16944026  0.66921379 -0.4214012  2.44506572  1.53367612 -3.89718489 -0.99362531
          [,196]      [,197]      [,198]      [,199]      [,200]     [,201]      [,202]     [,203]
 [1,]  2.8173145 -2.01937075 -0.59243788  1.23670859  0.75049462 -1.6086632  1.12217546 -1.0090226
 [2,] -1.9939679 -2.36754864 -1.38554845  1.15960459 -1.10403006 -2.1130513  0.89434493  2.5899718
 [3,] -1.0948730 -2.37522513  3.87711312 -1.33177742 -1.88809929 -2.0707916 -0.53508776  0.3051703
 [4,]  2.2307124  2.14653603  4.27792021  2.46145119  1.18836162 -2.3711207 -0.62776804 -0.6231487
           [,204]      [,205]
 [1,] -3.78852563 -0.51473485
 [2,] -1.01958460 -1.25197409
 [3,] -1.55525945 -0.61030568
 [4,]  1.47291799 -0.33497373
 [ reached getOption("max.print") -- omitted 46 rows ]
[1] 2354.094
[1] 1220.377
[1] 643.0828
[1] 372.5991
[1] 208.6814
[1] 152.4263
[1] 94.34299
[1] 101.5462
[1] 67.81009
[1] 94.15385
[1] 114.8712
[1] 91.28788
[1] 110.7581
[1] 89.18383
[1] 95.46229
[1] 89.72214
[1] 99.7658
[1] 89.85456
[1] 105.3344
[1] 90.07356
[1] 100.0602
[1] 88.44766
[1] 97.2167
[1] 89.99514
[1] 95.85515
[1] 91.04208
[1] 93.6756
[1] 88.74379
[1] 98.25812
[1] 87.59014
[1] 71.64677
[1] 57.90662
[1] 51.34532
[1] 43.23197
[1] 36.69871
[1] 34.72209
[1] 40.36683
[1] 28.58657
[1] 23.38907
[1] 17.52419
[1] 15.03247
[1] "broken"
[1] 2326.729
[1] 1166.755
[1] 641.2086
[1] 369.3544
[1] 205.8148
[1] 144.3875
[1] 112.9932
[1] 69.72248
[1] 54.78695
[1] 44.56489
[1] 58.52455
[1] 48.02383
[1] "broken"
[1] 105.8585
[1] 60.27548
[1] 59.03013
[1] 46.8448
[1] 40.53143
[1] 57.03838
[1] 46.55656
[1] 36.87684
[1] 32.56092
[1] 25.03606
[1] 27.39985
[1] 18.74872
[1] 24.62646
[1] 21.42879
[1] 20.8843
[1] 26.96057
[1] 22.03852
[1] 15.10104
[1] 17.54586
[1] 11.75431
[1] 10.54315
[1] 8.642296
[1] 11.99971
[1] 8.44006
[1] 11.39357
[1] 8.912613
[1] 14.82452
[1] 11.19224
[1] 12.35364
[1] 16.47772
[1] 19.10138
[1] 15.13565
[1] 10.74072
[1] 8.908203
[1] 7.354969
[1] 13.35428
[1] 15.6089
[1] 14.84668
[1] 10.82141
[1] 8.811506
[1] 7.614698
[1] 6.091223
[1] 5.258579
[1] 4.172079
[1] 3.531444
[1] 2.944594
[1] 2.399447
[1] 2.449824
[1] 3.683246
[1] 4.106841
[1] 10.34389
[1] 8.166107
[1] 5.886155
[1] 4.238115
[1] 3.905012
[1] 2.780393
[1] 1.971883
[1] "broken"
[1] 158.2492
[1] 90.662
[1] 89.12083
[1] 85.78203
[1] 142.8082
[1] 153.2872
[1] 118.9635
[1] 93.04349
[1] 93.81399
[1] 73.07112
[1] 52.4725
[1] 55.54862
[1] 41.49452
[1] 46.43156
[1] "broken"
[1] 43975.64
[1] 21989.37
[1] 11003.92
[1] 5553.466
[1] 3046.344
[1] 1911.831
[1] 1413.13
[1] "broken"
[1] 824.6531
[1] 541.389
[1] 380.5993
[1] 306.6871
[1] "broken"
[1] 255.429
[1] 259.5859
[1] 250.7919
[1] 180.5713
[1] 114.3499
[1] 187.5251
[1] 204.0599
[1] 170.8032
[1] "broken"
[1] 433.2132
[1] 275.881
[1] 191.9171
[1] 136.8312
[1] 118.1498
[1] 115.6005
[1] 85.19751
[1] 89.80274
[1] 58.63273
[1] 49.04384
[1] 1
[1] 2354.094
[1] 1220.377
[1] 643.0828
[1] 372.5991
[1] 208.6814
[1] 152.4263
[1] 94.34299
[1] 101.5462
[1] 67.81009
[1] 94.15385
[1] 114.8712
[1] 91.28788
[1] 110.7581
[1] 89.18383
[1] 95.46229
[1] 89.72214
[1] 99.7658
[1] 89.85456
[1] 105.3344
[1] 90.07356
[1] 100.0602
[1] 88.44766
[1] 97.2167
[1] 89.99514
[1] 95.85515
[1] 91.04208
[1] 93.6756
[1] 88.74379
[1] 98.25812
[1] 87.59014
[1] 71.64677
[1] 57.90662
[1] 51.34532
[1] 43.23197
[1] 36.69871
[1] 34.72209
[1] 40.36683
[1] 28.58657
[1] 23.38907
[1] 17.52419
[1] 15.03247
[1] "broken"
[1] 2326.729
[1] 1166.755
[1] 641.2086
[1] 369.3544
[1] 205.8148
[1] 144.3875
[1] 112.9932
[1] 69.72248
[1] 54.78695
[1] 44.56489
[1] 58.52455
[1] 48.02383
[1] "broken"
[1] 105.8585
[1] 60.27548
[1] 59.03013
[1] 46.8448
[1] 40.53143
[1] 57.03838
[1] 46.55656
[1] 36.87684
[1] 32.56092
[1] 25.03606
[1] 27.39985
[1] 18.74872
[1] 24.62646
[1] 21.42879
[1] 20.8843
[1] 26.96057
[1] 22.03852
[1] 15.10104
[1] 17.54586
[1] 11.75431
[1] 10.54315
[1] 8.642296
[1] 12314312
[1] 2354.094
[1] 1220.377
[1] 643.0828
[1] 372.5991
[1] 208.6814
[1] 152.4263
[1] 94.34299
[1] 101.5462
[1] 67.81009
[1] 94.15385
[1] 114.8712
[1] 91.28788
[1] 110.7581
[1] 89.18383
[1] 95.46229
[1] 89.72214
[1] 99.7658
[1] 89.85456
[1] 105.3344
[1] 90.07356
[1] 100.0602
[1] 88.44766
[1] 97.2167
[1] 89.99514
[1] 95.85515
[1] 91.04208
[1] 93.6756
[1] 88.74379
[1] 98.25812
[1] 87.59014
[1] 71.64677
[1] 57.90662
[1] 51.34532
[1] 43.23197
[1] 36.69871
[1] 34.72209
[1] 40.36683
[1] 28.58657
[1] 23.38907
[1] 17.52419
[1] 15.03247
[1] "broken"
[1] 2326.729
[1] 1166.755
[1] 641.2086
[1] 369.3544
[1] 205.8148
[1] 144.3875
[1] 112.9932
[1] 69.72248
[1] 54.78695
[1] 44.56489
[1] 58.52455
[1] 48.02383
[1] "broken"
[1] 105.8585
[1] 60.27548
[1] 59.03013
[1] 46.8448
[1] 40.53143
[1] 57.03838
[1] 46.55656
[1] 36.87684
[1] 32.56092
[1] 25.03606
[1] 27.39985
[1] 18.74872
[1] 24.62646
[1] 21.42879
[1] 20.8843
[1] 26.96057
[1] 22.03852
[1] 15.10104
[1] 17.54586
[1] 11.75431
[1] 10.54315
[1] 8.642296
[1] 11.99971
[1] 8.44006
[1] 11.39357
[1] 8.912613
[1] 14.82452
[1] 11.19224
[1] 12.35364
[1] 16.47772
[1] 19.10138
[1] 15.13565
[1] 10.74072
[1] 8.908203
[1] 7.354969
[1] 13.35428
[1] 15.6089
[1] 14.84668
[1] 10.82141
[1] 8.811506
[1] 7.614698
[1] 6.091223
[1] 5.258579
[1] 4.172079
[1] 3.531444
[1] 2.944594
[1] 2.399447
[1] 2.449824
[1] 3.683246
[1] 4.106841
[1] 10.34389
[1] 8.166107
[1] 5.886155
[1] 4.238115
[1] 3.905012
[1] 2.780393
[1] 1.971883
[1] "broken"
[1] 158.2492
[1] 90.662
[1] 89.12083
[1] 85.78203
[1] 142.8082
[1] 153.2872
[1] 118.9635
[1] 93.04349
[1] 93.81399
[1] 73.07112
[1] 52.4725
[1] 55.54862
[1] 41.49452
[1] 46.43156
[1] "broken"
[1] 43975.64
[1] 21989.37
[1] 11003.92
[1] 5553.466
[1] 3046.344
[1] 1911.831
[1] 1413.13
[1] "broken"
[1] 824.6531
[1] 541.389
[1] 380.5993
[1] 306.6871
[1] "broken"
[1] 255.429
[1] 259.5859
[1] 250.7919
[1] 180.5713
[1] 114.3499
[1] 187.5251
[1] 204.0599
[1] 170.8032
[1] "broken"
[1] 433.2132
[1] 275.881
[1] 191.9171
[1] 136.8312
[1] 0.2414915
[1] 0.2910766
[1] 0.2529186
[1] 0.3047972
[1] 0.3957973
[1] 0.433879
[1] 0.4043257
[1] 0.2827001
[1] 0.252347
[1] "broken"
[1] 0.3065523
[1] 0.3261242
[1] 0.3132639
[1] 0.3134006
[1] 0.3133289
[1] 0.3165793
[1] 0.3181428
[1] 0.3181861
[1] 0.3181801
[1] 0.318181
[1] 0.3164994
[1] 0.3908448
[1] 0.3196942
[1] 0.3220063
[1] 0.3329077
[1] 0.3104784
[1] 0.3767884
[1] 0.3165449
[1] 0.3102982
[1] 0.3097228
[1] 0.3051589
[1] 0.3048516
[1] 0.3561625
[1] 0.3092974
[1] 0.3052271
[1] 0.3050104
[1] 0.3052023
[1] 0.3052476
[1] 0.305242
[1] 0.3160187
[1] 0.3045817
[1] 0.3158001
[1] 0.3045068
[1] 0.3044166
[1] 0.3157768
[1] 0.3035364
[1] 0.3037412
[1] 0.3036514
[1] 0.3036623
[1] 0.3036606
[1] 0.3054274
[1] 0.3050771
[1] 0.3050882
[1] 0.3050866
[1] 0.3050868
[1] 0.3038099
[1] 0.3042101
[1] 0.3042002
[1] 0.3042015
[1] 0.3042014
[1] 0.303268
[1] 0.3031861
[1] 0.3031902
[1] 0.3031893
[1] 0.3031894
[1] 0.3111908
[1] 0.2994785
[1] 0.2994604
[1] 0.311046
[1] 0.3106517
[1] 0.3020435
[1] 0.313599
[1] 0.3021492
[1] 0.3136482
[1] 0.3021438
[1] 0.3018154
[1] 0.3016871
[1] 0.3017043
[1] 0.3017013
[1] 0.3017018
[1] 0.3000103
[1] 0.300229
[1] 0.3002016
[1] 0.3002063
[1] 0.3002056
[1] 0.31262
[1] 0.3013576
[1] 0.3013547
[1] 0.3012882
[1] 0.301295
[1] 0.3008576
[1] 0.3006925
[1] 0.3006939
