[1] "broken"
[1] "broken"
final values in 1th iteration
  [1]  2.897706e-01 -7.001802e-01  4.517175e+00  2.452273e+00  9.477828e-01
  [6]  0.000000e+00  0.000000e+00  0.000000e+00  0.000000e+00  0.000000e+00
 [11]  0.000000e+00  0.000000e+00  0.000000e+00  0.000000e+00  0.000000e+00
 [16]  0.000000e+00  0.000000e+00  0.000000e+00  0.000000e+00  0.000000e+00
 [21]  0.000000e+00  0.000000e+00  0.000000e+00  0.000000e+00  0.000000e+00
 [26]  0.000000e+00  0.000000e+00  0.000000e+00  1.224225e-01  0.000000e+00
 [31]  0.000000e+00  0.000000e+00  0.000000e+00  0.000000e+00 -2.218493e-03
 [36]  0.000000e+00  0.000000e+00  0.000000e+00  0.000000e+00  1.665836e-01
 [41]  0.000000e+00  0.000000e+00  3.289062e-02  0.000000e+00  0.000000e+00
 [46] -6.914796e-02  0.000000e+00  0.000000e+00  0.000000e+00  5.222704e-03
 [51]  0.000000e+00  0.000000e+00  0.000000e+00  0.000000e+00  0.000000e+00
 [56]  0.000000e+00  0.000000e+00  0.000000e+00  2.037859e-02  0.000000e+00
 [61]  0.000000e+00  0.000000e+00  0.000000e+00  0.000000e+00  0.000000e+00
 [66]  0.000000e+00  0.000000e+00  0.000000e+00  0.000000e+00  0.000000e+00
 [71]  0.000000e+00  0.000000e+00  0.000000e+00 -4.202689e-02  0.000000e+00
 [76]  0.000000e+00  0.000000e+00  0.000000e+00  0.000000e+00  0.000000e+00
 [81]  0.000000e+00  0.000000e+00  0.000000e+00  0.000000e+00  0.000000e+00
 [86]  0.000000e+00  0.000000e+00  0.000000e+00  0.000000e+00  0.000000e+00
 [91]  0.000000e+00  0.000000e+00  0.000000e+00  0.000000e+00  0.000000e+00
 [96] -2.239332e-01  0.000000e+00  0.000000e+00  0.000000e+00  0.000000e+00
[101]  0.000000e+00  0.000000e+00  0.000000e+00  0.000000e+00  0.000000e+00
[106]  0.000000e+00  0.000000e+00  0.000000e+00  0.000000e+00  0.000000e+00
[111]  0.000000e+00  0.000000e+00  0.000000e+00  0.000000e+00  0.000000e+00
[116]  0.000000e+00  0.000000e+00  0.000000e+00  0.000000e+00  1.729745e-05
[121]  0.000000e+00  0.000000e+00 -3.656841e-04  0.000000e+00  0.000000e+00
[126]  0.000000e+00  0.000000e+00  0.000000e+00  0.000000e+00  0.000000e+00
[131]  0.000000e+00 -6.143294e-02  0.000000e+00  0.000000e+00  0.000000e+00
[136]  0.000000e+00 -9.914239e-02  0.000000e+00  0.000000e+00  0.000000e+00
[141]  0.000000e+00  0.000000e+00  0.000000e+00  0.000000e+00  0.000000e+00
[146]  0.000000e+00  0.000000e+00  0.000000e+00  0.000000e+00  0.000000e+00
[151]  0.000000e+00 -6.103075e-02  0.000000e+00  0.000000e+00  0.000000e+00
[156]  0.000000e+00  0.000000e+00  0.000000e+00  0.000000e+00  0.000000e+00
[161]  1.214028e-03  0.000000e+00  0.000000e+00 -6.034670e-02  0.000000e+00
[166]  0.000000e+00  0.000000e+00  0.000000e+00  0.000000e+00  0.000000e+00
[171]  0.000000e+00  0.000000e+00  0.000000e+00  0.000000e+00  0.000000e+00
[176]  0.000000e+00  0.000000e+00  1.098990e-01  0.000000e+00  0.000000e+00
[181]  9.776221e-04  0.000000e+00  0.000000e+00  0.000000e+00  0.000000e+00
[186]  0.000000e+00  0.000000e+00  1.567401e-05  0.000000e+00  0.000000e+00
[191]  0.000000e+00  0.000000e+00  0.000000e+00  0.000000e+00  0.000000e+00
[196]  0.000000e+00  0.000000e+00  0.000000e+00  0.000000e+00  0.000000e+00
[201]  0.000000e+00 -6.276673e-02  0.000000e+00  0.000000e+00  0.000000e+00
[206]  0.000000e+00
[1] "broken"
[1] "broken"
[1] "broken"
final values in 2th iteration
  [1]  3.336173e-01 -1.342938e+00  3.785835e+00  1.950990e+00  1.166093e+00
  [6]  0.000000e+00  0.000000e+00  0.000000e+00 -9.883558e-05  0.000000e+00
 [11]  0.000000e+00  0.000000e+00  0.000000e+00  0.000000e+00  0.000000e+00
 [16]  0.000000e+00  0.000000e+00  0.000000e+00  0.000000e+00  0.000000e+00
 [21]  0.000000e+00  6.884585e-02  0.000000e+00  0.000000e+00  0.000000e+00
 [26] -4.752980e-02  4.288216e-02  3.191068e-05  0.000000e+00  0.000000e+00
 [31]  0.000000e+00  0.000000e+00  0.000000e+00  0.000000e+00  0.000000e+00
 [36]  0.000000e+00  0.000000e+00  0.000000e+00  0.000000e+00  0.000000e+00
 [41]  0.000000e+00  1.219538e-04 -1.643739e-04  0.000000e+00  0.000000e+00
 [46]  0.000000e+00  2.049497e-04  0.000000e+00  0.000000e+00  0.000000e+00
 [51]  0.000000e+00  0.000000e+00 -1.362571e-05 -8.887781e-02  0.000000e+00
 [56]  0.000000e+00 -8.744711e-03  2.846519e-04  0.000000e+00  0.000000e+00
 [61]  9.584661e-05  0.000000e+00  0.000000e+00  0.000000e+00  0.000000e+00
 [66]  0.000000e+00  0.000000e+00  0.000000e+00  0.000000e+00  4.379921e-01
 [71]  0.000000e+00  0.000000e+00  0.000000e+00  0.000000e+00  0.000000e+00
 [76]  0.000000e+00  0.000000e+00 -3.952128e-02  0.000000e+00  0.000000e+00
 [81]  1.275454e-03  0.000000e+00 -8.670663e-02  0.000000e+00  0.000000e+00
 [86]  0.000000e+00  0.000000e+00  0.000000e+00  0.000000e+00  0.000000e+00
 [91]  0.000000e+00  0.000000e+00  0.000000e+00  0.000000e+00  0.000000e+00
 [96]  0.000000e+00  0.000000e+00  0.000000e+00 -1.706636e-01  0.000000e+00
[101]  0.000000e+00  0.000000e+00  0.000000e+00  0.000000e+00  0.000000e+00
[106]  0.000000e+00  0.000000e+00 -3.380834e-01  0.000000e+00  0.000000e+00
[111]  0.000000e+00  0.000000e+00 -3.967947e-02  2.855156e-03  0.000000e+00
[116]  0.000000e+00  0.000000e+00  0.000000e+00  0.000000e+00  0.000000e+00
[121] -2.848579e-05  0.000000e+00  0.000000e+00  0.000000e+00  0.000000e+00
[126]  0.000000e+00  7.440064e-02  0.000000e+00  0.000000e+00  0.000000e+00
[131]  0.000000e+00  0.000000e+00  0.000000e+00  0.000000e+00  0.000000e+00
[136]  0.000000e+00  0.000000e+00  0.000000e+00 -2.523822e-06  0.000000e+00
[141]  0.000000e+00  0.000000e+00  0.000000e+00  0.000000e+00  0.000000e+00
[146]  0.000000e+00  0.000000e+00  0.000000e+00  0.000000e+00  0.000000e+00
[151]  0.000000e+00  0.000000e+00  0.000000e+00  0.000000e+00  0.000000e+00
[156]  0.000000e+00  0.000000e+00  0.000000e+00  0.000000e+00  0.000000e+00
[161]  0.000000e+00  9.981315e-05  0.000000e+00  0.000000e+00 -3.221089e-01
[166]  0.000000e+00  0.000000e+00  6.057841e-02  0.000000e+00  0.000000e+00
[171]  0.000000e+00  0.000000e+00  0.000000e+00  0.000000e+00  0.000000e+00
[176]  0.000000e+00  0.000000e+00  0.000000e+00  0.000000e+00  0.000000e+00
[181]  0.000000e+00  0.000000e+00  0.000000e+00  0.000000e+00  0.000000e+00
[186]  0.000000e+00  0.000000e+00  0.000000e+00  0.000000e+00  0.000000e+00
[191]  0.000000e+00  0.000000e+00  0.000000e+00  0.000000e+00  0.000000e+00
[196]  0.000000e+00  0.000000e+00  0.000000e+00  0.000000e+00  0.000000e+00
[201]  0.000000e+00  0.000000e+00  0.000000e+00  3.171257e-02  0.000000e+00
[206]  3.309071e-02
[1] "broken"
[1] "broken"
[1] "broken"
final values in 3th iteration
  [1]  2.692235e-01 -5.649510e-01  3.884686e+00  1.864998e+00  1.121921e+00
  [6] -1.887980e-01  0.000000e+00  0.000000e+00  0.000000e+00  0.000000e+00
 [11]  0.000000e+00  3.070837e-01  0.000000e+00  0.000000e+00  0.000000e+00
 [16]  0.000000e+00  0.000000e+00  0.000000e+00  0.000000e+00  0.000000e+00
 [21]  0.000000e+00  0.000000e+00  2.240545e-01  0.000000e+00  0.000000e+00
 [26]  0.000000e+00  0.000000e+00  0.000000e+00  0.000000e+00  0.000000e+00
 [31]  0.000000e+00 -4.176960e-04 -1.146369e-02  0.000000e+00  0.000000e+00
 [36]  0.000000e+00  0.000000e+00  0.000000e+00 -9.778229e-02  4.405328e-06
 [41]  2.360758e-03  0.000000e+00  0.000000e+00  0.000000e+00  0.000000e+00
 [46]  0.000000e+00  0.000000e+00  0.000000e+00  0.000000e+00  0.000000e+00
 [51]  0.000000e+00  0.000000e+00  0.000000e+00  0.000000e+00  0.000000e+00
 [56]  0.000000e+00  0.000000e+00  2.523915e-04  0.000000e+00  0.000000e+00
 [61]  0.000000e+00 -5.388694e-02  0.000000e+00  0.000000e+00  0.000000e+00
 [66] -1.504642e-02  0.000000e+00  0.000000e+00  0.000000e+00  0.000000e+00
 [71]  0.000000e+00  0.000000e+00  0.000000e+00  0.000000e+00  0.000000e+00
 [76]  1.745557e-01  0.000000e+00 -2.071879e-02  0.000000e+00  0.000000e+00
 [81]  0.000000e+00  0.000000e+00  0.000000e+00  0.000000e+00  0.000000e+00
 [86]  0.000000e+00  4.039707e-02  0.000000e+00  0.000000e+00  3.086278e-02
 [91]  0.000000e+00  0.000000e+00  0.000000e+00  0.000000e+00  0.000000e+00
 [96]  0.000000e+00  0.000000e+00  0.000000e+00 -1.281591e-01  1.964511e-02
[101]  0.000000e+00  0.000000e+00  0.000000e+00 -4.604706e-04  0.000000e+00
[106]  0.000000e+00  0.000000e+00  0.000000e+00  0.000000e+00  7.561660e-02
[111] -2.959875e-02  0.000000e+00  0.000000e+00  0.000000e+00 -1.595299e-01
[116]  0.000000e+00  0.000000e+00  0.000000e+00  0.000000e+00  2.941775e-01
[121]  0.000000e+00  0.000000e+00  0.000000e+00  0.000000e+00  0.000000e+00
[126]  0.000000e+00  0.000000e+00  0.000000e+00  0.000000e+00  0.000000e+00
[131]  0.000000e+00  0.000000e+00  0.000000e+00  0.000000e+00  0.000000e+00
[136] -1.433685e-01  0.000000e+00  0.000000e+00  0.000000e+00  0.000000e+00
[141]  0.000000e+00  0.000000e+00  0.000000e+00  0.000000e+00  0.000000e+00
[146]  0.000000e+00  0.000000e+00  0.000000e+00  0.000000e+00  0.000000e+00
[151]  0.000000e+00 -3.264620e-02  2.787631e-04  0.000000e+00  0.000000e+00
[156]  0.000000e+00  0.000000e+00  0.000000e+00  0.000000e+00  0.000000e+00
[161]  0.000000e+00  0.000000e+00  0.000000e+00  0.000000e+00  0.000000e+00
[166]  0.000000e+00 -2.861980e-01  0.000000e+00 -4.897836e-06  0.000000e+00
[171]  0.000000e+00  0.000000e+00  0.000000e+00  0.000000e+00  0.000000e+00
[176]  0.000000e+00  0.000000e+00  1.989114e-02  0.000000e+00  0.000000e+00
[181]  0.000000e+00  0.000000e+00  0.000000e+00  0.000000e+00  0.000000e+00
[186]  0.000000e+00  0.000000e+00  0.000000e+00  1.147252e-02  0.000000e+00
[191] -2.150686e-01  0.000000e+00  0.000000e+00  0.000000e+00  0.000000e+00
[196]  0.000000e+00  0.000000e+00  0.000000e+00  0.000000e+00  0.000000e+00
[201]  0.000000e+00  0.000000e+00  0.000000e+00  0.000000e+00  0.000000e+00
[206]  0.000000e+00
[1] "broken"
final values in 4th iteration
  [1]  2.473844e-01 -1.023300e+00  3.683270e+00  1.127851e+00  1.141826e+00
  [6]  0.000000e+00  0.000000e+00  2.300085e-01  0.000000e+00  0.000000e+00
 [11]  0.000000e+00  2.624956e-01  0.000000e+00  0.000000e+00  0.000000e+00
 [16]  0.000000e+00  0.000000e+00  0.000000e+00  0.000000e+00  0.000000e+00
 [21]  0.000000e+00 -7.233445e-02  1.355861e-04  0.000000e+00  0.000000e+00
 [26]  0.000000e+00  0.000000e+00  0.000000e+00  0.000000e+00  0.000000e+00
 [31]  0.000000e+00  0.000000e+00  0.000000e+00  0.000000e+00  0.000000e+00
 [36]  0.000000e+00  1.937398e-04  0.000000e+00  0.000000e+00  0.000000e+00
 [41]  0.000000e+00  8.454502e-06  0.000000e+00  1.540696e-01  0.000000e+00
 [46]  0.000000e+00  0.000000e+00  0.000000e+00  0.000000e+00  0.000000e+00
 [51] -7.212223e-05  0.000000e+00 -6.067871e-02  0.000000e+00  0.000000e+00
 [56]  0.000000e+00  0.000000e+00  0.000000e+00  0.000000e+00  0.000000e+00
 [61]  0.000000e+00  0.000000e+00  0.000000e+00  0.000000e+00  0.000000e+00
 [66]  0.000000e+00  0.000000e+00  0.000000e+00  0.000000e+00  0.000000e+00
 [71]  0.000000e+00  0.000000e+00  0.000000e+00  0.000000e+00  0.000000e+00
 [76]  0.000000e+00  0.000000e+00  0.000000e+00  1.122810e-01  0.000000e+00
 [81]  0.000000e+00  0.000000e+00  0.000000e+00  0.000000e+00  0.000000e+00
 [86]  0.000000e+00  0.000000e+00  0.000000e+00  0.000000e+00 -8.069152e-02
 [91]  0.000000e+00  0.000000e+00  0.000000e+00  0.000000e+00  1.846649e-05
 [96]  0.000000e+00  1.215652e-05  0.000000e+00 -3.814527e-02  0.000000e+00
[101]  0.000000e+00  0.000000e+00  0.000000e+00  0.000000e+00  0.000000e+00
[106]  0.000000e+00 -7.367525e-05  0.000000e+00  0.000000e+00  0.000000e+00
[111]  0.000000e+00  4.893286e-05  0.000000e+00  0.000000e+00  0.000000e+00
[116]  0.000000e+00  0.000000e+00 -3.959405e-01  0.000000e+00  0.000000e+00
[121]  0.000000e+00  0.000000e+00 -1.993401e-01  0.000000e+00  0.000000e+00
[126]  0.000000e+00  0.000000e+00  0.000000e+00 -1.639553e-01  0.000000e+00
[131]  0.000000e+00 -4.872624e-04  0.000000e+00  0.000000e+00  0.000000e+00
[136]  0.000000e+00  0.000000e+00  0.000000e+00  0.000000e+00 -2.673118e-01
[141]  0.000000e+00  0.000000e+00  0.000000e+00  0.000000e+00  0.000000e+00
[146]  0.000000e+00  0.000000e+00  0.000000e+00  0.000000e+00 -2.735669e-06
[151]  0.000000e+00  0.000000e+00  0.000000e+00  0.000000e+00  0.000000e+00
[156]  0.000000e+00  0.000000e+00  0.000000e+00  0.000000e+00  0.000000e+00
[161]  2.588641e-02  0.000000e+00  1.059969e-02  0.000000e+00  0.000000e+00
[166]  0.000000e+00  0.000000e+00  0.000000e+00  0.000000e+00  1.048737e-05
[171]  0.000000e+00  0.000000e+00  0.000000e+00  0.000000e+00  4.049128e-01
[176]  0.000000e+00  2.623270e-01  0.000000e+00  1.406473e-02  0.000000e+00
[181]  0.000000e+00  0.000000e+00  0.000000e+00  0.000000e+00  0.000000e+00
[186]  1.944218e-02  0.000000e+00  0.000000e+00  0.000000e+00  4.604695e-03
[191]  0.000000e+00  0.000000e+00  0.000000e+00  0.000000e+00  0.000000e+00
[196]  0.000000e+00  0.000000e+00  0.000000e+00  0.000000e+00  0.000000e+00
[201]  9.758558e-05  0.000000e+00  0.000000e+00 -2.542711e-01  6.107263e-02
[206]  0.000000e+00
[1] "broken"
[1] "broken"
[1] "broken"
[1] "broken"
[1] "broken"
[1] "broken"
[1] "broken"
[1] "broken"
[1] "broken"
[1] "broken"
[1] "broken"
[1] "broken"
[1] "broken"
[1] "broken"
[1] "broken"
[1] "broken"
[1] "broken"
[1] "broken"
[1] "broken"
[1] "broken"
[1] "broken"
[1] "broken"
[1] "broken"
[1] "broken"
[1] "broken"
[1] "broken"
[1] "broken"
[1] "broken"
[1] "broken"
[1] "broken"
[1] "broken"
[1] "broken"
[1] "broken"
[1] "broken"
[1] "broken"
[1] "broken"
[1] "broken"
[1] "broken"
[1] "broken"
[1] "broken"
[1] "broken"
final values in 5th iteration
  [1]  4.484021e-01 -1.865522e-01  4.471942e+00  2.375319e+00  1.429098e+00
  [6]  0.000000e+00  0.000000e+00 -4.454931e-02  5.504880e-04  2.922726e-04
 [11]  0.000000e+00  0.000000e+00  0.000000e+00  0.000000e+00  0.000000e+00
 [16] -7.458930e-02  0.000000e+00  0.000000e+00  0.000000e+00  0.000000e+00
 [21]  0.000000e+00  5.861842e-05  0.000000e+00  0.000000e+00  0.000000e+00
 [26]  0.000000e+00  0.000000e+00  0.000000e+00  0.000000e+00 -7.432499e-05
 [31]  0.000000e+00  0.000000e+00  9.908326e-02  1.388306e-04  0.000000e+00
 [36]  0.000000e+00  0.000000e+00  0.000000e+00  0.000000e+00  0.000000e+00
 [41]  0.000000e+00  0.000000e+00  0.000000e+00  5.464911e-04  0.000000e+00
 [46]  0.000000e+00  0.000000e+00  9.898267e-05  0.000000e+00  0.000000e+00
 [51] -1.244906e-01  0.000000e+00  0.000000e+00  0.000000e+00 -6.635147e-06
 [56]  0.000000e+00  0.000000e+00  0.000000e+00  0.000000e+00 -9.271197e-03
 [61]  1.172630e-04  0.000000e+00  0.000000e+00  0.000000e+00  0.000000e+00
 [66]  0.000000e+00  0.000000e+00  0.000000e+00  0.000000e+00 -3.526511e-04
 [71]  0.000000e+00  0.000000e+00  0.000000e+00 -2.298165e-04  0.000000e+00
 [76] -7.518121e-02  0.000000e+00  0.000000e+00 -1.417458e-01  0.000000e+00
 [81]  2.776491e-02  0.000000e+00  1.228525e-01  0.000000e+00  9.679944e-05
 [86]  0.000000e+00  0.000000e+00  1.509570e-03  0.000000e+00  0.000000e+00
 [91]  0.000000e+00 -3.692802e-04 -2.485684e-02  0.000000e+00  0.000000e+00
 [96]  0.000000e+00  0.000000e+00  0.000000e+00  0.000000e+00  0.000000e+00
[101]  0.000000e+00  0.000000e+00  0.000000e+00  0.000000e+00  4.372164e-04
[106]  0.000000e+00  5.227773e-05  0.000000e+00  0.000000e+00  0.000000e+00
[111]  3.773896e-04  0.000000e+00  0.000000e+00  0.000000e+00  0.000000e+00
[116] -3.194611e-02  0.000000e+00  0.000000e+00  0.000000e+00  0.000000e+00
[121]  0.000000e+00  0.000000e+00  0.000000e+00  1.989499e-04  0.000000e+00
[126] -5.449395e-02  0.000000e+00  0.000000e+00  0.000000e+00  0.000000e+00
[131]  0.000000e+00  0.000000e+00  0.000000e+00  0.000000e+00  1.155413e-04
[136]  0.000000e+00  0.000000e+00  3.158525e-04  0.000000e+00  4.283474e-04
[141]  0.000000e+00  0.000000e+00  2.471777e-04  0.000000e+00  0.000000e+00
[146]  0.000000e+00  5.944616e-02 -1.795338e-04  0.000000e+00  0.000000e+00
[151]  0.000000e+00  1.839157e-01  0.000000e+00  1.328922e-03  0.000000e+00
[156]  1.733624e-02  0.000000e+00  0.000000e+00  4.035903e-04  0.000000e+00
[161]  0.000000e+00  1.947031e-04  3.601199e-02  0.000000e+00 -2.962900e-04
[166]  0.000000e+00  0.000000e+00 -2.228426e-04  0.000000e+00  3.307979e-03
[171]  0.000000e+00  0.000000e+00  0.000000e+00  0.000000e+00  0.000000e+00
[176]  0.000000e+00  1.782076e-03  0.000000e+00  5.212215e-04 -1.014760e-05
[181]  0.000000e+00  0.000000e+00  0.000000e+00  0.000000e+00  0.000000e+00
[186]  0.000000e+00 -2.888709e-02  0.000000e+00 -1.089755e-02  0.000000e+00
[191]  0.000000e+00  0.000000e+00  0.000000e+00  3.607632e-05  0.000000e+00
[196]  0.000000e+00  0.000000e+00  0.000000e+00  0.000000e+00  0.000000e+00
[201]  0.000000e+00  0.000000e+00  1.534820e-04  1.385041e-02  1.676651e-03
[206]  8.596980e-02
[1] "broken"
final values in 6th iteration
  [1]  4.063748e-01  2.343979e-02  4.788239e+00  2.385754e+00  1.210359e+00
  [6] -2.230443e-04  0.000000e+00  0.000000e+00 -7.476689e-02  0.000000e+00
 [11]  0.000000e+00  0.000000e+00  2.928973e-05  0.000000e+00  0.000000e+00
 [16]  0.000000e+00  0.000000e+00  5.313683e-04  0.000000e+00  0.000000e+00
 [21]  0.000000e+00  0.000000e+00  0.000000e+00  1.986701e-01 -9.391173e-05
 [26]  0.000000e+00  0.000000e+00  0.000000e+00  0.000000e+00  0.000000e+00
 [31] -3.923631e-03  0.000000e+00  0.000000e+00  0.000000e+00 -1.627707e-01
 [36]  0.000000e+00  0.000000e+00 -5.931817e-02  0.000000e+00  0.000000e+00
 [41]  0.000000e+00  0.000000e+00  0.000000e+00  7.644406e-02  0.000000e+00
 [46]  0.000000e+00  0.000000e+00  2.889602e-04  0.000000e+00  4.422293e-05
 [51]  0.000000e+00  0.000000e+00  0.000000e+00  0.000000e+00  0.000000e+00
 [56]  0.000000e+00  0.000000e+00  0.000000e+00  0.000000e+00  0.000000e+00
 [61]  0.000000e+00 -2.923864e-01  1.172734e-02  0.000000e+00  0.000000e+00
 [66] -1.045087e-01  0.000000e+00  0.000000e+00 -3.853228e-04  0.000000e+00
 [71]  0.000000e+00 -6.417550e-04  0.000000e+00  0.000000e+00  0.000000e+00
 [76] -1.386877e-02  1.912440e-01  0.000000e+00  0.000000e+00  0.000000e+00
 [81]  0.000000e+00 -2.366891e-03  0.000000e+00  0.000000e+00 -1.752042e-03
 [86] -2.567769e-02  0.000000e+00  0.000000e+00 -1.109498e-04 -1.806563e-01
 [91]  0.000000e+00  0.000000e+00  0.000000e+00  0.000000e+00  0.000000e+00
 [96]  0.000000e+00  0.000000e+00  0.000000e+00 -7.465385e-04  0.000000e+00
[101]  0.000000e+00  0.000000e+00  0.000000e+00  0.000000e+00  0.000000e+00
[106]  0.000000e+00  0.000000e+00  0.000000e+00  0.000000e+00 -1.247686e-03
[111]  0.000000e+00  0.000000e+00  5.291787e-02  0.000000e+00  0.000000e+00
[116]  0.000000e+00  0.000000e+00  0.000000e+00  0.000000e+00  0.000000e+00
[121]  0.000000e+00  0.000000e+00  0.000000e+00  0.000000e+00  0.000000e+00
[126]  0.000000e+00  0.000000e+00  0.000000e+00  0.000000e+00  0.000000e+00
[131]  0.000000e+00  0.000000e+00  0.000000e+00  0.000000e+00  0.000000e+00
[136]  0.000000e+00 -2.749025e-03  0.000000e+00  0.000000e+00  0.000000e+00
[141]  0.000000e+00  0.000000e+00  0.000000e+00  0.000000e+00  0.000000e+00
[146]  0.000000e+00  0.000000e+00  0.000000e+00  0.000000e+00  0.000000e+00
[151]  0.000000e+00  2.740177e-03  0.000000e+00  0.000000e+00  0.000000e+00
[156]  0.000000e+00  0.000000e+00  0.000000e+00  0.000000e+00  0.000000e+00
[161]  0.000000e+00  0.000000e+00  0.000000e+00  0.000000e+00  0.000000e+00
[166]  0.000000e+00  0.000000e+00  0.000000e+00  0.000000e+00  0.000000e+00
[171] -4.773814e-04  0.000000e+00 -6.389790e-04  0.000000e+00  0.000000e+00
[176]  0.000000e+00  0.000000e+00  0.000000e+00  0.000000e+00  0.000000e+00
[181]  5.604877e-04  0.000000e+00  0.000000e+00 -1.340295e-01  0.000000e+00
[186]  0.000000e+00  0.000000e+00  0.000000e+00  3.354166e-02  0.000000e+00
[191]  0.000000e+00  0.000000e+00  0.000000e+00  0.000000e+00  0.000000e+00
[196]  0.000000e+00  0.000000e+00  0.000000e+00  0.000000e+00  0.000000e+00
[201]  0.000000e+00  0.000000e+00  0.000000e+00  0.000000e+00  0.000000e+00
[206]  0.000000e+00
[1] "broken"
[1] "broken"
final values in 7th iteration
  [1]  2.402670e-01 -2.589803e+00  3.139975e+00  0.000000e+00  1.067626e-01
  [6]  0.000000e+00  0.000000e+00  0.000000e+00  0.000000e+00  0.000000e+00
 [11]  0.000000e+00  0.000000e+00  0.000000e+00  0.000000e+00  0.000000e+00
 [16]  0.000000e+00  1.337188e-01  0.000000e+00  0.000000e+00  0.000000e+00
 [21]  0.000000e+00  0.000000e+00  0.000000e+00  0.000000e+00  2.588652e-01
 [26]  0.000000e+00  0.000000e+00  0.000000e+00  0.000000e+00  0.000000e+00
 [31]  0.000000e+00  0.000000e+00  0.000000e+00  0.000000e+00  0.000000e+00
 [36]  5.801189e-02  0.000000e+00  0.000000e+00  0.000000e+00 -1.450200e-01
 [41]  0.000000e+00  1.847875e-01  0.000000e+00  0.000000e+00  9.914235e-02
 [46]  1.984058e-05  1.808841e-01  0.000000e+00  0.000000e+00  0.000000e+00
 [51]  0.000000e+00  0.000000e+00  0.000000e+00  0.000000e+00  0.000000e+00
 [56]  0.000000e+00  0.000000e+00  0.000000e+00  0.000000e+00  0.000000e+00
 [61]  0.000000e+00  0.000000e+00  0.000000e+00  8.932452e-01  0.000000e+00
 [66]  0.000000e+00  0.000000e+00  0.000000e+00  0.000000e+00  0.000000e+00
 [71]  0.000000e+00  0.000000e+00  0.000000e+00  0.000000e+00 -2.426344e-01
 [76]  0.000000e+00  0.000000e+00  0.000000e+00  0.000000e+00  0.000000e+00
 [81]  0.000000e+00  0.000000e+00  0.000000e+00  0.000000e+00  0.000000e+00
 [86]  0.000000e+00  9.353541e-04  0.000000e+00  0.000000e+00  0.000000e+00
 [91] -5.238705e-02  0.000000e+00  0.000000e+00  0.000000e+00  0.000000e+00
 [96]  0.000000e+00  0.000000e+00  0.000000e+00  0.000000e+00 -2.860969e-01
[101]  0.000000e+00  0.000000e+00  0.000000e+00  0.000000e+00  0.000000e+00
[106]  0.000000e+00  0.000000e+00  0.000000e+00  8.622083e-02  0.000000e+00
[111]  0.000000e+00 -2.966358e-03  0.000000e+00  0.000000e+00  0.000000e+00
[116]  0.000000e+00  0.000000e+00  0.000000e+00  0.000000e+00  0.000000e+00
[121]  0.000000e+00  0.000000e+00  0.000000e+00  0.000000e+00  0.000000e+00
[126]  0.000000e+00  0.000000e+00  0.000000e+00  0.000000e+00  0.000000e+00
[131]  0.000000e+00  0.000000e+00  0.000000e+00  1.029625e-01  0.000000e+00
[136]  0.000000e+00  0.000000e+00  0.000000e+00  0.000000e+00  0.000000e+00
[141]  0.000000e+00 -4.168652e-01  0.000000e+00  0.000000e+00  0.000000e+00
[146]  0.000000e+00  0.000000e+00  0.000000e+00  0.000000e+00  0.000000e+00
[151]  0.000000e+00  0.000000e+00  0.000000e+00  0.000000e+00  0.000000e+00
[156] -4.331160e-02 -9.796114e-02  0.000000e+00  0.000000e+00  0.000000e+00
[161]  0.000000e+00  0.000000e+00  0.000000e+00  0.000000e+00  0.000000e+00
[166]  0.000000e+00  0.000000e+00  0.000000e+00  0.000000e+00  0.000000e+00
[171]  0.000000e+00 -1.930605e-05  0.000000e+00  0.000000e+00  0.000000e+00
[176]  0.000000e+00  0.000000e+00  0.000000e+00  0.000000e+00  0.000000e+00
[181]  0.000000e+00  0.000000e+00 -1.049300e-01  0.000000e+00  0.000000e+00
[186]  0.000000e+00  0.000000e+00 -3.485731e-02 -8.353278e-02  0.000000e+00
[191]  0.000000e+00  0.000000e+00  0.000000e+00  0.000000e+00  0.000000e+00
[196]  0.000000e+00  0.000000e+00  0.000000e+00  0.000000e+00  0.000000e+00
[201]  0.000000e+00  0.000000e+00  0.000000e+00  0.000000e+00  0.000000e+00
[206]  0.000000e+00
[1] "broken"
final values in 8th iteration
  [1]  4.197730e-01  5.785099e-01  4.858327e+00  2.673721e+00  1.681167e+00
  [6] -1.462148e-03  0.000000e+00  2.765013e-02  0.000000e+00  0.000000e+00
 [11]  0.000000e+00  0.000000e+00  0.000000e+00  0.000000e+00  0.000000e+00
 [16]  0.000000e+00  0.000000e+00  0.000000e+00  0.000000e+00  0.000000e+00
 [21]  0.000000e+00  0.000000e+00 -2.247914e-01  0.000000e+00  0.000000e+00
 [26]  0.000000e+00  3.103100e-01  0.000000e+00  0.000000e+00 -7.377720e-02
 [31]  0.000000e+00  0.000000e+00  0.000000e+00  1.281109e-01  0.000000e+00
 [36]  0.000000e+00  0.000000e+00  0.000000e+00  0.000000e+00  0.000000e+00
 [41]  0.000000e+00  0.000000e+00  0.000000e+00  0.000000e+00  0.000000e+00
 [46]  0.000000e+00  0.000000e+00  7.788326e-08  0.000000e+00  0.000000e+00
 [51]  0.000000e+00  0.000000e+00  0.000000e+00  0.000000e+00  0.000000e+00
 [56]  0.000000e+00  0.000000e+00  0.000000e+00  0.000000e+00  0.000000e+00
 [61]  0.000000e+00  0.000000e+00  0.000000e+00  0.000000e+00  0.000000e+00
 [66]  0.000000e+00 -3.616709e-02  0.000000e+00  0.000000e+00  0.000000e+00
 [71]  9.936057e-06  0.000000e+00  0.000000e+00  0.000000e+00  0.000000e+00
 [76]  0.000000e+00  0.000000e+00  0.000000e+00  0.000000e+00  7.321618e-04
 [81]  0.000000e+00  0.000000e+00  0.000000e+00  0.000000e+00 -1.282967e-01
 [86]  0.000000e+00  0.000000e+00  0.000000e+00  0.000000e+00  0.000000e+00
 [91] -7.526071e-05  0.000000e+00  0.000000e+00  0.000000e+00  0.000000e+00
 [96]  4.313450e-02  0.000000e+00  0.000000e+00  0.000000e+00  0.000000e+00
[101]  0.000000e+00  0.000000e+00  0.000000e+00  0.000000e+00  1.287876e-01
[106]  0.000000e+00  0.000000e+00  0.000000e+00  0.000000e+00  0.000000e+00
[111]  0.000000e+00  0.000000e+00  5.660957e-04  0.000000e+00  0.000000e+00
[116]  0.000000e+00 -2.955056e-02  0.000000e+00  0.000000e+00  0.000000e+00
[121]  0.000000e+00 -2.446290e-05  0.000000e+00  0.000000e+00  0.000000e+00
[126]  0.000000e+00  0.000000e+00  0.000000e+00 -2.508158e-02  0.000000e+00
[131]  0.000000e+00  0.000000e+00  0.000000e+00 -2.768726e-02  0.000000e+00
[136]  0.000000e+00  0.000000e+00  0.000000e+00  0.000000e+00  0.000000e+00
[141]  0.000000e+00  0.000000e+00 -7.821513e-06  0.000000e+00  0.000000e+00
[146]  0.000000e+00  0.000000e+00  0.000000e+00  0.000000e+00 -9.628007e-02
[151]  0.000000e+00  0.000000e+00  0.000000e+00  0.000000e+00  0.000000e+00
[156]  2.851315e-05  0.000000e+00  0.000000e+00  0.000000e+00  0.000000e+00
[161]  0.000000e+00  0.000000e+00  0.000000e+00  0.000000e+00  0.000000e+00
[166]  0.000000e+00  0.000000e+00  0.000000e+00  0.000000e+00  0.000000e+00
[171]  0.000000e+00  0.000000e+00  0.000000e+00  0.000000e+00  0.000000e+00
[176]  0.000000e+00  0.000000e+00  0.000000e+00  0.000000e+00  0.000000e+00
[181]  3.849570e-02  0.000000e+00  0.000000e+00  0.000000e+00 -1.563605e-03
[186]  0.000000e+00  0.000000e+00  0.000000e+00  0.000000e+00  0.000000e+00
[191]  0.000000e+00 -3.026670e-02  0.000000e+00  0.000000e+00  0.000000e+00
[196]  0.000000e+00 -4.400715e-02  0.000000e+00  0.000000e+00  0.000000e+00
[201]  0.000000e+00  0.000000e+00  0.000000e+00  0.000000e+00  0.000000e+00
[206]  0.000000e+00
[1] "broken"
final values in 9th iteration
  [1]  3.112842e-01 -7.106929e-01  4.202811e+00  2.423255e+00  1.392790e+00
  [6] -3.876257e-01  7.417973e-02  0.000000e+00  0.000000e+00  0.000000e+00
 [11]  0.000000e+00  0.000000e+00  0.000000e+00  0.000000e+00  0.000000e+00
 [16]  0.000000e+00  0.000000e+00  0.000000e+00  0.000000e+00  0.000000e+00
 [21]  0.000000e+00  0.000000e+00  0.000000e+00  0.000000e+00  0.000000e+00
 [26]  0.000000e+00  0.000000e+00  0.000000e+00  0.000000e+00  0.000000e+00
 [31]  0.000000e+00  0.000000e+00  0.000000e+00  0.000000e+00  0.000000e+00
 [36]  0.000000e+00  0.000000e+00  0.000000e+00  1.214612e-01 -1.849304e-03
 [41]  0.000000e+00  0.000000e+00  3.340941e-02  0.000000e+00  0.000000e+00
 [46]  0.000000e+00  0.000000e+00  0.000000e+00 -7.391318e-02  0.000000e+00
 [51]  0.000000e+00  0.000000e+00  1.333203e-04  0.000000e+00  0.000000e+00
 [56]  0.000000e+00  0.000000e+00  0.000000e+00  0.000000e+00  0.000000e+00
 [61]  0.000000e+00  0.000000e+00  0.000000e+00 -1.459699e-01  0.000000e+00
 [66]  0.000000e+00  0.000000e+00  0.000000e+00  0.000000e+00  0.000000e+00
 [71]  0.000000e+00  0.000000e+00  0.000000e+00  0.000000e+00  0.000000e+00
 [76]  0.000000e+00  0.000000e+00  0.000000e+00  0.000000e+00  0.000000e+00
 [81]  0.000000e+00  0.000000e+00  0.000000e+00  0.000000e+00  0.000000e+00
 [86]  0.000000e+00  0.000000e+00  0.000000e+00  0.000000e+00  0.000000e+00
 [91] -9.324418e-02  1.245594e-02  0.000000e+00  0.000000e+00 -2.357826e-02
 [96]  0.000000e+00 -1.512098e-01  0.000000e+00  0.000000e+00  0.000000e+00
[101]  0.000000e+00  0.000000e+00  0.000000e+00  0.000000e+00  0.000000e+00
[106]  0.000000e+00  0.000000e+00  0.000000e+00  0.000000e+00  9.262818e-02
[111]  0.000000e+00  0.000000e+00  0.000000e+00  0.000000e+00 -4.727916e-02
[116]  0.000000e+00 -8.586410e-05  0.000000e+00  0.000000e+00  0.000000e+00
[121]  0.000000e+00  5.555101e-05  0.000000e+00  0.000000e+00  0.000000e+00
[126]  7.930090e-04  0.000000e+00  0.000000e+00  0.000000e+00  0.000000e+00
[131]  0.000000e+00  0.000000e+00  0.000000e+00  0.000000e+00  0.000000e+00
[136]  0.000000e+00  0.000000e+00 -8.790309e-06  0.000000e+00  0.000000e+00
[141]  0.000000e+00  0.000000e+00  0.000000e+00  0.000000e+00 -7.105725e-03
[146]  0.000000e+00  0.000000e+00  0.000000e+00  0.000000e+00  0.000000e+00
[151] -1.918209e-04  0.000000e+00  0.000000e+00  0.000000e+00  0.000000e+00
[156]  0.000000e+00  0.000000e+00  0.000000e+00 -5.534476e-03  0.000000e+00
[161]  0.000000e+00  3.411356e-02  0.000000e+00  0.000000e+00  0.000000e+00
[166]  0.000000e+00  0.000000e+00  0.000000e+00  0.000000e+00  0.000000e+00
[171]  0.000000e+00 -2.555789e-04  0.000000e+00  6.684940e-02  0.000000e+00
[176]  0.000000e+00  0.000000e+00  0.000000e+00  0.000000e+00  0.000000e+00
[181]  0.000000e+00  0.000000e+00  0.000000e+00  0.000000e+00  0.000000e+00
[186]  4.835575e-05  0.000000e+00 -6.092143e-03  0.000000e+00  0.000000e+00
[191]  0.000000e+00  0.000000e+00  0.000000e+00  0.000000e+00  0.000000e+00
[196]  0.000000e+00  0.000000e+00  0.000000e+00  0.000000e+00  0.000000e+00
[201]  0.000000e+00  0.000000e+00  0.000000e+00  0.000000e+00  0.000000e+00
[206]  0.000000e+00
[1] "broken"
final values in 10th iteration
  [1]  3.290075e-01  7.074594e-01  4.747210e+00  2.157858e+00  1.655884e+00
  [6]  0.000000e+00 -1.261170e-05  0.000000e+00  0.000000e+00  0.000000e+00
 [11]  0.000000e+00  0.000000e+00  0.000000e+00  0.000000e+00  0.000000e+00
 [16]  0.000000e+00  0.000000e+00 -1.068975e-02  0.000000e+00  2.297034e-03
 [21]  7.073952e-02  0.000000e+00  6.721059e-02  0.000000e+00  0.000000e+00
 [26]  0.000000e+00  0.000000e+00  0.000000e+00  0.000000e+00  1.044974e-03
 [31]  0.000000e+00  1.436616e-01  0.000000e+00  0.000000e+00  0.000000e+00
 [36]  0.000000e+00  0.000000e+00  0.000000e+00  0.000000e+00  0.000000e+00
 [41]  0.000000e+00  0.000000e+00  0.000000e+00  0.000000e+00  0.000000e+00
 [46] -1.797847e-01  0.000000e+00  0.000000e+00  0.000000e+00  0.000000e+00
 [51]  0.000000e+00  0.000000e+00  0.000000e+00  0.000000e+00  0.000000e+00
 [56]  0.000000e+00  0.000000e+00  0.000000e+00  0.000000e+00  0.000000e+00
 [61]  0.000000e+00  0.000000e+00  2.655425e-01  0.000000e+00  0.000000e+00
 [66]  0.000000e+00 -2.230262e-02  0.000000e+00  0.000000e+00  0.000000e+00
 [71]  0.000000e+00  0.000000e+00  0.000000e+00  0.000000e+00  0.000000e+00
 [76]  0.000000e+00  0.000000e+00  0.000000e+00 -2.600616e-04  2.510245e-05
 [81]  0.000000e+00  0.000000e+00  0.000000e+00  0.000000e+00  0.000000e+00
 [86]  0.000000e+00  0.000000e+00  0.000000e+00  0.000000e+00  0.000000e+00
 [91]  0.000000e+00  0.000000e+00  0.000000e+00  0.000000e+00  0.000000e+00
 [96]  0.000000e+00  0.000000e+00  0.000000e+00  0.000000e+00  0.000000e+00
[101] -7.053790e-02  0.000000e+00  0.000000e+00  0.000000e+00  1.182341e-03
[106]  0.000000e+00  0.000000e+00  0.000000e+00  0.000000e+00  0.000000e+00
[111] -1.054491e-04  0.000000e+00  0.000000e+00  0.000000e+00  0.000000e+00
[116]  0.000000e+00  0.000000e+00  0.000000e+00  0.000000e+00  0.000000e+00
[121]  0.000000e+00  0.000000e+00  0.000000e+00  0.000000e+00  0.000000e+00
[126]  0.000000e+00  0.000000e+00  0.000000e+00  0.000000e+00  0.000000e+00
[131]  0.000000e+00  0.000000e+00  0.000000e+00  0.000000e+00  8.938169e-04
[136]  0.000000e+00  0.000000e+00  0.000000e+00 -1.452095e-04  0.000000e+00
[141]  0.000000e+00  2.115579e-01 -9.889970e-02  0.000000e+00  0.000000e+00
[146]  0.000000e+00  0.000000e+00  0.000000e+00  0.000000e+00  0.000000e+00
[151] -3.382708e-01  0.000000e+00  0.000000e+00  0.000000e+00  0.000000e+00
[156]  0.000000e+00  0.000000e+00  0.000000e+00  0.000000e+00  0.000000e+00
[161]  0.000000e+00  0.000000e+00 -2.236771e-05  0.000000e+00  0.000000e+00
[166]  0.000000e+00  0.000000e+00 -5.467066e-05  2.772798e-02  0.000000e+00
[171]  0.000000e+00  0.000000e+00  0.000000e+00 -9.508348e-03 -8.232172e-03
[176]  0.000000e+00  0.000000e+00  0.000000e+00  0.000000e+00  0.000000e+00
[181]  0.000000e+00  0.000000e+00  0.000000e+00  0.000000e+00  0.000000e+00
[186]  0.000000e+00  0.000000e+00  0.000000e+00  1.474651e-01  0.000000e+00
[191]  0.000000e+00  0.000000e+00  0.000000e+00  0.000000e+00 -2.457045e-04
[196]  0.000000e+00  5.754508e-03 -1.562028e-01  0.000000e+00  0.000000e+00
[201]  0.000000e+00  0.000000e+00  0.000000e+00  1.830226e-01  0.000000e+00
[206]  0.000000e+00
           [,1]        [,2]     [,3]     [,4]      [,5]          [,6]
 [1,] 0.2897706 -0.70018025 4.517175 2.452273 0.9477828  0.0000000000
 [2,] 0.3336173 -1.34293784 3.785835 1.950990 1.1660930  0.0000000000
 [3,] 0.2692235 -0.56495101 3.884686 1.864998 1.1219208 -0.1887979617
 [4,] 0.2473844 -1.02329994 3.683270 1.127851 1.1418263  0.0000000000
 [5,] 0.4484021 -0.18655221 4.471942 2.375319 1.4290984  0.0000000000
 [6,] 0.4063748  0.02343979 4.788239 2.385754 1.2103593 -0.0002230443
 [7,] 0.2402670 -2.58980265 3.139975 0.000000 0.1067626  0.0000000000
 [8,] 0.4197730  0.57850986 4.858327 2.673721 1.6811670 -0.0014621476
 [9,] 0.3112842 -0.71069291 4.202811 2.423255 1.3927896 -0.3876256786
[10,] 0.3290075  0.70745940 4.747210 2.157858 1.6558839  0.0000000000
               [,7]        [,8]          [,9]        [,10] [,11]     [,12]
 [1,]  0.0000000000  0.00000000  0.000000e+00 0.0000000000     0 0.0000000
 [2,]  0.0000000000  0.00000000 -9.883558e-05 0.0000000000     0 0.0000000
 [3,]  0.0000000000  0.00000000  0.000000e+00 0.0000000000     0 0.3070837
 [4,]  0.0000000000  0.23000847  0.000000e+00 0.0000000000     0 0.2624956
 [5,]  0.0000000000 -0.04454931  5.504880e-04 0.0002922726     0 0.0000000
 [6,]  0.0000000000  0.00000000 -7.476689e-02 0.0000000000     0 0.0000000
 [7,]  0.0000000000  0.00000000  0.000000e+00 0.0000000000     0 0.0000000
 [8,]  0.0000000000  0.02765013  0.000000e+00 0.0000000000     0 0.0000000
 [9,]  0.0741797316  0.00000000  0.000000e+00 0.0000000000     0 0.0000000
[10,] -0.0000126117  0.00000000  0.000000e+00 0.0000000000     0 0.0000000
             [,13] [,14] [,15]      [,16]     [,17]         [,18] [,19]
 [1,] 0.000000e+00     0     0  0.0000000 0.0000000  0.0000000000     0
 [2,] 0.000000e+00     0     0  0.0000000 0.0000000  0.0000000000     0
 [3,] 0.000000e+00     0     0  0.0000000 0.0000000  0.0000000000     0
 [4,] 0.000000e+00     0     0  0.0000000 0.0000000  0.0000000000     0
 [5,] 0.000000e+00     0     0 -0.0745893 0.0000000  0.0000000000     0
 [6,] 2.928973e-05     0     0  0.0000000 0.0000000  0.0005313683     0
 [7,] 0.000000e+00     0     0  0.0000000 0.1337188  0.0000000000     0
 [8,] 0.000000e+00     0     0  0.0000000 0.0000000  0.0000000000     0
 [9,] 0.000000e+00     0     0  0.0000000 0.0000000  0.0000000000     0
[10,] 0.000000e+00     0     0  0.0000000 0.0000000 -0.0106897491     0
            [,20]      [,21]         [,22]         [,23]     [,24]
 [1,] 0.000000000 0.00000000  0.000000e+00  0.0000000000 0.0000000
 [2,] 0.000000000 0.00000000  6.884585e-02  0.0000000000 0.0000000
 [3,] 0.000000000 0.00000000  0.000000e+00  0.2240545109 0.0000000
 [4,] 0.000000000 0.00000000 -7.233445e-02  0.0001355861 0.0000000
 [5,] 0.000000000 0.00000000  5.861842e-05  0.0000000000 0.0000000
 [6,] 0.000000000 0.00000000  0.000000e+00  0.0000000000 0.1986701
 [7,] 0.000000000 0.00000000  0.000000e+00  0.0000000000 0.0000000
 [8,] 0.000000000 0.00000000  0.000000e+00 -0.2247913951 0.0000000
 [9,] 0.000000000 0.00000000  0.000000e+00  0.0000000000 0.0000000
[10,] 0.002297034 0.07073952  0.000000e+00  0.0672105897 0.0000000
              [,25]      [,26]      [,27]        [,28]     [,29]         [,30]
 [1,]  0.000000e+00  0.0000000 0.00000000 0.000000e+00 0.1224225  0.000000e+00
 [2,]  0.000000e+00 -0.0475298 0.04288216 3.191068e-05 0.0000000  0.000000e+00
 [3,]  0.000000e+00  0.0000000 0.00000000 0.000000e+00 0.0000000  0.000000e+00
 [4,]  0.000000e+00  0.0000000 0.00000000 0.000000e+00 0.0000000  0.000000e+00
 [5,]  0.000000e+00  0.0000000 0.00000000 0.000000e+00 0.0000000 -7.432499e-05
 [6,] -9.391173e-05  0.0000000 0.00000000 0.000000e+00 0.0000000  0.000000e+00
 [7,]  2.588652e-01  0.0000000 0.00000000 0.000000e+00 0.0000000  0.000000e+00
 [8,]  0.000000e+00  0.0000000 0.31031005 0.000000e+00 0.0000000 -7.377720e-02
 [9,]  0.000000e+00  0.0000000 0.00000000 0.000000e+00 0.0000000  0.000000e+00
[10,]  0.000000e+00  0.0000000 0.00000000 0.000000e+00 0.0000000  1.044974e-03
             [,31]        [,32]       [,33]        [,34]        [,35]
 [1,]  0.000000000  0.000000000  0.00000000 0.0000000000 -0.002218493
 [2,]  0.000000000  0.000000000  0.00000000 0.0000000000  0.000000000
 [3,]  0.000000000 -0.000417696 -0.01146369 0.0000000000  0.000000000
 [4,]  0.000000000  0.000000000  0.00000000 0.0000000000  0.000000000
 [5,]  0.000000000  0.000000000  0.09908326 0.0001388306  0.000000000
 [6,] -0.003923631  0.000000000  0.00000000 0.0000000000 -0.162770691
 [7,]  0.000000000  0.000000000  0.00000000 0.0000000000  0.000000000
 [8,]  0.000000000  0.000000000  0.00000000 0.1281108922  0.000000000
 [9,]  0.000000000  0.000000000  0.00000000 0.0000000000  0.000000000
[10,]  0.000000000  0.143661550  0.00000000 0.0000000000  0.000000000
           [,36]        [,37]       [,38]       [,39]         [,40]       [,41]
 [1,] 0.00000000 0.0000000000  0.00000000  0.00000000  1.665836e-01 0.000000000
 [2,] 0.00000000 0.0000000000  0.00000000  0.00000000  0.000000e+00 0.000000000
 [3,] 0.00000000 0.0000000000  0.00000000 -0.09778229  4.405328e-06 0.002360758
 [4,] 0.00000000 0.0001937398  0.00000000  0.00000000  0.000000e+00 0.000000000
 [5,] 0.00000000 0.0000000000  0.00000000  0.00000000  0.000000e+00 0.000000000
 [6,] 0.00000000 0.0000000000 -0.05931817  0.00000000  0.000000e+00 0.000000000
 [7,] 0.05801189 0.0000000000  0.00000000  0.00000000 -1.450200e-01 0.000000000
 [8,] 0.00000000 0.0000000000  0.00000000  0.00000000  0.000000e+00 0.000000000
 [9,] 0.00000000 0.0000000000  0.00000000  0.12146122 -1.849304e-03 0.000000000
[10,] 0.00000000 0.0000000000  0.00000000  0.00000000  0.000000e+00 0.000000000
             [,42]         [,43]        [,44]      [,45]         [,46]
 [1,] 0.000000e+00  0.0328906171 0.0000000000 0.00000000 -6.914796e-02
 [2,] 1.219538e-04 -0.0001643739 0.0000000000 0.00000000  0.000000e+00
 [3,] 0.000000e+00  0.0000000000 0.0000000000 0.00000000  0.000000e+00
 [4,] 8.454502e-06  0.0000000000 0.1540695915 0.00000000  0.000000e+00
 [5,] 0.000000e+00  0.0000000000 0.0005464911 0.00000000  0.000000e+00
 [6,] 0.000000e+00  0.0000000000 0.0764440635 0.00000000  0.000000e+00
 [7,] 1.847875e-01  0.0000000000 0.0000000000 0.09914235  1.984058e-05
 [8,] 0.000000e+00  0.0000000000 0.0000000000 0.00000000  0.000000e+00
 [9,] 0.000000e+00  0.0334094053 0.0000000000 0.00000000  0.000000e+00
[10,] 0.000000e+00  0.0000000000 0.0000000000 0.00000000 -1.797847e-01
             [,47]        [,48]       [,49]        [,50]         [,51] [,52]
 [1,] 0.0000000000 0.000000e+00  0.00000000 5.222704e-03  0.000000e+00     0
 [2,] 0.0002049497 0.000000e+00  0.00000000 0.000000e+00  0.000000e+00     0
 [3,] 0.0000000000 0.000000e+00  0.00000000 0.000000e+00  0.000000e+00     0
 [4,] 0.0000000000 0.000000e+00  0.00000000 0.000000e+00 -7.212223e-05     0
 [5,] 0.0000000000 9.898267e-05  0.00000000 0.000000e+00 -1.244906e-01     0
 [6,] 0.0000000000 2.889602e-04  0.00000000 4.422293e-05  0.000000e+00     0
 [7,] 0.1808840792 0.000000e+00  0.00000000 0.000000e+00  0.000000e+00     0
 [8,] 0.0000000000 7.788326e-08  0.00000000 0.000000e+00  0.000000e+00     0
 [9,] 0.0000000000 0.000000e+00 -0.07391318 0.000000e+00  0.000000e+00     0
[10,] 0.0000000000 0.000000e+00  0.00000000 0.000000e+00  0.000000e+00     0
              [,53]       [,54]         [,55] [,56]        [,57]        [,58]
 [1,]  0.000000e+00  0.00000000  0.000000e+00     0  0.000000000 0.0000000000
 [2,] -1.362571e-05 -0.08887781  0.000000e+00     0 -0.008744711 0.0002846519
 [3,]  0.000000e+00  0.00000000  0.000000e+00     0  0.000000000 0.0002523915
 [4,] -6.067871e-02  0.00000000  0.000000e+00     0  0.000000000 0.0000000000
 [5,]  0.000000e+00  0.00000000 -6.635147e-06     0  0.000000000 0.0000000000
 [6,]  0.000000e+00  0.00000000  0.000000e+00     0  0.000000000 0.0000000000
 [7,]  0.000000e+00  0.00000000  0.000000e+00     0  0.000000000 0.0000000000
 [8,]  0.000000e+00  0.00000000  0.000000e+00     0  0.000000000 0.0000000000
 [9,]  1.333203e-04  0.00000000  0.000000e+00     0  0.000000000 0.0000000000
[10,]  0.000000e+00  0.00000000  0.000000e+00     0  0.000000000 0.0000000000
           [,59]        [,60]        [,61]       [,62]      [,63]      [,64]
 [1,] 0.02037859  0.000000000 0.000000e+00  0.00000000 0.00000000  0.0000000
 [2,] 0.00000000  0.000000000 9.584661e-05  0.00000000 0.00000000  0.0000000
 [3,] 0.00000000  0.000000000 0.000000e+00 -0.05388694 0.00000000  0.0000000
 [4,] 0.00000000  0.000000000 0.000000e+00  0.00000000 0.00000000  0.0000000
 [5,] 0.00000000 -0.009271197 1.172630e-04  0.00000000 0.00000000  0.0000000
 [6,] 0.00000000  0.000000000 0.000000e+00 -0.29238635 0.01172734  0.0000000
 [7,] 0.00000000  0.000000000 0.000000e+00  0.00000000 0.00000000  0.8932452
 [8,] 0.00000000  0.000000000 0.000000e+00  0.00000000 0.00000000  0.0000000
 [9,] 0.00000000  0.000000000 0.000000e+00  0.00000000 0.00000000 -0.1459699
[10,] 0.00000000  0.000000000 0.000000e+00  0.00000000 0.26554253  0.0000000
      [,65]       [,66]       [,67] [,68]         [,69]         [,70]
 [1,]     0  0.00000000  0.00000000     0  0.0000000000  0.0000000000
 [2,]     0  0.00000000  0.00000000     0  0.0000000000  0.4379921069
 [3,]     0 -0.01504642  0.00000000     0  0.0000000000  0.0000000000
 [4,]     0  0.00000000  0.00000000     0  0.0000000000  0.0000000000
 [5,]     0  0.00000000  0.00000000     0  0.0000000000 -0.0003526511
 [6,]     0 -0.10450870  0.00000000     0 -0.0003853228  0.0000000000
 [7,]     0  0.00000000  0.00000000     0  0.0000000000  0.0000000000
 [8,]     0  0.00000000 -0.03616709     0  0.0000000000  0.0000000000
 [9,]     0  0.00000000  0.00000000     0  0.0000000000  0.0000000000
[10,]     0  0.00000000 -0.02230262     0  0.0000000000  0.0000000000
             [,71]        [,72] [,73]         [,74]      [,75]       [,76]
 [1,] 0.000000e+00  0.000000000     0 -0.0420268930  0.0000000  0.00000000
 [2,] 0.000000e+00  0.000000000     0  0.0000000000  0.0000000  0.00000000
 [3,] 0.000000e+00  0.000000000     0  0.0000000000  0.0000000  0.17455567
 [4,] 0.000000e+00  0.000000000     0  0.0000000000  0.0000000  0.00000000
 [5,] 0.000000e+00  0.000000000     0 -0.0002298165  0.0000000 -0.07518121
 [6,] 0.000000e+00 -0.000641755     0  0.0000000000  0.0000000 -0.01386877
 [7,] 0.000000e+00  0.000000000     0  0.0000000000 -0.2426344  0.00000000
 [8,] 9.936057e-06  0.000000000     0  0.0000000000  0.0000000  0.00000000
 [9,] 0.000000e+00  0.000000000     0  0.0000000000  0.0000000  0.00000000
[10,] 0.000000e+00  0.000000000     0  0.0000000000  0.0000000  0.00000000
         [,77]       [,78]         [,79]        [,80]       [,81]        [,82]
 [1,] 0.000000  0.00000000  0.0000000000 0.000000e+00 0.000000000  0.000000000
 [2,] 0.000000 -0.03952128  0.0000000000 0.000000e+00 0.001275454  0.000000000
 [3,] 0.000000 -0.02071879  0.0000000000 0.000000e+00 0.000000000  0.000000000
 [4,] 0.000000  0.00000000  0.1122809739 0.000000e+00 0.000000000  0.000000000
 [5,] 0.000000  0.00000000 -0.1417458270 0.000000e+00 0.027764905  0.000000000
 [6,] 0.191244  0.00000000  0.0000000000 0.000000e+00 0.000000000 -0.002366891
 [7,] 0.000000  0.00000000  0.0000000000 0.000000e+00 0.000000000  0.000000000
 [8,] 0.000000  0.00000000  0.0000000000 7.321618e-04 0.000000000  0.000000000
 [9,] 0.000000  0.00000000  0.0000000000 0.000000e+00 0.000000000  0.000000000
[10,] 0.000000  0.00000000 -0.0002600616 2.510245e-05 0.000000000  0.000000000
            [,83] [,84]         [,85]       [,86]        [,87]      [,88]
 [1,]  0.00000000     0  0.000000e+00  0.00000000 0.0000000000 0.00000000
 [2,] -0.08670663     0  0.000000e+00  0.00000000 0.0000000000 0.00000000
 [3,]  0.00000000     0  0.000000e+00  0.00000000 0.0403970698 0.00000000
 [4,]  0.00000000     0  0.000000e+00  0.00000000 0.0000000000 0.00000000
 [5,]  0.12285246     0  9.679944e-05  0.00000000 0.0000000000 0.00150957
 [6,]  0.00000000     0 -1.752042e-03 -0.02567769 0.0000000000 0.00000000
 [7,]  0.00000000     0  0.000000e+00  0.00000000 0.0009353541 0.00000000
 [8,]  0.00000000     0 -1.282967e-01  0.00000000 0.0000000000 0.00000000
 [9,]  0.00000000     0  0.000000e+00  0.00000000 0.0000000000 0.00000000
[10,]  0.00000000     0  0.000000e+00  0.00000000 0.0000000000 0.00000000
              [,89]       [,90]         [,91]         [,92]       [,93] [,94]
 [1,]  0.0000000000  0.00000000  0.000000e+00  0.0000000000  0.00000000     0
 [2,]  0.0000000000  0.00000000  0.000000e+00  0.0000000000  0.00000000     0
 [3,]  0.0000000000  0.03086278  0.000000e+00  0.0000000000  0.00000000     0
 [4,]  0.0000000000 -0.08069152  0.000000e+00  0.0000000000  0.00000000     0
 [5,]  0.0000000000  0.00000000  0.000000e+00 -0.0003692802 -0.02485684     0
 [6,] -0.0001109498 -0.18065631  0.000000e+00  0.0000000000  0.00000000     0
 [7,]  0.0000000000  0.00000000 -5.238705e-02  0.0000000000  0.00000000     0
 [8,]  0.0000000000  0.00000000 -7.526071e-05  0.0000000000  0.00000000     0
 [9,]  0.0000000000  0.00000000 -9.324418e-02  0.0124559358  0.00000000     0
[10,]  0.0000000000  0.00000000  0.000000e+00  0.0000000000  0.00000000     0
              [,95]      [,96]         [,97] [,98]         [,99]      [,100]
 [1,]  0.000000e+00 -0.2239332  0.000000e+00     0  0.0000000000  0.00000000
 [2,]  0.000000e+00  0.0000000  0.000000e+00     0 -0.1706635588  0.00000000
 [3,]  0.000000e+00  0.0000000  0.000000e+00     0 -0.1281591173  0.01964511
 [4,]  1.846649e-05  0.0000000  1.215652e-05     0 -0.0381452723  0.00000000
 [5,]  0.000000e+00  0.0000000  0.000000e+00     0  0.0000000000  0.00000000
 [6,]  0.000000e+00  0.0000000  0.000000e+00     0 -0.0007465385  0.00000000
 [7,]  0.000000e+00  0.0000000  0.000000e+00     0  0.0000000000 -0.28609685
 [8,]  0.000000e+00  0.0431345  0.000000e+00     0  0.0000000000  0.00000000
 [9,] -2.357826e-02  0.0000000 -1.512098e-01     0  0.0000000000  0.00000000
[10,]  0.000000e+00  0.0000000  0.000000e+00     0  0.0000000000  0.00000000
          [,101] [,102] [,103]        [,104]       [,105] [,106]        [,107]
 [1,]  0.0000000      0      0  0.0000000000 0.0000000000      0  0.000000e+00
 [2,]  0.0000000      0      0  0.0000000000 0.0000000000      0  0.000000e+00
 [3,]  0.0000000      0      0 -0.0004604706 0.0000000000      0  0.000000e+00
 [4,]  0.0000000      0      0  0.0000000000 0.0000000000      0 -7.367525e-05
 [5,]  0.0000000      0      0  0.0000000000 0.0004372164      0  5.227773e-05
 [6,]  0.0000000      0      0  0.0000000000 0.0000000000      0  0.000000e+00
 [7,]  0.0000000      0      0  0.0000000000 0.0000000000      0  0.000000e+00
 [8,]  0.0000000      0      0  0.0000000000 0.1287876113      0  0.000000e+00
 [9,]  0.0000000      0      0  0.0000000000 0.0000000000      0  0.000000e+00
[10,] -0.0705379      0      0  0.0000000000 0.0011823405      0  0.000000e+00
          [,108]     [,109]       [,110]        [,111]        [,112]
 [1,]  0.0000000 0.00000000  0.000000000  0.0000000000  0.000000e+00
 [2,] -0.3380834 0.00000000  0.000000000  0.0000000000  0.000000e+00
 [3,]  0.0000000 0.00000000  0.075616600 -0.0295987475  0.000000e+00
 [4,]  0.0000000 0.00000000  0.000000000  0.0000000000  4.893286e-05
 [5,]  0.0000000 0.00000000  0.000000000  0.0003773896  0.000000e+00
 [6,]  0.0000000 0.00000000 -0.001247686  0.0000000000  0.000000e+00
 [7,]  0.0000000 0.08622083  0.000000000  0.0000000000 -2.966358e-03
 [8,]  0.0000000 0.00000000  0.000000000  0.0000000000  0.000000e+00
 [9,]  0.0000000 0.00000000  0.092628177  0.0000000000  0.000000e+00
[10,]  0.0000000 0.00000000  0.000000000 -0.0001054491  0.000000e+00
             [,113]      [,114]      [,115]      [,116]        [,117]
 [1,]  0.0000000000 0.000000000  0.00000000  0.00000000  0.0000000000
 [2,] -0.0396794662 0.002855156  0.00000000  0.00000000  0.0000000000
 [3,]  0.0000000000 0.000000000 -0.15952991  0.00000000  0.0000000000
 [4,]  0.0000000000 0.000000000  0.00000000  0.00000000  0.0000000000
 [5,]  0.0000000000 0.000000000  0.00000000 -0.03194611  0.0000000000
 [6,]  0.0529178669 0.000000000  0.00000000  0.00000000  0.0000000000
 [7,]  0.0000000000 0.000000000  0.00000000  0.00000000  0.0000000000
 [8,]  0.0005660957 0.000000000  0.00000000  0.00000000 -0.0295505638
 [9,]  0.0000000000 0.000000000 -0.04727916  0.00000000 -0.0000858641
[10,]  0.0000000000 0.000000000  0.00000000  0.00000000  0.0000000000
          [,118] [,119]       [,120]        [,121]        [,122]        [,123]
 [1,]  0.0000000      0 1.729745e-05  0.000000e+00  0.000000e+00 -0.0003656841
 [2,]  0.0000000      0 0.000000e+00 -2.848579e-05  0.000000e+00  0.0000000000
 [3,]  0.0000000      0 2.941775e-01  0.000000e+00  0.000000e+00  0.0000000000
 [4,] -0.3959405      0 0.000000e+00  0.000000e+00  0.000000e+00 -0.1993400762
 [5,]  0.0000000      0 0.000000e+00  0.000000e+00  0.000000e+00  0.0000000000
 [6,]  0.0000000      0 0.000000e+00  0.000000e+00  0.000000e+00  0.0000000000
 [7,]  0.0000000      0 0.000000e+00  0.000000e+00  0.000000e+00  0.0000000000
 [8,]  0.0000000      0 0.000000e+00  0.000000e+00 -2.446290e-05  0.0000000000
 [9,]  0.0000000      0 0.000000e+00  0.000000e+00  5.555101e-05  0.0000000000
[10,]  0.0000000      0 0.000000e+00  0.000000e+00  0.000000e+00  0.0000000000
            [,124] [,125]       [,126]     [,127] [,128]      [,129] [,130]
 [1,] 0.0000000000      0  0.000000000 0.00000000      0  0.00000000      0
 [2,] 0.0000000000      0  0.000000000 0.07440064      0  0.00000000      0
 [3,] 0.0000000000      0  0.000000000 0.00000000      0  0.00000000      0
 [4,] 0.0000000000      0  0.000000000 0.00000000      0 -0.16395533      0
 [5,] 0.0001989499      0 -0.054493946 0.00000000      0  0.00000000      0
 [6,] 0.0000000000      0  0.000000000 0.00000000      0  0.00000000      0
 [7,] 0.0000000000      0  0.000000000 0.00000000      0  0.00000000      0
 [8,] 0.0000000000      0  0.000000000 0.00000000      0 -0.02508158      0
 [9,] 0.0000000000      0  0.000793009 0.00000000      0  0.00000000      0
[10,] 0.0000000000      0  0.000000000 0.00000000      0  0.00000000      0
      [,131]        [,132] [,133]      [,134]       [,135]     [,136]
 [1,]      0 -0.0614329429      0  0.00000000 0.0000000000  0.0000000
 [2,]      0  0.0000000000      0  0.00000000 0.0000000000  0.0000000
 [3,]      0  0.0000000000      0  0.00000000 0.0000000000 -0.1433685
 [4,]      0 -0.0004872624      0  0.00000000 0.0000000000  0.0000000
 [5,]      0  0.0000000000      0  0.00000000 0.0001155413  0.0000000
 [6,]      0  0.0000000000      0  0.00000000 0.0000000000  0.0000000
 [7,]      0  0.0000000000      0  0.10296252 0.0000000000  0.0000000
 [8,]      0  0.0000000000      0 -0.02768726 0.0000000000  0.0000000
 [9,]      0  0.0000000000      0  0.00000000 0.0000000000  0.0000000
[10,]      0  0.0000000000      0  0.00000000 0.0008938169  0.0000000
            [,137]        [,138]        [,139]        [,140] [,141]     [,142]
 [1,] -0.099142394  0.000000e+00  0.000000e+00  0.0000000000      0  0.0000000
 [2,]  0.000000000  0.000000e+00 -2.523822e-06  0.0000000000      0  0.0000000
 [3,]  0.000000000  0.000000e+00  0.000000e+00  0.0000000000      0  0.0000000
 [4,]  0.000000000  0.000000e+00  0.000000e+00 -0.2673117734      0  0.0000000
 [5,]  0.000000000  3.158525e-04  0.000000e+00  0.0004283474      0  0.0000000
 [6,] -0.002749025  0.000000e+00  0.000000e+00  0.0000000000      0  0.0000000
 [7,]  0.000000000  0.000000e+00  0.000000e+00  0.0000000000      0 -0.4168652
 [8,]  0.000000000  0.000000e+00  0.000000e+00  0.0000000000      0  0.0000000
 [9,]  0.000000000 -8.790309e-06  0.000000e+00  0.0000000000      0  0.0000000
[10,]  0.000000000  0.000000e+00 -1.452095e-04  0.0000000000      0  0.2115579
             [,143] [,144]       [,145] [,146]     [,147]        [,148] [,149]
 [1,]  0.000000e+00      0  0.000000000      0 0.00000000  0.0000000000      0
 [2,]  0.000000e+00      0  0.000000000      0 0.00000000  0.0000000000      0
 [3,]  0.000000e+00      0  0.000000000      0 0.00000000  0.0000000000      0
 [4,]  0.000000e+00      0  0.000000000      0 0.00000000  0.0000000000      0
 [5,]  2.471777e-04      0  0.000000000      0 0.05944616 -0.0001795338      0
 [6,]  0.000000e+00      0  0.000000000      0 0.00000000  0.0000000000      0
 [7,]  0.000000e+00      0  0.000000000      0 0.00000000  0.0000000000      0
 [8,] -7.821513e-06      0  0.000000000      0 0.00000000  0.0000000000      0
 [9,]  0.000000e+00      0 -0.007105725      0 0.00000000  0.0000000000      0
[10,] -9.889970e-02      0  0.000000000      0 0.00000000  0.0000000000      0
             [,150]        [,151]       [,152]       [,153]      [,154] [,155]
 [1,]  0.000000e+00  0.0000000000 -0.061030747 0.0000000000 0.000000000      0
 [2,]  0.000000e+00  0.0000000000  0.000000000 0.0000000000 0.000000000      0
 [3,]  0.000000e+00  0.0000000000 -0.032646198 0.0002787631 0.000000000      0
 [4,] -2.735669e-06  0.0000000000  0.000000000 0.0000000000 0.000000000      0
 [5,]  0.000000e+00  0.0000000000  0.183915702 0.0000000000 0.001328922      0
 [6,]  0.000000e+00  0.0000000000  0.002740177 0.0000000000 0.000000000      0
 [7,]  0.000000e+00  0.0000000000  0.000000000 0.0000000000 0.000000000      0
 [8,] -9.628007e-02  0.0000000000  0.000000000 0.0000000000 0.000000000      0
 [9,]  0.000000e+00 -0.0001918209  0.000000000 0.0000000000 0.000000000      0
[10,]  0.000000e+00 -0.3382707622  0.000000000 0.0000000000 0.000000000      0
             [,156]      [,157] [,158]        [,159] [,160]      [,161]
 [1,]  0.000000e+00  0.00000000      0  0.0000000000      0 0.001214028
 [2,]  0.000000e+00  0.00000000      0  0.0000000000      0 0.000000000
 [3,]  0.000000e+00  0.00000000      0  0.0000000000      0 0.000000000
 [4,]  0.000000e+00  0.00000000      0  0.0000000000      0 0.025886413
 [5,]  1.733624e-02  0.00000000      0  0.0004035903      0 0.000000000
 [6,]  0.000000e+00  0.00000000      0  0.0000000000      0 0.000000000
 [7,] -4.331160e-02 -0.09796114      0  0.0000000000      0 0.000000000
 [8,]  2.851315e-05  0.00000000      0  0.0000000000      0 0.000000000
 [9,]  0.000000e+00  0.00000000      0 -0.0055344765      0 0.000000000
[10,]  0.000000e+00  0.00000000      0  0.0000000000      0 0.000000000
            [,162]        [,163]     [,164]      [,165] [,166]    [,167]
 [1,] 0.000000e+00  0.000000e+00 -0.0603467  0.00000000      0  0.000000
 [2,] 9.981315e-05  0.000000e+00  0.0000000 -0.32210889      0  0.000000
 [3,] 0.000000e+00  0.000000e+00  0.0000000  0.00000000      0 -0.286198
 [4,] 0.000000e+00  1.059969e-02  0.0000000  0.00000000      0  0.000000
 [5,] 1.947031e-04  3.601199e-02  0.0000000 -0.00029629      0  0.000000
 [6,] 0.000000e+00  0.000000e+00  0.0000000  0.00000000      0  0.000000
 [7,] 0.000000e+00  0.000000e+00  0.0000000  0.00000000      0  0.000000
 [8,] 0.000000e+00  0.000000e+00  0.0000000  0.00000000      0  0.000000
 [9,] 3.411356e-02  0.000000e+00  0.0000000  0.00000000      0  0.000000
[10,] 0.000000e+00 -2.236771e-05  0.0000000  0.00000000      0  0.000000
             [,168]        [,169]       [,170]        [,171]        [,172]
 [1,]  0.000000e+00  0.000000e+00 0.000000e+00  0.0000000000  0.000000e+00
 [2,]  6.057841e-02  0.000000e+00 0.000000e+00  0.0000000000  0.000000e+00
 [3,]  0.000000e+00 -4.897836e-06 0.000000e+00  0.0000000000  0.000000e+00
 [4,]  0.000000e+00  0.000000e+00 1.048737e-05  0.0000000000  0.000000e+00
 [5,] -2.228426e-04  0.000000e+00 3.307979e-03  0.0000000000  0.000000e+00
 [6,]  0.000000e+00  0.000000e+00 0.000000e+00 -0.0004773814  0.000000e+00
 [7,]  0.000000e+00  0.000000e+00 0.000000e+00  0.0000000000 -1.930605e-05
 [8,]  0.000000e+00  0.000000e+00 0.000000e+00  0.0000000000  0.000000e+00
 [9,]  0.000000e+00  0.000000e+00 0.000000e+00  0.0000000000 -2.555789e-04
[10,] -5.467066e-05  2.772798e-02 0.000000e+00  0.0000000000  0.000000e+00
            [,173]       [,174]       [,175] [,176]      [,177]     [,178]
 [1,]  0.000000000  0.000000000  0.000000000      0 0.000000000 0.10989898
 [2,]  0.000000000  0.000000000  0.000000000      0 0.000000000 0.00000000
 [3,]  0.000000000  0.000000000  0.000000000      0 0.000000000 0.01989114
 [4,]  0.000000000  0.000000000  0.404912805      0 0.262326953 0.00000000
 [5,]  0.000000000  0.000000000  0.000000000      0 0.001782076 0.00000000
 [6,] -0.000638979  0.000000000  0.000000000      0 0.000000000 0.00000000
 [7,]  0.000000000  0.000000000  0.000000000      0 0.000000000 0.00000000
 [8,]  0.000000000  0.000000000  0.000000000      0 0.000000000 0.00000000
 [9,]  0.000000000  0.066849401  0.000000000      0 0.000000000 0.00000000
[10,]  0.000000000 -0.009508348 -0.008232172      0 0.000000000 0.00000000
            [,179]       [,180]       [,181] [,182]   [,183]     [,184]
 [1,] 0.0000000000  0.00000e+00 0.0009776221      0  0.00000  0.0000000
 [2,] 0.0000000000  0.00000e+00 0.0000000000      0  0.00000  0.0000000
 [3,] 0.0000000000  0.00000e+00 0.0000000000      0  0.00000  0.0000000
 [4,] 0.0140647292  0.00000e+00 0.0000000000      0  0.00000  0.0000000
 [5,] 0.0005212215 -1.01476e-05 0.0000000000      0  0.00000  0.0000000
 [6,] 0.0000000000  0.00000e+00 0.0005604877      0  0.00000 -0.1340295
 [7,] 0.0000000000  0.00000e+00 0.0000000000      0 -0.10493  0.0000000
 [8,] 0.0000000000  0.00000e+00 0.0384957011      0  0.00000  0.0000000
 [9,] 0.0000000000  0.00000e+00 0.0000000000      0  0.00000  0.0000000
[10,] 0.0000000000  0.00000e+00 0.0000000000      0  0.00000  0.0000000
            [,185]       [,186]      [,187]        [,188]      [,189]
 [1,]  0.000000000 0.000000e+00  0.00000000  1.567401e-05  0.00000000
 [2,]  0.000000000 0.000000e+00  0.00000000  0.000000e+00  0.00000000
 [3,]  0.000000000 0.000000e+00  0.00000000  0.000000e+00  0.01147252
 [4,]  0.000000000 1.944218e-02  0.00000000  0.000000e+00  0.00000000
 [5,]  0.000000000 0.000000e+00 -0.02888709  0.000000e+00 -0.01089755
 [6,]  0.000000000 0.000000e+00  0.00000000  0.000000e+00  0.03354166
 [7,]  0.000000000 0.000000e+00  0.00000000 -3.485731e-02 -0.08353278
 [8,] -0.001563605 0.000000e+00  0.00000000  0.000000e+00  0.00000000
 [9,]  0.000000000 4.835575e-05  0.00000000 -6.092143e-03  0.00000000
[10,]  0.000000000 0.000000e+00  0.00000000  0.000000e+00  0.14746513
           [,190]     [,191]     [,192] [,193]       [,194]        [,195]
 [1,] 0.000000000  0.0000000  0.0000000      0 0.000000e+00  0.0000000000
 [2,] 0.000000000  0.0000000  0.0000000      0 0.000000e+00  0.0000000000
 [3,] 0.000000000 -0.2150686  0.0000000      0 0.000000e+00  0.0000000000
 [4,] 0.004604695  0.0000000  0.0000000      0 0.000000e+00  0.0000000000
 [5,] 0.000000000  0.0000000  0.0000000      0 3.607632e-05  0.0000000000
 [6,] 0.000000000  0.0000000  0.0000000      0 0.000000e+00  0.0000000000
 [7,] 0.000000000  0.0000000  0.0000000      0 0.000000e+00  0.0000000000
 [8,] 0.000000000  0.0000000 -0.0302667      0 0.000000e+00  0.0000000000
 [9,] 0.000000000  0.0000000  0.0000000      0 0.000000e+00  0.0000000000
[10,] 0.000000000  0.0000000  0.0000000      0 0.000000e+00 -0.0002457045
      [,196]       [,197]     [,198] [,199] [,200]       [,201]      [,202]
 [1,]      0  0.000000000  0.0000000      0      0 0.000000e+00 -0.06276673
 [2,]      0  0.000000000  0.0000000      0      0 0.000000e+00  0.00000000
 [3,]      0  0.000000000  0.0000000      0      0 0.000000e+00  0.00000000
 [4,]      0  0.000000000  0.0000000      0      0 9.758558e-05  0.00000000
 [5,]      0  0.000000000  0.0000000      0      0 0.000000e+00  0.00000000
 [6,]      0  0.000000000  0.0000000      0      0 0.000000e+00  0.00000000
 [7,]      0  0.000000000  0.0000000      0      0 0.000000e+00  0.00000000
 [8,]      0 -0.044007151  0.0000000      0      0 0.000000e+00  0.00000000
 [9,]      0  0.000000000  0.0000000      0      0 0.000000e+00  0.00000000
[10,]      0  0.005754508 -0.1562028      0      0 0.000000e+00  0.00000000
           [,203]      [,204]      [,205]     [,206]
 [1,] 0.000000000  0.00000000 0.000000000 0.00000000
 [2,] 0.000000000  0.03171257 0.000000000 0.03309071
 [3,] 0.000000000  0.00000000 0.000000000 0.00000000
 [4,] 0.000000000 -0.25427115 0.061072632 0.00000000
 [5,] 0.000153482  0.01385041 0.001676651 0.08596980
 [6,] 0.000000000  0.00000000 0.000000000 0.00000000
 [7,] 0.000000000  0.00000000 0.000000000 0.00000000
 [8,] 0.000000000  0.00000000 0.000000000 0.00000000
 [9,] 0.000000000  0.00000000 0.000000000 0.00000000
[10,] 0.000000000  0.18302265 0.000000000 0.00000000
[1] "Mean"
  [1]  3.295105e-01 -5.809008e-01  4.207947e+00  1.941202e+00  1.185368e+00
  [6] -5.781088e-02  7.416712e-03  2.131093e-02 -7.431524e-03  2.922726e-05
 [11]  0.000000e+00  5.695794e-02  2.928973e-06  0.000000e+00  0.000000e+00
 [16] -7.458930e-03  1.337188e-02 -1.015838e-03  0.000000e+00  2.297034e-04
 [21]  7.073952e-03 -3.429981e-04  6.660929e-03  1.986701e-02  2.587713e-02
 [26] -4.752980e-03  3.531922e-02  3.191068e-06  1.224225e-02 -7.280655e-03
 [31] -3.923631e-04  1.432439e-02  8.761956e-03  1.282497e-02 -1.649892e-02
 [36]  5.801189e-03  1.937398e-05 -5.931817e-03  2.367893e-03  1.971872e-03
 [41]  2.360758e-04  1.849179e-02  6.613565e-03  2.310601e-02  9.914235e-03
 [46] -2.489128e-02  1.810890e-02  3.880208e-05 -7.391318e-03  5.266927e-04
 [51] -1.245627e-02  0.000000e+00 -6.055901e-03 -8.887781e-03 -6.635147e-07
 [56]  0.000000e+00 -8.744711e-04  5.370433e-05  2.037859e-03 -9.271197e-04
 [61]  2.131096e-05 -3.462733e-02  2.772699e-02  7.472753e-02  0.000000e+00
 [66] -1.195551e-02 -5.846971e-03  0.000000e+00 -3.853228e-05  4.376395e-02
 [71]  9.936057e-07 -6.417550e-05  0.000000e+00 -4.225671e-03 -2.426344e-02
 [76]  8.550569e-03  1.912440e-02 -6.024007e-03 -2.972491e-03  7.572643e-05
 [81]  2.904036e-03 -2.366891e-04  3.614583e-03  0.000000e+00 -1.299520e-02
 [86] -2.567769e-03  4.133242e-03  1.509570e-04 -1.109498e-05 -2.304850e-02
 [91] -1.457065e-02  1.208666e-03 -2.485684e-03  0.000000e+00 -2.355979e-03
 [96] -1.807987e-02 -1.511976e-02  0.000000e+00 -3.377145e-02 -2.664517e-02
[101] -7.053790e-03  0.000000e+00  0.000000e+00 -4.604706e-05  1.304072e-02
[106]  0.000000e+00 -2.139751e-06 -3.380834e-02  8.622083e-03  1.669971e-02
[111] -2.932681e-03 -2.917425e-04  1.380450e-03  2.855156e-04 -2.068091e-02
[116] -3.194611e-03 -2.963643e-03 -3.959405e-02  0.000000e+00  2.941948e-02
[121] -2.848579e-06  3.108810e-06 -1.997058e-02  1.989499e-05  0.000000e+00
[126] -5.370094e-03  7.440064e-03  0.000000e+00 -1.890369e-02  0.000000e+00
[131]  0.000000e+00 -6.192021e-03  0.000000e+00  7.527527e-03  1.009358e-04
[136] -1.433685e-02 -1.018914e-02  3.070622e-05 -1.477334e-05 -2.668834e-02
[141]  0.000000e+00 -2.053073e-02 -9.866034e-03  0.000000e+00 -7.105725e-04
[146]  0.000000e+00  5.944616e-03 -1.795338e-05  0.000000e+00 -9.628280e-03
[151] -3.384626e-02  9.297893e-03  2.787631e-05  1.328922e-04  0.000000e+00
[156] -2.594685e-03 -9.796114e-03  0.000000e+00 -5.130886e-04  0.000000e+00
[161]  2.710044e-03  3.440808e-03  4.658931e-03 -6.034670e-03 -3.224052e-02
[166]  0.000000e+00 -2.861980e-02  6.030090e-03  2.772308e-03  3.318466e-04
[171] -4.773814e-05 -2.748849e-05 -6.389790e-05  5.734105e-03  3.966806e-02
[176]  0.000000e+00  2.641090e-02  1.297901e-02  1.458595e-03 -1.014760e-06
[181]  4.003381e-03  0.000000e+00 -1.049300e-02 -1.340295e-02 -1.563605e-04
[186]  1.949054e-03 -2.888709e-03 -4.093378e-03  9.804898e-03  4.604695e-04
[191] -2.150686e-02 -3.026670e-03  0.000000e+00  3.607632e-06 -2.457045e-05
[196]  0.000000e+00 -3.825264e-03 -1.562028e-02  0.000000e+00  0.000000e+00
[201]  9.758558e-06 -6.276673e-03  1.534820e-05 -2.568552e-03  6.274928e-03
[206]  1.190605e-02
[1] "Variance"
  [1] 7.338094e-02 9.642657e-01 5.690542e-01 8.095874e-01 4.467642e-01
  [6] 1.301621e-01 2.345813e-02 7.535952e-02 2.365992e-02 9.242471e-05
 [11] 0.000000e+00 1.205369e-01 9.262225e-06 0.000000e+00 0.000000e+00
 [16] 2.358721e-02 4.228561e-02 3.403165e-03 0.000000e+00 7.263858e-04
 [21] 2.236980e-02 3.328471e-02 1.079121e-01 6.282501e-02 8.186367e-02
 [26] 1.503024e-02 9.755724e-02 1.009104e-05 3.871341e-02 2.336686e-02
 [31] 1.240761e-03 4.544464e-02 3.193951e-02 4.050737e-02 5.139939e-02
 [36] 1.834497e-02 6.126590e-05 1.875805e-02 5.191675e-02 7.359454e-02
 [41] 7.465372e-04 5.843037e-02 1.398656e-02 5.190007e-02 3.135156e-02
 [46] 5.860244e-02 5.719340e-02 9.323779e-05 2.337340e-02 1.650069e-03
 [51] 3.936485e-02 0.000000e+00 1.919255e-02 2.810563e-02 2.098218e-06
 [56] 0.000000e+00 2.765320e-03 1.134737e-04 6.444276e-03 2.931810e-03
 [61] 4.521015e-05 9.213701e-02 8.364110e-02 2.912334e-01 0.000000e+00
 [66] 3.286187e-02 1.275232e-02 0.000000e+00 1.218498e-04 1.385177e-01
 [71] 3.142057e-06 2.029408e-04 0.000000e+00 1.328219e-02 7.672774e-02
 [76] 6.287829e-02 6.047667e-02 1.345079e-02 6.019469e-02 2.307828e-04
 [81] 8.744411e-03 7.484766e-04 4.997790e-02 0.000000e+00 4.051663e-02
 [86] 8.119999e-03 1.274520e-02 4.773680e-04 3.508539e-05 6.217180e-02
 [91] 3.217288e-02 3.953592e-03 7.860424e-03 0.000000e+00 7.456751e-03
 [96] 7.358882e-02 4.781716e-02 0.000000e+00 6.289437e-02 9.137085e-02
[101] 2.230604e-02 0.000000e+00 0.000000e+00 1.456136e-04 4.067109e-02
[106] 0.000000e+00 3.002817e-05 1.069113e-01 2.726542e-02 3.576249e-02
[111] 9.370362e-03 9.398898e-04 2.200006e-02 9.028796e-04 5.099903e-02
[116] 1.010225e-02 9.341731e-03 1.252074e-01 0.000000e+00 9.302650e-02
[121] 9.007998e-06 1.996581e-05 6.302412e-02 6.291349e-05 0.000000e+00
[126] 1.726216e-02 2.352755e-02 0.000000e+00 5.157189e-02 0.000000e+00
[131] 0.000000e+00 1.941029e-02 0.000000e+00 3.464299e-02 2.809464e-04
[136] 4.533710e-02 3.126692e-02 1.002283e-04 4.583747e-05 8.454656e-02
[141] 0.000000e+00 1.543151e-01 3.128334e-02 0.000000e+00 2.247027e-03
[146] 0.000000e+00 1.879853e-02 5.677356e-05 0.000000e+00 3.044633e-02
[151] 1.069639e-01 6.477183e-02 8.815263e-05 4.202421e-04 0.000000e+00
[156] 1.530837e-02 3.097803e-02 0.000000e+00 1.768889e-03 0.000000e+00
[161] 8.152279e-03 1.077750e-02 1.150923e-02 1.908330e-02 1.018494e-01
[166] 0.000000e+00 9.050375e-02 1.916645e-02 8.768530e-03 1.045711e-03
[171] 1.509613e-04 8.037212e-05 2.020629e-04 2.168064e-02 1.283600e-01
[176] 0.000000e+00 8.289434e-02 3.462320e-02 4.432372e-03 3.208954e-06
[181] 1.212398e-02 0.000000e+00 3.318177e-02 4.238386e-02 4.944552e-04
[186] 6.146478e-03 9.134898e-03 1.097770e-02 5.689928e-02 1.456132e-03
[191] 6.801067e-02 9.571171e-03 0.000000e+00 1.140833e-05 7.769860e-05
[196] 0.000000e+00 1.423383e-02 4.939566e-02 0.000000e+00 0.000000e+00
[201] 3.085927e-05 1.984858e-02 4.853526e-05 1.050305e-01 1.926116e-02
[206] 2.802432e-02
[1] "Bias"
  [1] -0.7803264 -1.3872672 -0.1584106 -0.3529327 -0.4073158 -0.8843782
  [7]        Inf        Inf       -Inf        Inf        NaN        Inf
 [13]        Inf        NaN        NaN       -Inf        Inf       -Inf
 [19]        NaN        Inf        Inf       -Inf        Inf        Inf
 [25]        Inf       -Inf        Inf        Inf        Inf       -Inf
 [31]       -Inf        Inf        Inf        Inf       -Inf        Inf
 [37]        Inf       -Inf        Inf        Inf        Inf        Inf
 [43]        Inf        Inf        Inf       -Inf        Inf        Inf
 [49]       -Inf        Inf       -Inf        NaN       -Inf       -Inf
 [55]       -Inf        NaN       -Inf        Inf        Inf       -Inf
 [61]        Inf       -Inf        Inf        Inf        NaN       -Inf
 [67]       -Inf        NaN       -Inf        Inf        Inf       -Inf
 [73]        NaN       -Inf       -Inf        Inf        Inf       -Inf
 [79]       -Inf        Inf        Inf       -Inf        Inf        NaN
 [85]       -Inf       -Inf        Inf        Inf       -Inf       -Inf
 [91]       -Inf        Inf       -Inf        NaN       -Inf       -Inf
 [97]       -Inf        NaN       -Inf       -Inf       -Inf        NaN
[103]        NaN       -Inf        Inf        NaN       -Inf       -Inf
[109]        Inf        Inf       -Inf       -Inf        Inf        Inf
[115]       -Inf       -Inf       -Inf       -Inf        NaN        Inf
[121]       -Inf        Inf       -Inf        Inf        NaN       -Inf
[127]        Inf        NaN       -Inf        NaN        NaN       -Inf
[133]        NaN        Inf        Inf       -Inf       -Inf        Inf
[139]       -Inf       -Inf        NaN       -Inf       -Inf        NaN
[145]       -Inf        NaN        Inf       -Inf        NaN       -Inf
[151]       -Inf        Inf        Inf        Inf        NaN       -Inf
[157]       -Inf        NaN       -Inf        NaN        Inf        Inf
[163]        Inf       -Inf       -Inf        NaN       -Inf        Inf
[169]        Inf        Inf       -Inf       -Inf       -Inf        Inf
[175]        Inf        NaN        Inf        Inf        Inf       -Inf
[181]        Inf        NaN       -Inf       -Inf       -Inf        Inf
[187]       -Inf       -Inf        Inf        Inf       -Inf       -Inf
[193]        NaN        Inf       -Inf        NaN       -Inf       -Inf
[199]        NaN        NaN        Inf       -Inf        Inf       -Inf
[205]        Inf        Inf
