[1] "broken"
[1] "broken"
[1] "broken"
[1] "broken"
[1] "broken"
[1] "broken"
[1] "broken"
[1] "broken"
[1] "broken"
[1] "broken"
[1] "broken"
[1] "broken"
[1] "broken"
[1] "broken"
[1] "broken"
[1] "broken"
[1] "broken"
[1] "broken"
[1] "broken"
[1] "broken"
[1] "broken"
[1] "broken"
[1] "broken"
[1] "broken"
[1] "broken"
[1] "broken"
[1] "broken"
[1] "broken"
[1] "broken"
[1] "broken"
[1] "broken"
[1] "broken"
[1] "broken"
[1] "broken"
[1] "broken"
[1] "broken"
[1] "broken"
[1] "broken"
[1] "broken"
[1] "broken"
[1] "broken"
[1] "broken"
[1] "broken"
[1] "broken"
[1] "broken"
[1] "broken"
[1] "broken"
[1] "broken"
[1] "broken"
[1] "broken"
[1] "broken"
[1] "broken"
[1] "broken"
[1] "broken"
final values in 1th iteration
  [1]  4.446190e-01  3.192610e-01  4.931610e+00  2.114861e+00  1.327871e+00
  [6]  0.000000e+00 -7.984519e-03  7.922833e-05  0.000000e+00  0.000000e+00
 [11]  0.000000e+00  0.000000e+00  0.000000e+00  8.611329e-02  0.000000e+00
 [16]  0.000000e+00  0.000000e+00  0.000000e+00  0.000000e+00  0.000000e+00
 [21]  0.000000e+00 -3.544842e-03  0.000000e+00  0.000000e+00  0.000000e+00
 [26]  0.000000e+00  0.000000e+00  0.000000e+00  0.000000e+00  0.000000e+00
 [31]  0.000000e+00  0.000000e+00  0.000000e+00  0.000000e+00  0.000000e+00
 [36]  0.000000e+00  0.000000e+00  0.000000e+00  0.000000e+00  0.000000e+00
 [41]  0.000000e+00  0.000000e+00  2.276165e-02  0.000000e+00  0.000000e+00
 [46] -1.204896e-02  0.000000e+00  0.000000e+00 -2.102055e-02  0.000000e+00
 [51]  0.000000e+00  0.000000e+00  0.000000e+00  0.000000e+00  0.000000e+00
 [56]  0.000000e+00 -3.457071e-03  0.000000e+00  2.692039e-03  0.000000e+00
 [61]  6.755018e-02  0.000000e+00  0.000000e+00 -4.613682e-04  0.000000e+00
 [66]  0.000000e+00  0.000000e+00  0.000000e+00  0.000000e+00  0.000000e+00
 [71]  0.000000e+00  0.000000e+00  0.000000e+00  0.000000e+00  1.077375e-01
 [76]  0.000000e+00  0.000000e+00  0.000000e+00  0.000000e+00  0.000000e+00
 [81]  0.000000e+00  0.000000e+00  0.000000e+00  0.000000e+00  0.000000e+00
 [86]  0.000000e+00  0.000000e+00  0.000000e+00  0.000000e+00  0.000000e+00
 [91]  0.000000e+00  1.308857e-02  0.000000e+00  0.000000e+00  4.293209e-04
 [96] -2.004443e-01  2.998320e-01  0.000000e+00  0.000000e+00  0.000000e+00
[101]  0.000000e+00  0.000000e+00  0.000000e+00  0.000000e+00  0.000000e+00
[106]  0.000000e+00  0.000000e+00  0.000000e+00 -5.543653e-02  0.000000e+00
[111]  0.000000e+00  0.000000e+00  0.000000e+00  0.000000e+00  7.722288e-02
[116]  0.000000e+00  0.000000e+00  0.000000e+00  0.000000e+00  1.083651e-03
[121]  0.000000e+00  0.000000e+00  0.000000e+00  0.000000e+00 -8.801419e-02
[126]  0.000000e+00  0.000000e+00  0.000000e+00  1.706308e-02  0.000000e+00
[131]  0.000000e+00 -1.291857e-02  0.000000e+00  0.000000e+00  0.000000e+00
[136]  0.000000e+00 -9.505192e-02  0.000000e+00  0.000000e+00 -1.454721e-03
[141]  8.112708e-03  0.000000e+00  0.000000e+00  0.000000e+00  0.000000e+00
[146]  0.000000e+00  0.000000e+00 -1.798065e-02  0.000000e+00  0.000000e+00
[151]  0.000000e+00 -7.817114e-04  0.000000e+00  0.000000e+00  0.000000e+00
[156] -6.351550e-02  2.464165e-04  0.000000e+00 -1.176240e-01 -1.965567e-03
[161]  0.000000e+00  0.000000e+00  0.000000e+00 -1.425242e-01  0.000000e+00
[166]  0.000000e+00  0.000000e+00  0.000000e+00  8.781836e-02  0.000000e+00
[171]  0.000000e+00  0.000000e+00  0.000000e+00  0.000000e+00  0.000000e+00
[176]  0.000000e+00  0.000000e+00  0.000000e+00  0.000000e+00  0.000000e+00
[181]  2.946676e-05  0.000000e+00  8.597293e-03  0.000000e+00  0.000000e+00
[186]  0.000000e+00  0.000000e+00  0.000000e+00  0.000000e+00  0.000000e+00
[191]  0.000000e+00  0.000000e+00  2.491185e-02  0.000000e+00  0.000000e+00
[196]  0.000000e+00 -9.651997e-02  0.000000e+00  0.000000e+00  0.000000e+00
[201]  0.000000e+00 -2.178819e-01  0.000000e+00  0.000000e+00  0.000000e+00
[206]  0.000000e+00
[1] "broken"
[1] "broken"
[1] "broken"
[1] "broken"
[1] "broken"
[1] "broken"
[1] "broken"
[1] "broken"
[1] "broken"
[1] "broken"
[1] "broken"
[1] "broken"
[1] "broken"
[1] "broken"
[1] "broken"
[1] "broken"
[1] "broken"
[1] "broken"
[1] "broken"
[1] "broken"
[1] "broken"
[1] "broken"
[1] "broken"
[1] "broken"
[1] "broken"
[1] "broken"
[1] "broken"
[1] "broken"
[1] "broken"
[1] "broken"
[1] "broken"
final values in 2th iteration
  [1]  3.799868e-01  1.055115e+00  4.581483e+00  2.544664e+00  1.486392e+00
  [6] -1.898819e-01 -1.613551e-01  0.000000e+00  0.000000e+00  0.000000e+00
 [11]  0.000000e+00  0.000000e+00  0.000000e+00  0.000000e+00  0.000000e+00
 [16]  0.000000e+00  1.106829e-01  0.000000e+00  0.000000e+00  0.000000e+00
 [21] -1.610315e-06  0.000000e+00 -2.412679e-01  0.000000e+00  0.000000e+00
 [26] -4.234524e-02  9.835932e-02  0.000000e+00  1.020506e-01  0.000000e+00
 [31]  0.000000e+00  0.000000e+00  0.000000e+00  0.000000e+00  4.861600e-04
 [36]  0.000000e+00  0.000000e+00  0.000000e+00  0.000000e+00  0.000000e+00
 [41]  0.000000e+00  0.000000e+00  0.000000e+00  1.516107e-01  0.000000e+00
 [46] -7.443422e-04  0.000000e+00  0.000000e+00  0.000000e+00  0.000000e+00
 [51]  0.000000e+00  0.000000e+00  0.000000e+00 -5.834002e-05  0.000000e+00
 [56]  0.000000e+00  0.000000e+00  0.000000e+00  0.000000e+00  0.000000e+00
 [61]  0.000000e+00  0.000000e+00  0.000000e+00  0.000000e+00  5.740938e-04
 [66]  0.000000e+00  0.000000e+00  8.230919e-04  0.000000e+00  3.764738e-02
 [71]  0.000000e+00  0.000000e+00  0.000000e+00  0.000000e+00  0.000000e+00
 [76]  0.000000e+00  0.000000e+00  0.000000e+00  1.614288e-01  6.502585e-05
 [81]  2.971481e-01  0.000000e+00  0.000000e+00  0.000000e+00  0.000000e+00
 [86]  0.000000e+00  2.656149e-02  0.000000e+00  0.000000e+00  1.565729e-01
 [91]  0.000000e+00  0.000000e+00  0.000000e+00  0.000000e+00  0.000000e+00
 [96]  0.000000e+00  0.000000e+00  0.000000e+00  0.000000e+00  0.000000e+00
[101] -2.416150e-02  0.000000e+00 -1.145015e-01  4.230150e-02  0.000000e+00
[106]  0.000000e+00  0.000000e+00 -7.534636e-02  0.000000e+00  0.000000e+00
[111]  0.000000e+00  0.000000e+00  0.000000e+00  0.000000e+00  0.000000e+00
[116]  0.000000e+00 -1.479637e-02  0.000000e+00  0.000000e+00  0.000000e+00
[121]  0.000000e+00  0.000000e+00  0.000000e+00  0.000000e+00  0.000000e+00
[126]  0.000000e+00  0.000000e+00  0.000000e+00 -1.877257e-04  0.000000e+00
[131]  0.000000e+00  0.000000e+00  0.000000e+00  0.000000e+00  0.000000e+00
[136]  0.000000e+00  0.000000e+00  0.000000e+00  0.000000e+00  0.000000e+00
[141]  8.377324e-06  0.000000e+00  0.000000e+00  0.000000e+00 -7.851191e-02
[146] -8.987601e-05  0.000000e+00  0.000000e+00  5.637147e-02  0.000000e+00
[151] -1.733221e-01  0.000000e+00  0.000000e+00  0.000000e+00  0.000000e+00
[156]  0.000000e+00  0.000000e+00  2.308082e-01  0.000000e+00  0.000000e+00
[161]  0.000000e+00  0.000000e+00  0.000000e+00  0.000000e+00 -1.938216e-03
[166]  0.000000e+00  0.000000e+00  0.000000e+00  0.000000e+00  0.000000e+00
[171]  0.000000e+00  0.000000e+00  0.000000e+00  0.000000e+00  0.000000e+00
[176]  0.000000e+00  3.650756e-02  0.000000e+00  0.000000e+00  0.000000e+00
[181]  0.000000e+00  0.000000e+00  0.000000e+00  0.000000e+00  0.000000e+00
[186]  5.511359e-04  0.000000e+00  0.000000e+00  0.000000e+00  0.000000e+00
[191]  0.000000e+00  0.000000e+00  0.000000e+00  0.000000e+00  1.493625e-01
[196]  0.000000e+00  0.000000e+00  0.000000e+00  0.000000e+00  0.000000e+00
[201]  0.000000e+00  0.000000e+00  0.000000e+00  0.000000e+00  0.000000e+00
[206]  4.376530e-02
[1] "broken"
[1] "broken"
[1] "broken"
[1] "broken"
[1] "broken"
[1] "broken"
[1] "broken"
[1] "broken"
[1] "broken"
[1] "broken"
[1] "broken"
[1] "broken"
[1] "broken"
[1] "broken"
[1] "broken"
[1] "broken"
[1] "broken"
[1] "broken"
[1] "broken"
[1] "broken"
[1] "broken"
[1] "broken"
[1] "broken"
[1] "broken"
[1] "broken"
[1] "broken"
final values in 3th iteration
  [1]  3.063143e-01  2.637548e-01  4.228852e+00  2.522255e+00  1.239860e+00
  [6] -2.845443e-01  0.000000e+00 -2.047165e-05  0.000000e+00 -1.119130e-01
 [11]  0.000000e+00  1.288558e-02 -4.520615e-05 -4.669734e-04  0.000000e+00
 [16] -2.718339e-03  0.000000e+00  0.000000e+00  0.000000e+00  0.000000e+00
 [21]  1.971066e-02 -1.038520e-01  9.198061e-02  0.000000e+00  0.000000e+00
 [26]  1.447668e-02  0.000000e+00  0.000000e+00  0.000000e+00  0.000000e+00
 [31]  0.000000e+00 -1.191104e-01  0.000000e+00  0.000000e+00  0.000000e+00
 [36]  0.000000e+00  0.000000e+00  0.000000e+00 -1.909801e-03  0.000000e+00
 [41]  5.054797e-03  7.579875e-02  0.000000e+00  0.000000e+00  0.000000e+00
 [46]  0.000000e+00  0.000000e+00  0.000000e+00  0.000000e+00  0.000000e+00
 [51]  0.000000e+00  0.000000e+00  0.000000e+00  0.000000e+00  0.000000e+00
 [56]  0.000000e+00  0.000000e+00  0.000000e+00  0.000000e+00  0.000000e+00
 [61]  0.000000e+00 -1.778964e-01  0.000000e+00  0.000000e+00  0.000000e+00
 [66]  0.000000e+00  0.000000e+00  0.000000e+00  0.000000e+00 -1.416485e-01
 [71]  0.000000e+00  0.000000e+00  0.000000e+00 -2.015349e-01  0.000000e+00
 [76]  1.962386e-01  0.000000e+00  0.000000e+00  0.000000e+00  0.000000e+00
 [81]  0.000000e+00  0.000000e+00  0.000000e+00 -1.015355e-06  0.000000e+00
 [86]  0.000000e+00  0.000000e+00  0.000000e+00  0.000000e+00  0.000000e+00
 [91]  0.000000e+00  0.000000e+00  9.310336e-04  0.000000e+00  1.143828e-01
 [96]  0.000000e+00  0.000000e+00  0.000000e+00  0.000000e+00  0.000000e+00
[101]  0.000000e+00  0.000000e+00  0.000000e+00  0.000000e+00  0.000000e+00
[106]  0.000000e+00  0.000000e+00  0.000000e+00  0.000000e+00  0.000000e+00
[111]  0.000000e+00 -5.118570e-02  0.000000e+00  0.000000e+00 -3.415733e-01
[116]  0.000000e+00  0.000000e+00  0.000000e+00  0.000000e+00  1.774225e-01
[121]  0.000000e+00  0.000000e+00  2.878505e-04  1.759804e-03  0.000000e+00
[126]  0.000000e+00  0.000000e+00  4.919378e-02  0.000000e+00  0.000000e+00
[131]  0.000000e+00  1.601433e-03  0.000000e+00  0.000000e+00  0.000000e+00
[136]  0.000000e+00  0.000000e+00  6.774974e-02  0.000000e+00  0.000000e+00
[141]  0.000000e+00  0.000000e+00  0.000000e+00  0.000000e+00  0.000000e+00
[146]  0.000000e+00  0.000000e+00  0.000000e+00  0.000000e+00  0.000000e+00
[151]  5.863540e-02  0.000000e+00  0.000000e+00  0.000000e+00  0.000000e+00
[156]  0.000000e+00  0.000000e+00  0.000000e+00  0.000000e+00  0.000000e+00
[161]  0.000000e+00  0.000000e+00  0.000000e+00 -3.075540e-03  0.000000e+00
[166]  0.000000e+00 -9.618764e-02  0.000000e+00  0.000000e+00  6.933331e-02
[171]  0.000000e+00  0.000000e+00  0.000000e+00  2.571251e-04  0.000000e+00
[176]  2.685753e-05  0.000000e+00  1.948964e-01  0.000000e+00  0.000000e+00
[181]  0.000000e+00  0.000000e+00  0.000000e+00 -1.280350e-04  0.000000e+00
[186]  0.000000e+00  0.000000e+00  0.000000e+00  2.323530e-01 -1.698818e-02
[191] -4.309925e-01  0.000000e+00  0.000000e+00  0.000000e+00  0.000000e+00
[196]  0.000000e+00  0.000000e+00  0.000000e+00  0.000000e+00  0.000000e+00
[201]  0.000000e+00  0.000000e+00  0.000000e+00  0.000000e+00  0.000000e+00
[206]  0.000000e+00
[1] "broken"
[1] "broken"
final values in 4th iteration
  [1]  3.201146e-01  1.401387e+00  4.468553e+00  2.212560e+00  1.501925e+00
  [6] -3.043903e-01  0.000000e+00  0.000000e+00  0.000000e+00  0.000000e+00
 [11]  7.115836e-02  5.066130e-01  0.000000e+00  4.629917e-01  0.000000e+00
 [16]  0.000000e+00  0.000000e+00  0.000000e+00 -5.263753e-03  0.000000e+00
 [21]  0.000000e+00  0.000000e+00  7.500690e-02  0.000000e+00  0.000000e+00
 [26]  0.000000e+00  0.000000e+00  0.000000e+00  0.000000e+00  0.000000e+00
 [31]  0.000000e+00  0.000000e+00  0.000000e+00  0.000000e+00  0.000000e+00
 [36]  3.953848e-02  1.359942e-01  0.000000e+00  0.000000e+00  0.000000e+00
 [41]  0.000000e+00  0.000000e+00  0.000000e+00  0.000000e+00 -3.655549e-02
 [46]  0.000000e+00  0.000000e+00  0.000000e+00  0.000000e+00  1.614502e-05
 [51]  0.000000e+00  0.000000e+00  0.000000e+00  0.000000e+00  0.000000e+00
 [56]  0.000000e+00  0.000000e+00  0.000000e+00  0.000000e+00  0.000000e+00
 [61] -1.278601e-01  0.000000e+00  0.000000e+00  0.000000e+00  0.000000e+00
 [66]  0.000000e+00  0.000000e+00 -4.591163e-02  0.000000e+00  0.000000e+00
 [71]  0.000000e+00  0.000000e+00  0.000000e+00  0.000000e+00  0.000000e+00
 [76]  0.000000e+00  0.000000e+00  0.000000e+00  6.718705e-02  0.000000e+00
 [81]  0.000000e+00 -1.064325e-01  0.000000e+00  0.000000e+00  0.000000e+00
 [86]  0.000000e+00  0.000000e+00  0.000000e+00  0.000000e+00 -1.579394e-01
 [91]  0.000000e+00  0.000000e+00  1.005283e-02  0.000000e+00  0.000000e+00
 [96]  0.000000e+00  0.000000e+00  0.000000e+00  0.000000e+00  0.000000e+00
[101]  0.000000e+00  0.000000e+00  0.000000e+00 -2.333416e-02  0.000000e+00
[106]  0.000000e+00 -3.653937e-06  0.000000e+00  0.000000e+00  0.000000e+00
[111]  0.000000e+00  0.000000e+00  0.000000e+00  0.000000e+00  0.000000e+00
[116]  0.000000e+00  0.000000e+00 -9.760939e-06  0.000000e+00  0.000000e+00
[121]  0.000000e+00  0.000000e+00  0.000000e+00  0.000000e+00  0.000000e+00
[126]  0.000000e+00  1.995473e-02  0.000000e+00 -3.203303e-01  0.000000e+00
[131]  0.000000e+00  0.000000e+00  0.000000e+00  0.000000e+00  0.000000e+00
[136]  0.000000e+00  0.000000e+00  0.000000e+00  0.000000e+00  0.000000e+00
[141]  0.000000e+00  0.000000e+00  0.000000e+00  0.000000e+00  0.000000e+00
[146]  0.000000e+00  0.000000e+00  0.000000e+00  0.000000e+00  0.000000e+00
[151]  0.000000e+00  0.000000e+00  0.000000e+00  0.000000e+00  0.000000e+00
[156]  0.000000e+00  0.000000e+00  0.000000e+00 -1.352399e-01  0.000000e+00
[161]  2.220366e-02  0.000000e+00  0.000000e+00  0.000000e+00  0.000000e+00
[166]  0.000000e+00  0.000000e+00  0.000000e+00  0.000000e+00  0.000000e+00
[171]  0.000000e+00  0.000000e+00 -1.316016e-01  0.000000e+00  0.000000e+00
[176]  0.000000e+00  2.041675e-02  0.000000e+00  0.000000e+00  0.000000e+00
[181]  0.000000e+00  0.000000e+00  0.000000e+00  0.000000e+00  0.000000e+00
[186]  6.618103e-05  0.000000e+00  0.000000e+00  0.000000e+00  5.187490e-02
[191]  0.000000e+00  0.000000e+00  0.000000e+00  0.000000e+00  0.000000e+00
[196]  0.000000e+00  0.000000e+00  0.000000e+00  0.000000e+00  0.000000e+00
[201]  4.230226e-05  0.000000e+00  0.000000e+00 -2.467451e-01  0.000000e+00
[206]  0.000000e+00
[1] "broken"
[1] "broken"
[1] "broken"
final values in 5th iteration
  [1]  4.081448e-01  1.052034e+00  4.906811e+00  2.742862e+00  1.370229e+00
  [6]  0.000000e+00  0.000000e+00  0.000000e+00  0.000000e+00  7.784329e-02
 [11]  5.358365e-03  0.000000e+00  0.000000e+00  0.000000e+00  0.000000e+00
 [16] -1.046189e-02  0.000000e+00  0.000000e+00  0.000000e+00  0.000000e+00
 [21]  0.000000e+00  0.000000e+00  0.000000e+00  0.000000e+00  5.725880e-03
 [26]  1.211228e-01  7.164763e-02  6.318169e-02  0.000000e+00  0.000000e+00
 [31]  0.000000e+00  0.000000e+00  0.000000e+00  0.000000e+00  0.000000e+00
 [36]  0.000000e+00  0.000000e+00  0.000000e+00  5.575626e-02  0.000000e+00
 [41]  0.000000e+00  0.000000e+00  0.000000e+00  2.347750e-01  0.000000e+00
 [46]  0.000000e+00  0.000000e+00  0.000000e+00  0.000000e+00  0.000000e+00
 [51] -1.420833e-01  0.000000e+00  0.000000e+00  0.000000e+00  0.000000e+00
 [56]  0.000000e+00 -6.218680e-04  0.000000e+00  0.000000e+00  0.000000e+00
 [61]  0.000000e+00  0.000000e+00  0.000000e+00  0.000000e+00  0.000000e+00
 [66]  0.000000e+00  0.000000e+00  0.000000e+00  6.032507e-04  0.000000e+00
 [71]  3.092376e-01  0.000000e+00  0.000000e+00  0.000000e+00  0.000000e+00
 [76] -3.021372e-01  0.000000e+00  0.000000e+00 -5.600908e-03  0.000000e+00
 [81]  0.000000e+00  0.000000e+00  2.141669e-01  0.000000e+00  0.000000e+00
 [86]  0.000000e+00  0.000000e+00  0.000000e+00  0.000000e+00  0.000000e+00
 [91]  0.000000e+00  0.000000e+00  0.000000e+00  0.000000e+00 -4.133611e-04
 [96]  0.000000e+00  0.000000e+00  0.000000e+00  0.000000e+00  0.000000e+00
[101]  0.000000e+00  0.000000e+00  0.000000e+00 -1.198582e-05  3.533971e-02
[106]  0.000000e+00  0.000000e+00  0.000000e+00  0.000000e+00  0.000000e+00
[111]  2.426971e-02  0.000000e+00  0.000000e+00  0.000000e+00  0.000000e+00
[116]  0.000000e+00  0.000000e+00  0.000000e+00  0.000000e+00  0.000000e+00
[121]  0.000000e+00  0.000000e+00  0.000000e+00  0.000000e+00  0.000000e+00
[126]  0.000000e+00  0.000000e+00  0.000000e+00  0.000000e+00  0.000000e+00
[131]  0.000000e+00  0.000000e+00  0.000000e+00  0.000000e+00  0.000000e+00
[136]  1.352276e-02  0.000000e+00  0.000000e+00  0.000000e+00  0.000000e+00
[141]  0.000000e+00  0.000000e+00  0.000000e+00  0.000000e+00  0.000000e+00
[146]  0.000000e+00  0.000000e+00  0.000000e+00  0.000000e+00  0.000000e+00
[151]  0.000000e+00  7.151429e-02  0.000000e+00  0.000000e+00  0.000000e+00
[156]  0.000000e+00  0.000000e+00  0.000000e+00  0.000000e+00  0.000000e+00
[161]  9.561697e-02  0.000000e+00  0.000000e+00  0.000000e+00 -1.107125e-01
[166]  0.000000e+00  0.000000e+00  0.000000e+00  0.000000e+00  0.000000e+00
[171]  0.000000e+00  0.000000e+00  0.000000e+00  0.000000e+00  0.000000e+00
[176]  3.914871e-02  4.573033e-04  0.000000e+00  0.000000e+00  0.000000e+00
[181]  0.000000e+00  0.000000e+00  0.000000e+00  0.000000e+00  0.000000e+00
[186]  0.000000e+00 -1.786392e-01  0.000000e+00 -1.350896e-01  0.000000e+00
[191]  0.000000e+00  0.000000e+00  0.000000e+00  0.000000e+00  0.000000e+00
[196]  0.000000e+00  0.000000e+00  0.000000e+00  0.000000e+00  0.000000e+00
[201]  0.000000e+00  0.000000e+00  1.126534e-02  0.000000e+00  0.000000e+00
[206]  1.711490e-01
[1] "broken"
[1] "broken"
[1] "broken"
final values in 6th iteration
  [1]  4.187735e-01  1.259180e+00  5.020365e+00  2.555149e+00  1.326636e+00
  [6] -2.582271e-01  0.000000e+00  0.000000e+00  0.000000e+00  0.000000e+00
 [11]  0.000000e+00  0.000000e+00  0.000000e+00  0.000000e+00  0.000000e+00
 [16]  0.000000e+00  1.217761e-01  0.000000e+00  0.000000e+00  0.000000e+00
 [21] -1.928074e-01  0.000000e+00  0.000000e+00  0.000000e+00 -9.169299e-02
 [26]  0.000000e+00  0.000000e+00  0.000000e+00  0.000000e+00 -7.352169e-02
 [31]  0.000000e+00  0.000000e+00  0.000000e+00  0.000000e+00 -5.743211e-02
 [36]  0.000000e+00  0.000000e+00  0.000000e+00  0.000000e+00  0.000000e+00
 [41]  0.000000e+00  0.000000e+00  0.000000e+00  5.804239e-03  0.000000e+00
 [46] -2.588049e-04  0.000000e+00  0.000000e+00  0.000000e+00  0.000000e+00
 [51] -4.138068e-01  0.000000e+00  0.000000e+00  0.000000e+00 -9.190477e-03
 [56]  0.000000e+00  0.000000e+00  0.000000e+00  0.000000e+00  0.000000e+00
 [61]  0.000000e+00 -2.650501e-01  2.037908e-01  0.000000e+00  0.000000e+00
 [66]  0.000000e+00  0.000000e+00  0.000000e+00  0.000000e+00  0.000000e+00
 [71]  1.176512e-02  0.000000e+00  0.000000e+00  0.000000e+00  0.000000e+00
 [76]  0.000000e+00  0.000000e+00  0.000000e+00  0.000000e+00  0.000000e+00
 [81]  0.000000e+00 -1.647695e-02  0.000000e+00  0.000000e+00  0.000000e+00
 [86]  0.000000e+00  0.000000e+00  0.000000e+00 -9.414094e-03  0.000000e+00
 [91]  0.000000e+00  0.000000e+00  0.000000e+00  0.000000e+00  0.000000e+00
 [96]  0.000000e+00  0.000000e+00  2.045212e-02  0.000000e+00  0.000000e+00
[101]  0.000000e+00  0.000000e+00  0.000000e+00  0.000000e+00  0.000000e+00
[106]  0.000000e+00  0.000000e+00  0.000000e+00  1.893893e-01  0.000000e+00
[111]  0.000000e+00  0.000000e+00  5.231078e-02  0.000000e+00  0.000000e+00
[116]  0.000000e+00  0.000000e+00  0.000000e+00  0.000000e+00  0.000000e+00
[121]  0.000000e+00  0.000000e+00  0.000000e+00 -2.132580e-05  0.000000e+00
[126]  0.000000e+00  0.000000e+00  0.000000e+00  0.000000e+00  0.000000e+00
[131] -1.252696e-01  0.000000e+00  0.000000e+00  0.000000e+00  0.000000e+00
[136]  0.000000e+00 -1.779525e-02  0.000000e+00  0.000000e+00  0.000000e+00
[141]  0.000000e+00  0.000000e+00  0.000000e+00  0.000000e+00  4.490743e-02
[146]  0.000000e+00 -4.724315e-02  2.452487e-05  0.000000e+00  0.000000e+00
[151]  0.000000e+00  1.980034e-02  0.000000e+00  0.000000e+00  1.176326e-01
[156]  0.000000e+00  0.000000e+00  0.000000e+00  0.000000e+00  0.000000e+00
[161]  0.000000e+00  0.000000e+00  0.000000e+00  0.000000e+00  0.000000e+00
[166]  0.000000e+00  0.000000e+00  8.768617e-03  0.000000e+00  0.000000e+00
[171]  0.000000e+00  0.000000e+00  0.000000e+00  6.255390e-02  0.000000e+00
[176]  5.479876e-02  0.000000e+00  0.000000e+00  0.000000e+00  0.000000e+00
[181]  0.000000e+00  0.000000e+00  0.000000e+00 -2.653561e-02  0.000000e+00
[186]  0.000000e+00  0.000000e+00  0.000000e+00  1.202704e-01  0.000000e+00
[191]  1.898229e-03  0.000000e+00  0.000000e+00  0.000000e+00  0.000000e+00
[196]  0.000000e+00  0.000000e+00  0.000000e+00  0.000000e+00  0.000000e+00
[201]  0.000000e+00  0.000000e+00  0.000000e+00  0.000000e+00  0.000000e+00
[206]  0.000000e+00
[1] "broken"
[1] "broken"
[1] "broken"
[1] "broken"
[1] "broken"
[1] "broken"
[1] "broken"
[1] "broken"
[1] "broken"
[1] "broken"
[1] "broken"
[1] "broken"
[1] "broken"
[1] "broken"
[1] "broken"
[1] "broken"
[1] "broken"
[1] "broken"
[1] "broken"
[1] "broken"
[1] "broken"
[1] "broken"
[1] "broken"
[1] "broken"
[1] "broken"
[1] "broken"
[1] "broken"
[1] "broken"
[1] "broken"
[1] "broken"
[1] "broken"
[1] "broken"
final values in 7th iteration
  [1]  1.403365e+00  1.586255e+00  4.928609e+00  2.160762e+00  1.140544e+00
  [6]  0.000000e+00 -3.445249e-05 -3.835886e-02 -1.150628e-03  0.000000e+00
 [11]  4.206166e-04  0.000000e+00  5.011805e-03  0.000000e+00  0.000000e+00
 [16]  0.000000e+00  7.868523e-04  0.000000e+00  0.000000e+00  1.938782e-03
 [21]  5.002422e-04 -2.737772e-01  0.000000e+00  0.000000e+00  0.000000e+00
 [26]  0.000000e+00  1.903420e-04 -1.175257e-03  4.118623e-02  4.538364e-03
 [31] -1.162160e-02 -6.544617e-04  0.000000e+00  0.000000e+00  0.000000e+00
 [36]  8.619212e-03  0.000000e+00  0.000000e+00  0.000000e+00 -1.478455e-01
 [41]  3.210910e-04  0.000000e+00  5.129843e-04 -5.565134e-03  0.000000e+00
 [46]  1.582024e-03  0.000000e+00  0.000000e+00  0.000000e+00  0.000000e+00
 [51]  0.000000e+00  0.000000e+00  0.000000e+00  9.338722e-03  0.000000e+00
 [56]  2.312452e-04  0.000000e+00  0.000000e+00 -3.591049e-02  0.000000e+00
 [61]  0.000000e+00 -1.943433e-03 -1.327940e-04  0.000000e+00 -2.305001e-02
 [66]  0.000000e+00 -9.397712e-04  0.000000e+00  0.000000e+00  5.308998e-04
 [71]  0.000000e+00  0.000000e+00  0.000000e+00  0.000000e+00  0.000000e+00
 [76] -9.457233e-03  8.847391e-06 -2.679848e-03  0.000000e+00 -1.298863e-02
 [81]  0.000000e+00  0.000000e+00  3.366683e-04  1.625019e-02 -1.325571e-01
 [86]  0.000000e+00  3.222443e-02  0.000000e+00  0.000000e+00  0.000000e+00
 [91]  0.000000e+00  0.000000e+00  1.431886e-03 -1.238586e-03 -1.358086e-03
 [96]  0.000000e+00  0.000000e+00  0.000000e+00  0.000000e+00  0.000000e+00
[101]  0.000000e+00  0.000000e+00  0.000000e+00  0.000000e+00  0.000000e+00
[106]  0.000000e+00  2.502396e-02  0.000000e+00  0.000000e+00 -5.407585e-04
[111]  0.000000e+00 -6.435716e-04  0.000000e+00  0.000000e+00  0.000000e+00
[116]  0.000000e+00  8.684305e-02  0.000000e+00  0.000000e+00  0.000000e+00
[121]  0.000000e+00  0.000000e+00 -2.268123e-03 -9.107973e-03  0.000000e+00
[126]  0.000000e+00 -3.554965e-03  0.000000e+00  0.000000e+00 -6.033276e-05
[131]  0.000000e+00  0.000000e+00  0.000000e+00  9.275696e-02 -5.709566e-03
[136]  3.770111e-06  0.000000e+00  0.000000e+00  0.000000e+00  9.022977e-04
[141]  0.000000e+00 -1.305228e-03  0.000000e+00 -3.706426e-03  0.000000e+00
[146]  0.000000e+00  0.000000e+00  0.000000e+00  0.000000e+00 -9.163343e-02
[151]  0.000000e+00  0.000000e+00  0.000000e+00  0.000000e+00 -7.103983e-03
[156]  0.000000e+00  0.000000e+00  0.000000e+00  2.053757e-03  1.855043e-02
[161]  0.000000e+00  0.000000e+00  0.000000e+00  0.000000e+00  0.000000e+00
[166] -6.853111e-04 -2.082658e-03  0.000000e+00  0.000000e+00 -4.533542e-04
[171]  0.000000e+00  0.000000e+00  4.024317e-03  0.000000e+00  0.000000e+00
[176]  7.121412e-05  0.000000e+00 -1.043290e-04  9.640228e-04  0.000000e+00
[181]  2.073882e-01  0.000000e+00 -3.471823e-01  0.000000e+00  0.000000e+00
[186]  3.994367e-04 -9.886964e-04  0.000000e+00 -1.078195e-05  6.205940e-04
[191] -5.198192e-03  0.000000e+00  0.000000e+00  0.000000e+00  0.000000e+00
[196]  1.593706e-03  0.000000e+00  0.000000e+00  0.000000e+00  0.000000e+00
[201]  0.000000e+00  0.000000e+00  0.000000e+00  0.000000e+00 -2.915260e-03
[206]  0.000000e+00
[1] "broken"
[1] "broken"
[1] "broken"
[1] "broken"
[1] "broken"
[1] "broken"
[1] "broken"
[1] "broken"
[1] "broken"
[1] "broken"
[1] "broken"
[1] "broken"
[1] "broken"
[1] "broken"
[1] "broken"
[1] "broken"
[1] "broken"
[1] "broken"
[1] "broken"
[1] "broken"
[1] "broken"
[1] "broken"
[1] "broken"
[1] "broken"
[1] "broken"
[1] "broken"
[1] "broken"
[1] "broken"
[1] "broken"
[1] "broken"
[1] "broken"
[1] "broken"
[1] "broken"
[1] "broken"
[1] "broken"
[1] "broken"
[1] "broken"
[1] "broken"
[1] "broken"
[1] "broken"
[1] "broken"
[1] "broken"
[1] "broken"
[1] "broken"
final values in 8th iteration
  [1]  0.4776947892  1.0732738533  4.8000789025  2.6951172969  1.7388676427
  [6] -0.3124175054  0.0000000000  0.1048692401 -0.0006717614  0.0000000000
 [11]  0.0000000000  0.0000000000  0.0000000000  0.0000000000  0.0000000000
 [16]  0.0072230455  0.0000000000  0.0000000000  0.0000000000  0.0000000000
 [21] -0.0550930718 -0.0304805656 -0.1337904282  0.0000000000  0.0000000000
 [26]  0.0000000000  0.2126249929 -0.1446116076  0.0000000000 -0.0031836557
 [31]  0.0000000000  0.0000000000  0.0280640341  0.0664233519  0.0000000000
 [36]  0.0000000000  0.0000000000  0.0000000000  0.0000000000  0.0000000000
 [41]  0.0000000000  0.0000000000  0.0000000000 -0.0924318197  0.0000000000
 [46]  0.0000000000  0.0000000000  0.0000000000 -0.1737943363  0.0000000000
 [51]  0.0000000000  0.0000000000  0.0000000000  0.0000000000  0.0000000000
 [56]  0.0000000000  0.0000000000  0.0000000000  0.0000000000  0.0000000000
 [61]  0.0000000000  0.0000000000  0.0000000000  0.0000000000  0.0000000000
 [66]  0.0000000000  0.0000000000  0.0435761598  0.0000000000 -0.0199014444
 [71]  0.0871130451  0.0000000000  0.0000000000  0.0000000000 -0.0076081148
 [76]  0.0000000000  0.0000000000 -0.0041344597  0.0000000000  0.0000000000
 [81]  0.0000000000  0.0000000000  0.0000000000 -0.0465097318 -0.0917651884
 [86]  0.0069165118  0.0000000000  0.0000000000  0.0000000000  0.0000000000
 [91] -0.0004639234  0.0001057908  0.0778623623  0.0000000000  0.0000000000
 [96]  0.0000000000  0.0000000000  0.0000000000  0.0000000000  0.0000000000
[101]  0.0000000000  0.0000000000 -0.1863912869 -0.0441972815  0.0022846696
[106] -0.0014717590  0.0000000000  0.0000000000  0.0000000000  0.0000000000
[111]  0.0003206056  0.0000000000  0.0073024448  0.0000000000  0.0000000000
[116]  0.0000000000  0.0000000000  0.0000000000  0.0000000000  0.0000000000
[121]  0.0000000000  0.0000000000  0.0000000000  0.0000000000  0.0000000000
[126]  0.0000000000  0.0000000000  0.0000000000  0.0000000000  0.0000000000
[131]  0.0000000000  0.0000000000  0.0000000000 -0.2015450091  0.0000000000
[136]  0.0000000000  0.0000000000  0.0000000000  0.0000000000  0.0000000000
[141]  0.0000000000  0.0000000000 -0.1200269675  0.0000000000  0.0000000000
[146]  0.0570313519  0.0000000000  0.0000000000 -0.0916772487  0.0000000000
[151]  0.0000000000  0.0036635546  0.0000000000  0.0000000000  0.0000000000
[156]  0.0000000000  0.0000000000  0.0000000000  0.0000000000  0.0000000000
[161]  0.0000000000  0.0000000000  0.0000000000  0.0000000000  0.0000000000
[166]  0.0000000000  0.0000000000  0.2376101342  0.0000000000  0.0000000000
[171]  0.0000000000  0.0000000000  0.0000000000  0.0000000000  0.0000000000
[176]  0.0000000000  0.0000000000  0.0000000000  0.0000000000  0.0000000000
[181]  0.0000000000  0.0000000000  0.0000000000  0.0000000000  0.0000000000
[186]  0.0000000000  0.0000000000  0.0000000000  0.0000000000  0.0000000000
[191]  0.0000000000  0.0000000000  0.0000000000  0.0000000000  0.0000000000
[196]  0.0000000000  0.0000000000  0.0000000000  0.0000000000  0.0000000000
[201]  0.0000000000  0.0000000000  0.0000000000  0.0000000000  0.0000000000
[206]  0.0000000000
[1] "broken"
final values in 9th iteration
  [1]  4.393011e-01  1.751935e+00  4.833422e+00  2.902302e+00  1.431789e+00
  [6]  0.000000e+00  2.960476e-01 -3.918751e-05  0.000000e+00  0.000000e+00
 [11]  0.000000e+00  0.000000e+00  0.000000e+00  0.000000e+00  0.000000e+00
 [16] -1.583159e-03  0.000000e+00  0.000000e+00  0.000000e+00  0.000000e+00
 [21]  0.000000e+00  0.000000e+00  0.000000e+00  0.000000e+00  0.000000e+00
 [26]  0.000000e+00  0.000000e+00  0.000000e+00  0.000000e+00  0.000000e+00
 [31]  0.000000e+00  0.000000e+00  0.000000e+00  0.000000e+00  0.000000e+00
 [36]  4.077720e-03  0.000000e+00  0.000000e+00  0.000000e+00  0.000000e+00
 [41]  1.997869e-01  0.000000e+00  0.000000e+00  0.000000e+00  0.000000e+00
 [46]  0.000000e+00  0.000000e+00  0.000000e+00 -1.472184e-01  0.000000e+00
 [51] -1.429878e-04  0.000000e+00  6.287107e-05  0.000000e+00  0.000000e+00
 [56]  0.000000e+00 -7.725887e-02  2.587743e-04  0.000000e+00  0.000000e+00
 [61] -1.390252e-03  0.000000e+00  0.000000e+00  0.000000e+00 -1.324133e-05
 [66]  0.000000e+00  0.000000e+00  0.000000e+00 -5.637986e-02  0.000000e+00
 [71]  0.000000e+00  0.000000e+00  4.808844e-05  0.000000e+00  0.000000e+00
 [76]  0.000000e+00  0.000000e+00  0.000000e+00  0.000000e+00  0.000000e+00
 [81]  0.000000e+00  0.000000e+00  4.238716e-03  0.000000e+00  0.000000e+00
 [86] -2.468810e-01  0.000000e+00  0.000000e+00  0.000000e+00  0.000000e+00
 [91]  0.000000e+00  0.000000e+00  0.000000e+00  0.000000e+00 -2.268149e-01
 [96]  0.000000e+00 -1.886059e-01  0.000000e+00  0.000000e+00  0.000000e+00
[101]  0.000000e+00  0.000000e+00  1.254142e-01  0.000000e+00  2.034750e-02
[106]  0.000000e+00  0.000000e+00  0.000000e+00  1.219661e-02  0.000000e+00
[111]  0.000000e+00  1.711969e-03  0.000000e+00  0.000000e+00  0.000000e+00
[116]  0.000000e+00  0.000000e+00  0.000000e+00  0.000000e+00 -1.681676e-02
[121] -4.127518e-02  0.000000e+00  0.000000e+00  0.000000e+00  0.000000e+00
[126]  5.989816e-02  0.000000e+00 -3.270306e-02  5.458307e-02  0.000000e+00
[131]  0.000000e+00  0.000000e+00  0.000000e+00  0.000000e+00  0.000000e+00
[136]  0.000000e+00  0.000000e+00  0.000000e+00  0.000000e+00  9.340865e-04
[141]  0.000000e+00  0.000000e+00  0.000000e+00 -6.851508e-02 -1.563310e-02
[146]  0.000000e+00  0.000000e+00  0.000000e+00  0.000000e+00  0.000000e+00
[151]  0.000000e+00  0.000000e+00  0.000000e+00  0.000000e+00  0.000000e+00
[156]  0.000000e+00  0.000000e+00  0.000000e+00  0.000000e+00  0.000000e+00
[161]  0.000000e+00  0.000000e+00  0.000000e+00  0.000000e+00  0.000000e+00
[166] -1.073444e-01  0.000000e+00  7.696294e-03  0.000000e+00  0.000000e+00
[171]  0.000000e+00 -1.159403e-01  0.000000e+00  0.000000e+00  0.000000e+00
[176]  0.000000e+00  0.000000e+00  0.000000e+00  0.000000e+00  0.000000e+00
[181]  4.692345e-04  0.000000e+00  0.000000e+00  0.000000e+00  0.000000e+00
[186]  0.000000e+00 -8.415213e-02  0.000000e+00  0.000000e+00  0.000000e+00
[191]  0.000000e+00  0.000000e+00  0.000000e+00  0.000000e+00 -1.574257e-02
[196]  0.000000e+00 -3.300886e-03  0.000000e+00  0.000000e+00  0.000000e+00
[201]  0.000000e+00  0.000000e+00  2.185654e-01  0.000000e+00  0.000000e+00
[206]  0.000000e+00
final values in 10th iteration
  [1]  1.506543e+00  1.045788e+00  4.877334e+00  2.428102e+00  1.760373e+00
  [6] -1.697927e-01 -1.675431e-01  0.000000e+00  0.000000e+00  0.000000e+00
 [11]  0.000000e+00  0.000000e+00  0.000000e+00  0.000000e+00  0.000000e+00
 [16]  2.173945e-04  0.000000e+00  0.000000e+00  0.000000e+00  0.000000e+00
 [21]  0.000000e+00  0.000000e+00  0.000000e+00  0.000000e+00  0.000000e+00
 [26]  0.000000e+00  0.000000e+00  0.000000e+00  0.000000e+00  8.708200e-04
 [31]  0.000000e+00  7.848803e-05  0.000000e+00  0.000000e+00  0.000000e+00
 [36]  0.000000e+00  0.000000e+00  0.000000e+00  0.000000e+00  0.000000e+00
 [41]  0.000000e+00  0.000000e+00  0.000000e+00  0.000000e+00  0.000000e+00
 [46]  0.000000e+00  0.000000e+00  0.000000e+00  0.000000e+00  0.000000e+00
 [51] -6.344014e-03  0.000000e+00  0.000000e+00  0.000000e+00  0.000000e+00
 [56]  0.000000e+00  0.000000e+00  0.000000e+00  0.000000e+00  0.000000e+00
 [61]  0.000000e+00  0.000000e+00  4.954879e-03 -5.883371e-02  0.000000e+00
 [66]  0.000000e+00  0.000000e+00  0.000000e+00  0.000000e+00  0.000000e+00
 [71]  0.000000e+00  0.000000e+00  0.000000e+00  0.000000e+00  0.000000e+00
 [76]  0.000000e+00  0.000000e+00  0.000000e+00  0.000000e+00  5.521657e-03
 [81]  2.371140e-03  0.000000e+00  0.000000e+00  0.000000e+00  0.000000e+00
 [86]  0.000000e+00  3.199631e-02  0.000000e+00  0.000000e+00  0.000000e+00
 [91]  0.000000e+00  0.000000e+00  0.000000e+00  0.000000e+00  0.000000e+00
 [96]  0.000000e+00  0.000000e+00  0.000000e+00  0.000000e+00  0.000000e+00
[101] -1.360844e-01  0.000000e+00  0.000000e+00  0.000000e+00  0.000000e+00
[106]  0.000000e+00  0.000000e+00  0.000000e+00 -5.264175e-03  0.000000e+00
[111]  0.000000e+00  0.000000e+00  0.000000e+00  0.000000e+00  0.000000e+00
[116]  0.000000e+00  0.000000e+00  0.000000e+00  0.000000e+00  8.485854e-03
[121]  0.000000e+00  6.819488e-02  0.000000e+00  0.000000e+00  0.000000e+00
[126]  0.000000e+00  0.000000e+00 -4.097181e-04  0.000000e+00  0.000000e+00
[131] -9.009637e-03  0.000000e+00  0.000000e+00  0.000000e+00  0.000000e+00
[136]  0.000000e+00  0.000000e+00  0.000000e+00  0.000000e+00  0.000000e+00
[141]  0.000000e+00  0.000000e+00  0.000000e+00  0.000000e+00  0.000000e+00
[146]  0.000000e+00  0.000000e+00  0.000000e+00  0.000000e+00  0.000000e+00
[151] -1.220729e-04  0.000000e+00  0.000000e+00  0.000000e+00  0.000000e+00
[156]  0.000000e+00 -3.423659e-02  0.000000e+00  0.000000e+00  0.000000e+00
[161]  0.000000e+00 -1.866118e-02  0.000000e+00  0.000000e+00  0.000000e+00
[166]  0.000000e+00  0.000000e+00  0.000000e+00  0.000000e+00  0.000000e+00
[171]  0.000000e+00  0.000000e+00  0.000000e+00 -1.366872e-01 -1.521276e-01
[176]  0.000000e+00  0.000000e+00  0.000000e+00  0.000000e+00  0.000000e+00
[181]  0.000000e+00  0.000000e+00  0.000000e+00  0.000000e+00  0.000000e+00
[186]  0.000000e+00  0.000000e+00  0.000000e+00  1.332790e-05  0.000000e+00
[191]  0.000000e+00  1.504042e-02  0.000000e+00  0.000000e+00  0.000000e+00
[196]  0.000000e+00  0.000000e+00  0.000000e+00  0.000000e+00  0.000000e+00
[201]  0.000000e+00 -1.389816e-05  0.000000e+00  3.109418e-03  0.000000e+00
[206]  0.000000e+00
           [,1]      [,2]     [,3]     [,4]     [,5]       [,6]          [,7]
 [1,] 0.4446190 0.3192610 4.931610 2.114861 1.327871  0.0000000 -7.984519e-03
 [2,] 0.3799868 1.0551147 4.581483 2.544664 1.486392 -0.1898819 -1.613551e-01
 [3,] 0.3063143 0.2637548 4.228852 2.522255 1.239860 -0.2845443  0.000000e+00
 [4,] 0.3201146 1.4013866 4.468553 2.212560 1.501925 -0.3043903  0.000000e+00
 [5,] 0.4081448 1.0520341 4.906811 2.742862 1.370229  0.0000000  0.000000e+00
 [6,] 0.4187735 1.2591801 5.020365 2.555149 1.326636 -0.2582271  0.000000e+00
 [7,] 1.4033646 1.5862549 4.928609 2.160762 1.140544  0.0000000 -3.445249e-05
 [8,] 0.4776948 1.0732739 4.800079 2.695117 1.738868 -0.3124175  0.000000e+00
 [9,] 0.4393011 1.7519349 4.833422 2.902302 1.431789  0.0000000  2.960476e-01
[10,] 1.5065427 1.0457880 4.877334 2.428102 1.760373 -0.1697927 -1.675431e-01
               [,8]          [,9]       [,10]        [,11]      [,12]
 [1,]  7.922833e-05  0.0000000000  0.00000000 0.0000000000 0.00000000
 [2,]  0.000000e+00  0.0000000000  0.00000000 0.0000000000 0.00000000
 [3,] -2.047165e-05  0.0000000000 -0.11191298 0.0000000000 0.01288558
 [4,]  0.000000e+00  0.0000000000  0.00000000 0.0711583607 0.50661296
 [5,]  0.000000e+00  0.0000000000  0.07784329 0.0053583648 0.00000000
 [6,]  0.000000e+00  0.0000000000  0.00000000 0.0000000000 0.00000000
 [7,] -3.835886e-02 -0.0011506284  0.00000000 0.0004206166 0.00000000
 [8,]  1.048692e-01 -0.0006717614  0.00000000 0.0000000000 0.00000000
 [9,] -3.918751e-05  0.0000000000  0.00000000 0.0000000000 0.00000000
[10,]  0.000000e+00  0.0000000000  0.00000000 0.0000000000 0.00000000
              [,13]         [,14] [,15]         [,16]        [,17] [,18]
 [1,]  0.000000e+00  0.0861132867     0  0.0000000000 0.0000000000     0
 [2,]  0.000000e+00  0.0000000000     0  0.0000000000 0.1106829404     0
 [3,] -4.520615e-05 -0.0004669734     0 -0.0027183389 0.0000000000     0
 [4,]  0.000000e+00  0.4629917088     0  0.0000000000 0.0000000000     0
 [5,]  0.000000e+00  0.0000000000     0 -0.0104618898 0.0000000000     0
 [6,]  0.000000e+00  0.0000000000     0  0.0000000000 0.1217761224     0
 [7,]  5.011805e-03  0.0000000000     0  0.0000000000 0.0007868523     0
 [8,]  0.000000e+00  0.0000000000     0  0.0072230455 0.0000000000     0
 [9,]  0.000000e+00  0.0000000000     0 -0.0015831585 0.0000000000     0
[10,]  0.000000e+00  0.0000000000     0  0.0002173945 0.0000000000     0
             [,19]       [,20]         [,21]        [,22]       [,23] [,24]
 [1,]  0.000000000 0.000000000  0.000000e+00 -0.003544842  0.00000000     0
 [2,]  0.000000000 0.000000000 -1.610315e-06  0.000000000 -0.24126794     0
 [3,]  0.000000000 0.000000000  1.971066e-02 -0.103852046  0.09198061     0
 [4,] -0.005263753 0.000000000  0.000000e+00  0.000000000  0.07500690     0
 [5,]  0.000000000 0.000000000  0.000000e+00  0.000000000  0.00000000     0
 [6,]  0.000000000 0.000000000 -1.928074e-01  0.000000000  0.00000000     0
 [7,]  0.000000000 0.001938782  5.002422e-04 -0.273777241  0.00000000     0
 [8,]  0.000000000 0.000000000 -5.509307e-02 -0.030480566 -0.13379043     0
 [9,]  0.000000000 0.000000000  0.000000e+00  0.000000000  0.00000000     0
[10,]  0.000000000 0.000000000  0.000000e+00  0.000000000  0.00000000     0
            [,25]       [,26]       [,27]        [,28]      [,29]        [,30]
 [1,]  0.00000000  0.00000000 0.000000000  0.000000000 0.00000000  0.000000000
 [2,]  0.00000000 -0.04234524 0.098359317  0.000000000 0.10205056  0.000000000
 [3,]  0.00000000  0.01447668 0.000000000  0.000000000 0.00000000  0.000000000
 [4,]  0.00000000  0.00000000 0.000000000  0.000000000 0.00000000  0.000000000
 [5,]  0.00572588  0.12112278 0.071647627  0.063181693 0.00000000  0.000000000
 [6,] -0.09169299  0.00000000 0.000000000  0.000000000 0.00000000 -0.073521685
 [7,]  0.00000000  0.00000000 0.000190342 -0.001175257 0.04118623  0.004538364
 [8,]  0.00000000  0.00000000 0.212624993 -0.144611608 0.00000000 -0.003183656
 [9,]  0.00000000  0.00000000 0.000000000  0.000000000 0.00000000  0.000000000
[10,]  0.00000000  0.00000000 0.000000000  0.000000000 0.00000000  0.000870820
           [,31]         [,32]      [,33]      [,34]       [,35]       [,36]
 [1,]  0.0000000  0.000000e+00 0.00000000 0.00000000  0.00000000 0.000000000
 [2,]  0.0000000  0.000000e+00 0.00000000 0.00000000  0.00048616 0.000000000
 [3,]  0.0000000 -1.191104e-01 0.00000000 0.00000000  0.00000000 0.000000000
 [4,]  0.0000000  0.000000e+00 0.00000000 0.00000000  0.00000000 0.039538481
 [5,]  0.0000000  0.000000e+00 0.00000000 0.00000000  0.00000000 0.000000000
 [6,]  0.0000000  0.000000e+00 0.00000000 0.00000000 -0.05743211 0.000000000
 [7,] -0.0116216 -6.544617e-04 0.00000000 0.00000000  0.00000000 0.008619212
 [8,]  0.0000000  0.000000e+00 0.02806403 0.06642335  0.00000000 0.000000000
 [9,]  0.0000000  0.000000e+00 0.00000000 0.00000000  0.00000000 0.004077720
[10,]  0.0000000  7.848803e-05 0.00000000 0.00000000  0.00000000 0.000000000
          [,37] [,38]        [,39]      [,40]       [,41]      [,42]
 [1,] 0.0000000     0  0.000000000  0.0000000 0.000000000 0.00000000
 [2,] 0.0000000     0  0.000000000  0.0000000 0.000000000 0.00000000
 [3,] 0.0000000     0 -0.001909801  0.0000000 0.005054797 0.07579875
 [4,] 0.1359942     0  0.000000000  0.0000000 0.000000000 0.00000000
 [5,] 0.0000000     0  0.055756257  0.0000000 0.000000000 0.00000000
 [6,] 0.0000000     0  0.000000000  0.0000000 0.000000000 0.00000000
 [7,] 0.0000000     0  0.000000000 -0.1478455 0.000321091 0.00000000
 [8,] 0.0000000     0  0.000000000  0.0000000 0.000000000 0.00000000
 [9,] 0.0000000     0  0.000000000  0.0000000 0.199786949 0.00000000
[10,] 0.0000000     0  0.000000000  0.0000000 0.000000000 0.00000000
             [,43]        [,44]       [,45]         [,46] [,47] [,48]
 [1,] 0.0227616492  0.000000000  0.00000000 -0.0120489613     0     0
 [2,] 0.0000000000  0.151610738  0.00000000 -0.0007443422     0     0
 [3,] 0.0000000000  0.000000000  0.00000000  0.0000000000     0     0
 [4,] 0.0000000000  0.000000000 -0.03655549  0.0000000000     0     0
 [5,] 0.0000000000  0.234774972  0.00000000  0.0000000000     0     0
 [6,] 0.0000000000  0.005804239  0.00000000 -0.0002588049     0     0
 [7,] 0.0005129843 -0.005565134  0.00000000  0.0015820239     0     0
 [8,] 0.0000000000 -0.092431820  0.00000000  0.0000000000     0     0
 [9,] 0.0000000000  0.000000000  0.00000000  0.0000000000     0     0
[10,] 0.0000000000  0.000000000  0.00000000  0.0000000000     0     0
            [,49]        [,50]         [,51] [,52]        [,53]         [,54]
 [1,] -0.02102055 0.000000e+00  0.0000000000     0 0.000000e+00  0.000000e+00
 [2,]  0.00000000 0.000000e+00  0.0000000000     0 0.000000e+00 -5.834002e-05
 [3,]  0.00000000 0.000000e+00  0.0000000000     0 0.000000e+00  0.000000e+00
 [4,]  0.00000000 1.614502e-05  0.0000000000     0 0.000000e+00  0.000000e+00
 [5,]  0.00000000 0.000000e+00 -0.1420833457     0 0.000000e+00  0.000000e+00
 [6,]  0.00000000 0.000000e+00 -0.4138067887     0 0.000000e+00  0.000000e+00
 [7,]  0.00000000 0.000000e+00  0.0000000000     0 0.000000e+00  9.338722e-03
 [8,] -0.17379434 0.000000e+00  0.0000000000     0 0.000000e+00  0.000000e+00
 [9,] -0.14721836 0.000000e+00 -0.0001429878     0 6.287107e-05  0.000000e+00
[10,]  0.00000000 0.000000e+00 -0.0063440139     0 0.000000e+00  0.000000e+00
             [,55]        [,56]        [,57]        [,58]        [,59] [,60]
 [1,]  0.000000000 0.0000000000 -0.003457071 0.0000000000  0.002692039     0
 [2,]  0.000000000 0.0000000000  0.000000000 0.0000000000  0.000000000     0
 [3,]  0.000000000 0.0000000000  0.000000000 0.0000000000  0.000000000     0
 [4,]  0.000000000 0.0000000000  0.000000000 0.0000000000  0.000000000     0
 [5,]  0.000000000 0.0000000000 -0.000621868 0.0000000000  0.000000000     0
 [6,] -0.009190477 0.0000000000  0.000000000 0.0000000000  0.000000000     0
 [7,]  0.000000000 0.0002312452  0.000000000 0.0000000000 -0.035910489     0
 [8,]  0.000000000 0.0000000000  0.000000000 0.0000000000  0.000000000     0
 [9,]  0.000000000 0.0000000000 -0.077258870 0.0002587743  0.000000000     0
[10,]  0.000000000 0.0000000000  0.000000000 0.0000000000  0.000000000     0
             [,61]        [,62]        [,63]         [,64]         [,65] [,66]
 [1,]  0.067550181  0.000000000  0.000000000 -0.0004613682  0.000000e+00     0
 [2,]  0.000000000  0.000000000  0.000000000  0.0000000000  5.740938e-04     0
 [3,]  0.000000000 -0.177896409  0.000000000  0.0000000000  0.000000e+00     0
 [4,] -0.127860059  0.000000000  0.000000000  0.0000000000  0.000000e+00     0
 [5,]  0.000000000  0.000000000  0.000000000  0.0000000000  0.000000e+00     0
 [6,]  0.000000000 -0.265050058  0.203790840  0.0000000000  0.000000e+00     0
 [7,]  0.000000000 -0.001943433 -0.000132794  0.0000000000 -2.305001e-02     0
 [8,]  0.000000000  0.000000000  0.000000000  0.0000000000  0.000000e+00     0
 [9,] -0.001390252  0.000000000  0.000000000  0.0000000000 -1.324133e-05     0
[10,]  0.000000000  0.000000000  0.004954879 -0.0588337121  0.000000e+00     0
              [,67]         [,68]         [,69]         [,70]      [,71] [,72]
 [1,]  0.0000000000  0.0000000000  0.0000000000  0.0000000000 0.00000000     0
 [2,]  0.0000000000  0.0008230919  0.0000000000  0.0376473786 0.00000000     0
 [3,]  0.0000000000  0.0000000000  0.0000000000 -0.1416484584 0.00000000     0
 [4,]  0.0000000000 -0.0459116251  0.0000000000  0.0000000000 0.00000000     0
 [5,]  0.0000000000  0.0000000000  0.0006032507  0.0000000000 0.30923755     0
 [6,]  0.0000000000  0.0000000000  0.0000000000  0.0000000000 0.01176512     0
 [7,] -0.0009397712  0.0000000000  0.0000000000  0.0005308998 0.00000000     0
 [8,]  0.0000000000  0.0435761598  0.0000000000 -0.0199014444 0.08711305     0
 [9,]  0.0000000000  0.0000000000 -0.0563798564  0.0000000000 0.00000000     0
[10,]  0.0000000000  0.0000000000  0.0000000000  0.0000000000 0.00000000     0
             [,73]      [,74]        [,75]        [,76]        [,77]
 [1,] 0.000000e+00  0.0000000  0.107737480  0.000000000 0.000000e+00
 [2,] 0.000000e+00  0.0000000  0.000000000  0.000000000 0.000000e+00
 [3,] 0.000000e+00 -0.2015349  0.000000000  0.196238560 0.000000e+00
 [4,] 0.000000e+00  0.0000000  0.000000000  0.000000000 0.000000e+00
 [5,] 0.000000e+00  0.0000000  0.000000000 -0.302137230 0.000000e+00
 [6,] 0.000000e+00  0.0000000  0.000000000  0.000000000 0.000000e+00
 [7,] 0.000000e+00  0.0000000  0.000000000 -0.009457233 8.847391e-06
 [8,] 0.000000e+00  0.0000000 -0.007608115  0.000000000 0.000000e+00
 [9,] 4.808844e-05  0.0000000  0.000000000  0.000000000 0.000000e+00
[10,] 0.000000e+00  0.0000000  0.000000000  0.000000000 0.000000e+00
             [,78]        [,79]         [,80]      [,81]       [,82]
 [1,]  0.000000000  0.000000000  0.000000e+00 0.00000000  0.00000000
 [2,]  0.000000000  0.161428847  6.502585e-05 0.29714811  0.00000000
 [3,]  0.000000000  0.000000000  0.000000e+00 0.00000000  0.00000000
 [4,]  0.000000000  0.067187052  0.000000e+00 0.00000000 -0.10643248
 [5,]  0.000000000 -0.005600908  0.000000e+00 0.00000000  0.00000000
 [6,]  0.000000000  0.000000000  0.000000e+00 0.00000000 -0.01647695
 [7,] -0.002679848  0.000000000 -1.298863e-02 0.00000000  0.00000000
 [8,] -0.004134460  0.000000000  0.000000e+00 0.00000000  0.00000000
 [9,]  0.000000000  0.000000000  0.000000e+00 0.00000000  0.00000000
[10,]  0.000000000  0.000000000  5.521657e-03 0.00237114  0.00000000
             [,83]         [,84]       [,85]        [,86]      [,87] [,88]
 [1,] 0.0000000000  0.000000e+00  0.00000000  0.000000000 0.00000000     0
 [2,] 0.0000000000  0.000000e+00  0.00000000  0.000000000 0.02656149     0
 [3,] 0.0000000000 -1.015355e-06  0.00000000  0.000000000 0.00000000     0
 [4,] 0.0000000000  0.000000e+00  0.00000000  0.000000000 0.00000000     0
 [5,] 0.2141668876  0.000000e+00  0.00000000  0.000000000 0.00000000     0
 [6,] 0.0000000000  0.000000e+00  0.00000000  0.000000000 0.00000000     0
 [7,] 0.0003366683  1.625019e-02 -0.13255713  0.000000000 0.03222443     0
 [8,] 0.0000000000 -4.650973e-02 -0.09176519  0.006916512 0.00000000     0
 [9,] 0.0042387156  0.000000e+00  0.00000000 -0.246880963 0.00000000     0
[10,] 0.0000000000  0.000000e+00  0.00000000  0.000000000 0.03199631     0
             [,89]      [,90]         [,91]        [,92]        [,93]
 [1,]  0.000000000  0.0000000  0.0000000000 0.0130885727 0.0000000000
 [2,]  0.000000000  0.1565729  0.0000000000 0.0000000000 0.0000000000
 [3,]  0.000000000  0.0000000  0.0000000000 0.0000000000 0.0009310336
 [4,]  0.000000000 -0.1579394  0.0000000000 0.0000000000 0.0100528318
 [5,]  0.000000000  0.0000000  0.0000000000 0.0000000000 0.0000000000
 [6,] -0.009414094  0.0000000  0.0000000000 0.0000000000 0.0000000000
 [7,]  0.000000000  0.0000000  0.0000000000 0.0000000000 0.0014318860
 [8,]  0.000000000  0.0000000 -0.0004639234 0.0001057908 0.0778623623
 [9,]  0.000000000  0.0000000  0.0000000000 0.0000000000 0.0000000000
[10,]  0.000000000  0.0000000  0.0000000000 0.0000000000 0.0000000000
             [,94]         [,95]      [,96]      [,97]      [,98] [,99] [,100]
 [1,]  0.000000000  0.0004293209 -0.2004443  0.2998320 0.00000000     0      0
 [2,]  0.000000000  0.0000000000  0.0000000  0.0000000 0.00000000     0      0
 [3,]  0.000000000  0.1143828187  0.0000000  0.0000000 0.00000000     0      0
 [4,]  0.000000000  0.0000000000  0.0000000  0.0000000 0.00000000     0      0
 [5,]  0.000000000 -0.0004133611  0.0000000  0.0000000 0.00000000     0      0
 [6,]  0.000000000  0.0000000000  0.0000000  0.0000000 0.02045212     0      0
 [7,] -0.001238586 -0.0013580865  0.0000000  0.0000000 0.00000000     0      0
 [8,]  0.000000000  0.0000000000  0.0000000  0.0000000 0.00000000     0      0
 [9,]  0.000000000 -0.2268149091  0.0000000 -0.1886059 0.00000000     0      0
[10,]  0.000000000  0.0000000000  0.0000000  0.0000000 0.00000000     0      0
          [,101] [,102]     [,103]        [,104]     [,105]       [,106]
 [1,]  0.0000000      0  0.0000000  0.000000e+00 0.00000000  0.000000000
 [2,] -0.0241615      0 -0.1145015  4.230150e-02 0.00000000  0.000000000
 [3,]  0.0000000      0  0.0000000  0.000000e+00 0.00000000  0.000000000
 [4,]  0.0000000      0  0.0000000 -2.333416e-02 0.00000000  0.000000000
 [5,]  0.0000000      0  0.0000000 -1.198582e-05 0.03533971  0.000000000
 [6,]  0.0000000      0  0.0000000  0.000000e+00 0.00000000  0.000000000
 [7,]  0.0000000      0  0.0000000  0.000000e+00 0.00000000  0.000000000
 [8,]  0.0000000      0 -0.1863913 -4.419728e-02 0.00228467 -0.001471759
 [9,]  0.0000000      0  0.1254142  0.000000e+00 0.02034750  0.000000000
[10,] -0.1360844      0  0.0000000  0.000000e+00 0.00000000  0.000000000
             [,107]      [,108]       [,109]        [,110]       [,111]
 [1,]  0.000000e+00  0.00000000 -0.055436534  0.0000000000 0.0000000000
 [2,]  0.000000e+00 -0.07534636  0.000000000  0.0000000000 0.0000000000
 [3,]  0.000000e+00  0.00000000  0.000000000  0.0000000000 0.0000000000
 [4,] -3.653937e-06  0.00000000  0.000000000  0.0000000000 0.0000000000
 [5,]  0.000000e+00  0.00000000  0.000000000  0.0000000000 0.0242697117
 [6,]  0.000000e+00  0.00000000  0.189389344  0.0000000000 0.0000000000
 [7,]  2.502396e-02  0.00000000  0.000000000 -0.0005407585 0.0000000000
 [8,]  0.000000e+00  0.00000000  0.000000000  0.0000000000 0.0003206056
 [9,]  0.000000e+00  0.00000000  0.012196613  0.0000000000 0.0000000000
[10,]  0.000000e+00  0.00000000 -0.005264175  0.0000000000 0.0000000000
             [,112]      [,113] [,114]      [,115] [,116]      [,117]
 [1,]  0.0000000000 0.000000000      0  0.07722288      0  0.00000000
 [2,]  0.0000000000 0.000000000      0  0.00000000      0 -0.01479637
 [3,] -0.0511857038 0.000000000      0 -0.34157335      0  0.00000000
 [4,]  0.0000000000 0.000000000      0  0.00000000      0  0.00000000
 [5,]  0.0000000000 0.000000000      0  0.00000000      0  0.00000000
 [6,]  0.0000000000 0.052310781      0  0.00000000      0  0.00000000
 [7,] -0.0006435716 0.000000000      0  0.00000000      0  0.08684305
 [8,]  0.0000000000 0.007302445      0  0.00000000      0  0.00000000
 [9,]  0.0017119686 0.000000000      0  0.00000000      0  0.00000000
[10,]  0.0000000000 0.000000000      0  0.00000000      0  0.00000000
             [,118] [,119]       [,120]      [,121]     [,122]        [,123]
 [1,]  0.000000e+00      0  0.001083651  0.00000000 0.00000000  0.0000000000
 [2,]  0.000000e+00      0  0.000000000  0.00000000 0.00000000  0.0000000000
 [3,]  0.000000e+00      0  0.177422455  0.00000000 0.00000000  0.0002878505
 [4,] -9.760939e-06      0  0.000000000  0.00000000 0.00000000  0.0000000000
 [5,]  0.000000e+00      0  0.000000000  0.00000000 0.00000000  0.0000000000
 [6,]  0.000000e+00      0  0.000000000  0.00000000 0.00000000  0.0000000000
 [7,]  0.000000e+00      0  0.000000000  0.00000000 0.00000000 -0.0022681231
 [8,]  0.000000e+00      0  0.000000000  0.00000000 0.00000000  0.0000000000
 [9,]  0.000000e+00      0 -0.016816763 -0.04127518 0.00000000  0.0000000000
[10,]  0.000000e+00      0  0.008485854  0.00000000 0.06819488  0.0000000000
             [,124]      [,125]     [,126]       [,127]        [,128]
 [1,]  0.0000000000 -0.08801419 0.00000000  0.000000000  0.0000000000
 [2,]  0.0000000000  0.00000000 0.00000000  0.000000000  0.0000000000
 [3,]  0.0017598041  0.00000000 0.00000000  0.000000000  0.0491937781
 [4,]  0.0000000000  0.00000000 0.00000000  0.019954731  0.0000000000
 [5,]  0.0000000000  0.00000000 0.00000000  0.000000000  0.0000000000
 [6,] -0.0000213258  0.00000000 0.00000000  0.000000000  0.0000000000
 [7,] -0.0091079733  0.00000000 0.00000000 -0.003554965  0.0000000000
 [8,]  0.0000000000  0.00000000 0.00000000  0.000000000  0.0000000000
 [9,]  0.0000000000  0.00000000 0.05989816  0.000000000 -0.0327030619
[10,]  0.0000000000  0.00000000 0.00000000  0.000000000 -0.0004097181
             [,129]        [,130]       [,131]       [,132] [,133]      [,134]
 [1,]  0.0170630823  0.000000e+00  0.000000000 -0.012918567      0  0.00000000
 [2,] -0.0001877257  0.000000e+00  0.000000000  0.000000000      0  0.00000000
 [3,]  0.0000000000  0.000000e+00  0.000000000  0.001601433      0  0.00000000
 [4,] -0.3203303458  0.000000e+00  0.000000000  0.000000000      0  0.00000000
 [5,]  0.0000000000  0.000000e+00  0.000000000  0.000000000      0  0.00000000
 [6,]  0.0000000000  0.000000e+00 -0.125269625  0.000000000      0  0.00000000
 [7,]  0.0000000000 -6.033276e-05  0.000000000  0.000000000      0  0.09275696
 [8,]  0.0000000000  0.000000e+00  0.000000000  0.000000000      0 -0.20154501
 [9,]  0.0545830655  0.000000e+00  0.000000000  0.000000000      0  0.00000000
[10,]  0.0000000000  0.000000e+00 -0.009009637  0.000000000      0  0.00000000
            [,135]       [,136]      [,137]     [,138] [,139]        [,140]
 [1,]  0.000000000 0.000000e+00 -0.09505192 0.00000000      0 -0.0014547215
 [2,]  0.000000000 0.000000e+00  0.00000000 0.00000000      0  0.0000000000
 [3,]  0.000000000 0.000000e+00  0.00000000 0.06774974      0  0.0000000000
 [4,]  0.000000000 0.000000e+00  0.00000000 0.00000000      0  0.0000000000
 [5,]  0.000000000 1.352276e-02  0.00000000 0.00000000      0  0.0000000000
 [6,]  0.000000000 0.000000e+00 -0.01779525 0.00000000      0  0.0000000000
 [7,] -0.005709566 3.770111e-06  0.00000000 0.00000000      0  0.0009022977
 [8,]  0.000000000 0.000000e+00  0.00000000 0.00000000      0  0.0000000000
 [9,]  0.000000000 0.000000e+00  0.00000000 0.00000000      0  0.0009340865
[10,]  0.000000000 0.000000e+00  0.00000000 0.00000000      0  0.0000000000
            [,141]       [,142]    [,143]       [,144]      [,145]
 [1,] 8.112708e-03  0.000000000  0.000000  0.000000000  0.00000000
 [2,] 8.377324e-06  0.000000000  0.000000  0.000000000 -0.07851191
 [3,] 0.000000e+00  0.000000000  0.000000  0.000000000  0.00000000
 [4,] 0.000000e+00  0.000000000  0.000000  0.000000000  0.00000000
 [5,] 0.000000e+00  0.000000000  0.000000  0.000000000  0.00000000
 [6,] 0.000000e+00  0.000000000  0.000000  0.000000000  0.04490743
 [7,] 0.000000e+00 -0.001305228  0.000000 -0.003706426  0.00000000
 [8,] 0.000000e+00  0.000000000 -0.120027  0.000000000  0.00000000
 [9,] 0.000000e+00  0.000000000  0.000000 -0.068515080 -0.01563310
[10,] 0.000000e+00  0.000000000  0.000000  0.000000000  0.00000000
             [,146]      [,147]        [,148]      [,149]      [,150]
 [1,]  0.000000e+00  0.00000000 -1.798065e-02  0.00000000  0.00000000
 [2,] -8.987601e-05  0.00000000  0.000000e+00  0.05637147  0.00000000
 [3,]  0.000000e+00  0.00000000  0.000000e+00  0.00000000  0.00000000
 [4,]  0.000000e+00  0.00000000  0.000000e+00  0.00000000  0.00000000
 [5,]  0.000000e+00  0.00000000  0.000000e+00  0.00000000  0.00000000
 [6,]  0.000000e+00 -0.04724315  2.452487e-05  0.00000000  0.00000000
 [7,]  0.000000e+00  0.00000000  0.000000e+00  0.00000000 -0.09163343
 [8,]  5.703135e-02  0.00000000  0.000000e+00 -0.09167725  0.00000000
 [9,]  0.000000e+00  0.00000000  0.000000e+00  0.00000000  0.00000000
[10,]  0.000000e+00  0.00000000  0.000000e+00  0.00000000  0.00000000
             [,151]        [,152] [,153] [,154]       [,155]     [,156]
 [1,]  0.0000000000 -0.0007817114      0      0  0.000000000 -0.0635155
 [2,] -0.1733220684  0.0000000000      0      0  0.000000000  0.0000000
 [3,]  0.0586353973  0.0000000000      0      0  0.000000000  0.0000000
 [4,]  0.0000000000  0.0000000000      0      0  0.000000000  0.0000000
 [5,]  0.0000000000  0.0715142882      0      0  0.000000000  0.0000000
 [6,]  0.0000000000  0.0198003373      0      0  0.117632557  0.0000000
 [7,]  0.0000000000  0.0000000000      0      0 -0.007103983  0.0000000
 [8,]  0.0000000000  0.0036635546      0      0  0.000000000  0.0000000
 [9,]  0.0000000000  0.0000000000      0      0  0.000000000  0.0000000
[10,] -0.0001220729  0.0000000000      0      0  0.000000000  0.0000000
             [,157]    [,158]       [,159]       [,160]     [,161]      [,162]
 [1,]  0.0002464165 0.0000000 -0.117624035 -0.001965567 0.00000000  0.00000000
 [2,]  0.0000000000 0.2308082  0.000000000  0.000000000 0.00000000  0.00000000
 [3,]  0.0000000000 0.0000000  0.000000000  0.000000000 0.00000000  0.00000000
 [4,]  0.0000000000 0.0000000 -0.135239887  0.000000000 0.02220366  0.00000000
 [5,]  0.0000000000 0.0000000  0.000000000  0.000000000 0.09561697  0.00000000
 [6,]  0.0000000000 0.0000000  0.000000000  0.000000000 0.00000000  0.00000000
 [7,]  0.0000000000 0.0000000  0.002053757  0.018550433 0.00000000  0.00000000
 [8,]  0.0000000000 0.0000000  0.000000000  0.000000000 0.00000000  0.00000000
 [9,]  0.0000000000 0.0000000  0.000000000  0.000000000 0.00000000  0.00000000
[10,] -0.0342365865 0.0000000  0.000000000  0.000000000 0.00000000 -0.01866118
      [,163]      [,164]       [,165]        [,166]       [,167]      [,168]
 [1,]      0 -0.14252421  0.000000000  0.0000000000  0.000000000 0.000000000
 [2,]      0  0.00000000 -0.001938216  0.0000000000  0.000000000 0.000000000
 [3,]      0 -0.00307554  0.000000000  0.0000000000 -0.096187640 0.000000000
 [4,]      0  0.00000000  0.000000000  0.0000000000  0.000000000 0.000000000
 [5,]      0  0.00000000 -0.110712549  0.0000000000  0.000000000 0.000000000
 [6,]      0  0.00000000  0.000000000  0.0000000000  0.000000000 0.008768617
 [7,]      0  0.00000000  0.000000000 -0.0006853111 -0.002082658 0.000000000
 [8,]      0  0.00000000  0.000000000  0.0000000000  0.000000000 0.237610134
 [9,]      0  0.00000000  0.000000000 -0.1073444088  0.000000000 0.007696294
[10,]      0  0.00000000  0.000000000  0.0000000000  0.000000000 0.000000000
          [,169]        [,170] [,171]     [,172]       [,173]        [,174]
 [1,] 0.08781836  0.0000000000      0  0.0000000  0.000000000  0.0000000000
 [2,] 0.00000000  0.0000000000      0  0.0000000  0.000000000  0.0000000000
 [3,] 0.00000000  0.0693333057      0  0.0000000  0.000000000  0.0002571251
 [4,] 0.00000000  0.0000000000      0  0.0000000 -0.131601572  0.0000000000
 [5,] 0.00000000  0.0000000000      0  0.0000000  0.000000000  0.0000000000
 [6,] 0.00000000  0.0000000000      0  0.0000000  0.000000000  0.0625539048
 [7,] 0.00000000 -0.0004533542      0  0.0000000  0.004024317  0.0000000000
 [8,] 0.00000000  0.0000000000      0  0.0000000  0.000000000  0.0000000000
 [9,] 0.00000000  0.0000000000      0 -0.1159403  0.000000000  0.0000000000
[10,] 0.00000000  0.0000000000      0  0.0000000  0.000000000 -0.1366872445
          [,175]       [,176]       [,177]       [,178]       [,179] [,180]
 [1,]  0.0000000 0.000000e+00 0.0000000000  0.000000000 0.0000000000      0
 [2,]  0.0000000 0.000000e+00 0.0365075607  0.000000000 0.0000000000      0
 [3,]  0.0000000 2.685753e-05 0.0000000000  0.194896361 0.0000000000      0
 [4,]  0.0000000 0.000000e+00 0.0204167495  0.000000000 0.0000000000      0
 [5,]  0.0000000 3.914871e-02 0.0004573033  0.000000000 0.0000000000      0
 [6,]  0.0000000 5.479876e-02 0.0000000000  0.000000000 0.0000000000      0
 [7,]  0.0000000 7.121412e-05 0.0000000000 -0.000104329 0.0009640228      0
 [8,]  0.0000000 0.000000e+00 0.0000000000  0.000000000 0.0000000000      0
 [9,]  0.0000000 0.000000e+00 0.0000000000  0.000000000 0.0000000000      0
[10,] -0.1521276 0.000000e+00 0.0000000000  0.000000000 0.0000000000      0
            [,181] [,182]       [,183]       [,184] [,185]       [,186]
 [1,] 2.946676e-05      0  0.008597293  0.000000000      0 0.000000e+00
 [2,] 0.000000e+00      0  0.000000000  0.000000000      0 5.511359e-04
 [3,] 0.000000e+00      0  0.000000000 -0.000128035      0 0.000000e+00
 [4,] 0.000000e+00      0  0.000000000  0.000000000      0 6.618103e-05
 [5,] 0.000000e+00      0  0.000000000  0.000000000      0 0.000000e+00
 [6,] 0.000000e+00      0  0.000000000 -0.026535606      0 0.000000e+00
 [7,] 2.073882e-01      0 -0.347182303  0.000000000      0 3.994367e-04
 [8,] 0.000000e+00      0  0.000000000  0.000000000      0 0.000000e+00
 [9,] 4.692345e-04      0  0.000000000  0.000000000      0 0.000000e+00
[10,] 0.000000e+00      0  0.000000000  0.000000000      0 0.000000e+00
             [,187] [,188]        [,189]       [,190]       [,191]     [,192]
 [1,]  0.0000000000      0  0.000000e+00  0.000000000  0.000000000 0.00000000
 [2,]  0.0000000000      0  0.000000e+00  0.000000000  0.000000000 0.00000000
 [3,]  0.0000000000      0  2.323530e-01 -0.016988183 -0.430992518 0.00000000
 [4,]  0.0000000000      0  0.000000e+00  0.051874904  0.000000000 0.00000000
 [5,] -0.1786391727      0 -1.350896e-01  0.000000000  0.000000000 0.00000000
 [6,]  0.0000000000      0  1.202704e-01  0.000000000  0.001898229 0.00000000
 [7,] -0.0009886964      0 -1.078195e-05  0.000620594 -0.005198192 0.00000000
 [8,]  0.0000000000      0  0.000000e+00  0.000000000  0.000000000 0.00000000
 [9,] -0.0841521333      0  0.000000e+00  0.000000000  0.000000000 0.00000000
[10,]  0.0000000000      0  1.332790e-05  0.000000000  0.000000000 0.01504042
          [,193] [,194]      [,195]      [,196]       [,197] [,198] [,199]
 [1,] 0.02491185      0  0.00000000 0.000000000 -0.096519966      0      0
 [2,] 0.00000000      0  0.14936251 0.000000000  0.000000000      0      0
 [3,] 0.00000000      0  0.00000000 0.000000000  0.000000000      0      0
 [4,] 0.00000000      0  0.00000000 0.000000000  0.000000000      0      0
 [5,] 0.00000000      0  0.00000000 0.000000000  0.000000000      0      0
 [6,] 0.00000000      0  0.00000000 0.000000000  0.000000000      0      0
 [7,] 0.00000000      0  0.00000000 0.001593706  0.000000000      0      0
 [8,] 0.00000000      0  0.00000000 0.000000000  0.000000000      0      0
 [9,] 0.00000000      0 -0.01574257 0.000000000 -0.003300886      0      0
[10,] 0.00000000      0  0.00000000 0.000000000  0.000000000      0      0
      [,200]       [,201]        [,202]     [,203]       [,204]      [,205]
 [1,]      0 0.000000e+00 -2.178819e-01 0.00000000  0.000000000  0.00000000
 [2,]      0 0.000000e+00  0.000000e+00 0.00000000  0.000000000  0.00000000
 [3,]      0 0.000000e+00  0.000000e+00 0.00000000  0.000000000  0.00000000
 [4,]      0 4.230226e-05  0.000000e+00 0.00000000 -0.246745135  0.00000000
 [5,]      0 0.000000e+00  0.000000e+00 0.01126534  0.000000000  0.00000000
 [6,]      0 0.000000e+00  0.000000e+00 0.00000000  0.000000000  0.00000000
 [7,]      0 0.000000e+00  0.000000e+00 0.00000000  0.000000000 -0.00291526
 [8,]      0 0.000000e+00  0.000000e+00 0.00000000  0.000000000  0.00000000
 [9,]      0 0.000000e+00  0.000000e+00 0.21856544  0.000000000  0.00000000
[10,]      0 0.000000e+00 -1.389816e-05 0.00000000  0.003109418  0.00000000
         [,206]
 [1,] 0.0000000
 [2,] 0.0437653
 [3,] 0.0000000
 [4,] 0.0000000
 [5,] 0.1711490
 [6,] 0.0000000
 [7,] 0.0000000
 [8,] 0.0000000
 [9,] 0.0000000
[10,] 0.0000000
[1] "Mean"
  [1]  6.104856e-01  1.080798e+00  4.757712e+00  2.487863e+00  1.432449e+00
  [6] -1.519254e-01 -4.086952e-03  6.652994e-03 -1.822390e-04 -3.406968e-03
 [11]  7.693734e-03  5.194985e-02  4.966599e-04  5.486380e-02  0.000000e+00
 [16] -7.322947e-04  2.332459e-02  0.000000e+00 -5.263753e-04  1.938782e-04
 [21] -2.276911e-02 -4.116547e-02 -2.080709e-02  0.000000e+00 -8.596711e-03
 [26]  9.325421e-03  3.828223e-02 -8.260517e-03  1.432368e-02 -7.129616e-03
 [31] -1.162160e-03 -1.196863e-02  2.806403e-03  6.642335e-03 -5.694595e-03
 [36]  5.223541e-03  1.359942e-02  0.000000e+00  5.384646e-03 -1.478455e-02
 [41]  2.051628e-02  7.579875e-03  2.327463e-03  2.941930e-02 -3.655549e-03
 [46] -1.147008e-03  0.000000e+00  0.000000e+00 -3.420333e-02  1.614502e-06
 [51] -5.623771e-02  0.000000e+00  6.287107e-06  9.280382e-04 -9.190477e-04
 [56]  2.312452e-05 -8.133781e-03  2.587743e-05 -3.321845e-03  0.000000e+00
 [61] -6.170013e-03 -4.448899e-02  2.086129e-02 -5.929508e-03 -2.248916e-03
 [66]  0.000000e+00 -9.397712e-05 -1.512373e-04 -5.577661e-03 -1.233716e-02
 [71]  4.081157e-02  0.000000e+00  4.808844e-06 -2.015349e-02  1.001294e-02
 [76] -1.153559e-02  8.847391e-07 -6.814308e-04  2.230150e-02 -7.401949e-04
 [81]  2.995192e-02 -1.229094e-02  2.187423e-02 -3.026056e-03 -2.243223e-02
 [86] -2.399645e-02  9.078224e-03  0.000000e+00 -9.414094e-04 -1.366501e-04
 [91] -4.639234e-05  1.319436e-03  9.027811e-03 -1.238586e-04 -1.137742e-02
 [96] -2.004443e-02  1.112262e-02  2.045212e-03  0.000000e+00  0.000000e+00
[101] -1.602459e-02  0.000000e+00 -1.754786e-02 -2.524193e-03  5.797188e-03
[106] -1.471759e-04  2.502031e-03 -7.534636e-03  1.408852e-02 -5.407585e-05
[111]  2.459032e-03 -5.011731e-03  5.961323e-03  0.000000e+00 -2.643505e-02
[116]  0.000000e+00  7.204669e-03 -9.760939e-07  0.000000e+00  1.701752e-02
[121] -4.127518e-03  6.819488e-03 -1.980273e-04 -7.369495e-04 -8.801419e-03
[126]  5.989816e-03  1.639977e-03  1.608100e-03 -2.488719e-02 -6.033276e-06
[131] -1.342793e-02 -1.131713e-03  0.000000e+00 -1.087881e-02 -5.709566e-04
[136]  1.352653e-03 -1.128472e-02  6.774974e-03  0.000000e+00  3.816627e-05
[141]  8.121086e-04 -1.305228e-04 -1.200270e-02 -7.222151e-03 -4.923759e-03
[146]  5.694148e-03 -4.724315e-03 -1.795612e-03 -3.530578e-03 -9.163343e-03
[151] -1.148087e-02  9.419647e-03  0.000000e+00  0.000000e+00  1.105286e-02
[156] -6.351550e-03 -3.399017e-03  2.308082e-02 -2.508102e-02  1.658487e-03
[161]  1.178206e-02 -1.866118e-03  0.000000e+00 -1.455997e-02 -1.126508e-02
[166] -1.080297e-02 -9.827030e-03  2.540750e-02  8.781836e-03  6.887995e-03
[171]  0.000000e+00 -1.159403e-02 -1.275773e-02 -7.387621e-03 -1.521276e-02
[176]  9.404554e-03  5.738161e-03  1.947920e-02  9.640228e-05  0.000000e+00
[181]  2.078869e-02  0.000000e+00 -3.385850e-02 -2.666364e-03  0.000000e+00
[186]  1.016754e-04 -2.637800e-02  0.000000e+00  2.175363e-02  3.550731e-03
[191] -4.342925e-02  1.504042e-03  2.491185e-03  0.000000e+00  1.336199e-02
[196]  1.593706e-04 -9.982085e-03  0.000000e+00  0.000000e+00  0.000000e+00
[201]  4.230226e-06 -2.178958e-02  2.298308e-02 -2.436357e-02 -2.915260e-04
[206]  2.149143e-02
[1] "Variance"
  [1] 4.489105e-01 4.819839e-01 2.509675e-01 2.612286e-01 1.992951e-01
  [6] 1.382334e-01 1.254534e-01 3.655490e-02 4.004301e-04 4.529903e-02
 [11] 2.236184e-02 1.598036e-01 1.586524e-03 1.459363e-01 0.000000e+00
 [16] 4.297338e-03 4.903558e-02 0.000000e+00 1.664545e-03 6.130967e-04
 [21] 6.272901e-02 8.802455e-02 9.767703e-02 0.000000e+00 2.925246e-02
 [26] 4.190437e-02 7.099458e-02 5.187963e-02 3.343143e-02 2.340136e-02
 [31] 3.675074e-03 3.764635e-02 8.874627e-03 2.100491e-02 1.817935e-02
 [36] 1.238887e-02 4.300513e-02 0.000000e+00 1.770895e-02 4.675284e-02
 [41] 6.300908e-02 2.396967e-02 7.181651e-03 9.312981e-02 1.155986e-02
 [46] 3.875063e-03 0.000000e+00 0.000000e+00 6.718210e-02 5.105503e-06
 [51] 1.332655e-01 0.000000e+00 1.988158e-05 2.955270e-03 2.906284e-03
 [56] 7.312617e-05 2.431206e-02 8.183162e-05 1.148169e-02 0.000000e+00
 [61] 4.776384e-02 9.551599e-02 6.429389e-02 1.858921e-02 7.311000e-03
 [66] 0.000000e+00 2.971818e-04 2.110084e-02 1.785108e-02 4.755804e-02
 [71] 9.814905e-02 0.000000e+00 1.520690e-05 6.373093e-02 3.442005e-02
 [76] 1.195153e-01 2.797791e-06 1.476929e-03 5.336580e-02 4.639428e-03
 [81] 9.388613e-02 3.348082e-02 6.757771e-02 1.610953e-02 4.825878e-02
 [86] 7.834380e-02 1.469524e-02 0.000000e+00 2.976998e-03 7.413180e-02
 [91] 1.467055e-04 4.135387e-03 2.438467e-02 3.916753e-04 8.382268e-02
 [96] 6.338605e-02 1.174896e-01 6.467528e-03 0.000000e+00 0.000000e+00
[101] 4.286266e-02 0.000000e+00 8.199033e-02 2.166304e-02 1.216581e-02
[106] 4.654111e-04 7.913400e-03 2.382661e-02 6.423320e-02 1.710028e-04
[111] 7.664154e-03 1.623490e-02 1.644644e-02 0.000000e+00 1.133567e-01
[116] 0.000000e+00 2.836582e-02 3.086680e-06 0.000000e+00 5.670465e-02
[121] 1.305236e-02 2.156512e-02 7.329615e-04 2.992984e-03 2.783253e-02
[126] 1.894146e-02 6.531410e-03 1.961809e-02 1.052448e-01 1.907890e-05
[131] 3.939904e-02 4.171946e-03 0.000000e+00 7.306067e-02 1.805523e-03
[136] 4.276140e-03 2.995940e-02 2.142435e-02 0.000000e+00 6.487858e-04
[141] 2.565171e-03 4.127493e-04 3.795586e-02 2.156762e-02 3.015287e-02
[146] 1.803808e-02 1.493960e-02 5.686848e-03 3.568039e-02 2.897703e-02
[151] 5.977788e-02 2.268892e-02 0.000000e+00 0.000000e+00 3.751478e-02
[156] 2.008536e-02 1.083549e-02 7.298796e-02 5.358159e-02 5.967283e-03
[161] 3.027180e-02 5.901182e-03 0.000000e+00 4.497244e-02 3.494759e-02
[166] 3.392189e-02 3.035108e-02 7.463934e-02 2.777060e-02 2.194151e-02
[171] 0.000000e+00 3.666356e-02 4.177662e-02 4.949825e-02 4.810698e-02
[176] 2.014137e-02 1.256357e-02 6.163532e-02 3.048508e-04 0.000000e+00
[181] 6.556454e-02 0.000000e+00 1.101239e-01 8.386893e-03 0.000000e+00
[186] 2.011913e-04 5.966250e-02 0.000000e+00 9.543462e-02 1.780734e-02
[191] 1.361879e-01 4.756199e-03 7.877818e-03 0.000000e+00 4.804114e-02
[196] 5.039741e-04 3.042400e-02 0.000000e+00 0.000000e+00 0.000000e+00
[201] 1.337715e-05 6.889982e-02 6.881177e-02 7.814303e-02 9.218861e-04
[206] 5.435334e-02
[1] "Bias"
  [1] -0.75580575 -0.27946780 -0.04845764 -0.17071220 -0.28377568 -0.69614922
  [7]        -Inf         Inf        -Inf        -Inf         Inf         Inf
 [13]         Inf         Inf         NaN        -Inf         Inf         NaN
 [19]        -Inf         Inf        -Inf        -Inf        -Inf         NaN
 [25]        -Inf         Inf         Inf        -Inf         Inf        -Inf
 [31]        -Inf        -Inf         Inf         Inf        -Inf         Inf
 [37]         Inf         NaN         Inf        -Inf         Inf         Inf
 [43]         Inf         Inf        -Inf        -Inf         NaN         NaN
 [49]        -Inf         Inf        -Inf         NaN         Inf         Inf
 [55]        -Inf         Inf        -Inf         Inf        -Inf         NaN
 [61]        -Inf        -Inf         Inf        -Inf        -Inf         NaN
 [67]        -Inf        -Inf        -Inf        -Inf         Inf         NaN
 [73]         Inf        -Inf         Inf        -Inf         Inf        -Inf
 [79]         Inf        -Inf         Inf        -Inf         Inf        -Inf
 [85]        -Inf        -Inf         Inf         NaN        -Inf        -Inf
 [91]        -Inf         Inf         Inf        -Inf        -Inf        -Inf
 [97]         Inf         Inf         NaN         NaN        -Inf         NaN
[103]        -Inf        -Inf         Inf        -Inf         Inf        -Inf
[109]         Inf        -Inf         Inf        -Inf         Inf         NaN
[115]        -Inf         NaN         Inf        -Inf         NaN         Inf
[121]        -Inf         Inf        -Inf        -Inf        -Inf         Inf
[127]         Inf         Inf        -Inf        -Inf        -Inf        -Inf
[133]         NaN        -Inf        -Inf         Inf        -Inf         Inf
[139]         NaN         Inf         Inf        -Inf        -Inf        -Inf
[145]        -Inf         Inf        -Inf        -Inf        -Inf        -Inf
[151]        -Inf         Inf         NaN         NaN         Inf        -Inf
[157]        -Inf         Inf        -Inf         Inf         Inf        -Inf
[163]         NaN        -Inf        -Inf        -Inf        -Inf         Inf
[169]         Inf         Inf         NaN        -Inf        -Inf        -Inf
[175]        -Inf         Inf         Inf         Inf         Inf         NaN
[181]         Inf         NaN        -Inf        -Inf         NaN         Inf
[187]        -Inf         NaN         Inf         Inf        -Inf         Inf
[193]         Inf         NaN         Inf         Inf        -Inf         NaN
[199]         NaN         NaN         Inf        -Inf         Inf        -Inf
[205]        -Inf         Inf
