final values in 1th iteration
  [1] -0.313947126  4.703360763  2.532532386  1.083239811  0.000000000
  [6]  0.000000000  0.000000000  0.000000000  0.000000000  0.000000000
 [11]  0.000000000  0.000000000  0.000000000  0.000000000  0.000000000
 [16]  0.000000000  0.000000000  0.000000000  0.000000000  0.000000000
 [21]  0.000000000  0.000000000  0.000000000  0.000000000  0.000000000
 [26]  0.000000000  0.000000000  0.114547426  0.000000000  0.000000000
 [31]  0.000000000  0.000000000  0.000000000  0.000000000  0.000000000
 [36]  0.000000000  0.000000000  0.000000000  0.108621794  0.000000000
 [41]  0.000000000  0.000000000  0.000000000  0.000000000  0.000000000
 [46]  0.000000000  0.000000000  0.000000000  0.006329928  0.000000000
 [51]  0.000000000  0.000000000  0.000000000  0.000000000  0.000000000
 [56]  0.000000000  0.000000000  0.000000000  0.000000000  0.000000000
 [61]  0.000000000  0.000000000  0.000000000  0.000000000  0.000000000
 [66]  0.000000000  0.000000000  0.000000000  0.000000000  0.000000000
 [71]  0.000000000  0.000000000 -0.077775212  0.000000000  0.000000000
 [76]  0.000000000  0.000000000  0.000000000  0.000000000  0.000000000
 [81]  0.000000000  0.000000000  0.000000000  0.000000000  0.000000000
 [86]  0.000000000  0.000000000  0.000000000  0.000000000  0.000000000
 [91]  0.000000000  0.000000000  0.000000000  0.000000000  0.000000000
 [96]  0.000000000  0.000000000  0.000000000  0.000000000  0.000000000
[101]  0.000000000  0.000000000  0.000000000  0.000000000  0.000000000
[106]  0.000000000  0.000000000  0.000000000  0.000000000  0.000000000
[111]  0.000000000  0.000000000  0.000000000  0.000000000  0.000000000
[116]  0.000000000  0.000000000  0.000000000  0.008636913  0.000000000
[121]  0.000000000  0.000000000  0.000000000  0.000000000  0.000000000
[126]  0.000000000  0.000000000  0.000000000  0.000000000  0.000000000
[131]  0.000000000  0.000000000  0.000000000  0.000000000  0.000000000
[136] -0.162503748  0.000000000  0.000000000  0.000000000  0.000000000
[141]  0.000000000  0.000000000  0.000000000  0.000000000  0.000000000
[146]  0.000000000  0.000000000  0.000000000  0.000000000  0.000000000
[151] -0.076763105  0.000000000  0.000000000  0.000000000  0.000000000
[156]  0.000000000  0.000000000  0.000000000  0.000000000  0.000000000
[161]  0.000000000  0.000000000  0.000000000  0.000000000  0.000000000
[166]  0.000000000  0.000000000  0.000000000  0.000000000  0.000000000
[171]  0.000000000 -0.039760561  0.000000000  0.000000000  0.000000000
[176]  0.000000000  0.055527743  0.000000000  0.000000000  0.000000000
[181]  0.000000000  0.000000000  0.000000000  0.000000000  0.000000000
[186]  0.000000000  0.000000000  0.000000000  0.000000000  0.000000000
[191]  0.000000000  0.000000000  0.000000000  0.000000000  0.000000000
[196]  0.000000000  0.000000000  0.000000000  0.000000000  0.000000000
[201] -0.066460604  0.000000000  0.000000000  0.000000000  0.000000000
[1] 0.2950226
final values in 2th iteration
  [1] -0.1844132464  4.2698068862  2.4170539360  1.4458650390  0.0000000000
  [6]  0.0000000000  0.0000000000 -0.0007607168  0.0000000000  0.0000000000
 [11]  0.0000000000  0.0000000000  0.0000000000  0.0000000000  0.0000000000
 [16]  0.0000000000  0.0000000000  0.0000000000  0.0000000000  0.0000000000
 [21]  0.0000000000  0.0000000000  0.0000000000  0.0000000000  0.0000000000
 [26]  0.0000000000  0.0000000000  0.0000000000  0.0000000000 -0.0003220519
 [31]  0.0000000000  0.0000000000  0.0000000000  0.0000000000  0.0000000000
 [36]  0.0000000000  0.0000000000  0.0000000000  0.0000000000  0.0000000000
 [41]  0.0000000000 -0.0102389799  0.0000000000  0.0000000000  0.0000000000
 [46]  0.0000000000  0.0000000000  0.0000000000  0.0000000000  0.0000000000
 [51]  0.0000000000  0.0000000000  0.0000000000  0.0000000000  0.0000000000
 [56]  0.0000000000  0.0000000000  0.0000000000  0.0000000000  0.0000000000
 [61]  0.0000000000  0.0000000000  0.0000000000  0.0000000000  0.0000000000
 [66]  0.0000000000  0.0000000000  0.0000000000  0.2540093074  0.0000000000
 [71]  0.0000000000  0.0000000000  0.0000000000  0.0000000000  0.0000000000
 [76]  0.0000000000  0.0000000000  0.0000000000  0.0000000000  0.0000000000
 [81]  0.0000000000 -0.0359161753  0.0000000000  0.0000000000  0.0000000000
 [86]  0.0000000000  0.0000000000  0.0000000000  0.0000000000  0.0000000000
 [91]  0.0000000000  0.0000000000  0.0000000000  0.0000000000  0.0000000000
 [96]  0.0000000000  0.0000000000  0.0000000000  0.0000000000  0.0000000000
[101]  0.0000000000  0.0000000000  0.0000000000  0.0000000000  0.0000000000
[106]  0.0000000000 -0.1194613775  0.0000000000  0.0000000000  0.0000000000
[111]  0.0000000000 -0.0263404368  0.0000000000  0.0000000000  0.0000000000
[116]  0.0000000000  0.0000000000  0.0000000000  0.0000000000  0.0000000000
[121]  0.0000000000  0.0000000000  0.0000000000  0.0000000000  0.0000000000
[126]  0.0000000000  0.0000000000  0.0000000000  0.0000000000  0.0000000000
[131]  0.0000000000  0.0000000000  0.0000000000  0.0000000000  0.0000000000
[136]  0.0000000000  0.0000000000 -0.0851992349  0.0000000000  0.0000000000
[141]  0.0000000000  0.0000000000  0.0000000000  0.0000000000  0.0000000000
[146]  0.0000000000  0.0000000000  0.0021502512  0.0000000000  0.0000000000
[151]  0.0000000000  0.0000000000  0.0000000000  0.0000000000  0.0000000000
[156]  0.0000000000  0.0000000000  0.0000000000  0.0000000000  0.0000000000
[161]  0.0000000000  0.0000000000  0.0000000000 -0.1458879246  0.0000000000
[166]  0.0000000000  0.0000000000  0.0000000000  0.0000000000  0.0000000000
[171]  0.0000000000  0.0000000000  0.0000000000  0.0000000000  0.0000000000
[176]  0.0000000000  0.0000000000  0.0000000000  0.0060413338  0.0000000000
[181]  0.0000000000  0.0000000000  0.0000000000  0.0000000000  0.0000000000
[186]  0.0000000000  0.0000000000  0.0000000000  0.0000000000  0.0000000000
[191]  0.0000000000  0.0000000000  0.0000000000  0.0000000000  0.0000000000
[196]  0.0000000000  0.0000000000  0.0000000000  0.0000000000  0.0000000000
[201]  0.0000000000  0.0000000000  0.0000000000  0.0000000000  0.0000000000
[1] 0.3658868
final values in 3th iteration
  [1]  0.3221383615  4.4820575647  2.3985402930  1.4920000592 -0.2766132844
  [6]  0.0000000000  0.0000000000  0.0000000000  0.0000000000  0.0000000000
 [11]  0.2092816065  0.0000000000  0.0000000000  0.0000000000  0.0000000000
 [16]  0.0000000000  0.0000000000  0.0000000000  0.0000000000  0.0000000000
 [21]  0.0000000000  0.0255543759  0.0000000000  0.0000000000  0.0000000000
 [26]  0.0000000000  0.0000000000  0.0000000000  0.0000000000  0.0000000000
 [31]  0.0000000000 -0.0675711693  0.0000000000  0.0000000000  0.0000000000
 [36]  0.0000000000  0.0000000000  0.0000000000  0.0000000000  0.0620496850
 [41]  0.0000000000  0.0000000000  0.0000000000  0.0000000000  0.0000000000
 [46]  0.0000000000  0.0000000000  0.0000000000  0.0000000000  0.0000000000
 [51]  0.0000000000  0.0000000000  0.0000000000  0.0000000000  0.0000000000
 [56]  0.0000000000  0.0325813393  0.0000000000  0.0000000000  0.0000000000
 [61] -0.0013847583  0.0000000000  0.0000000000  0.0000000000  0.0000000000
 [66]  0.0000000000  0.0000000000  0.0000000000  0.0000000000  0.0000000000
 [71]  0.0000000000  0.0000000000  0.0000000000  0.0000000000  0.0000000000
 [76]  0.0000000000 -0.0461468178  0.0000000000  0.0000000000  0.0000000000
 [81]  0.0000000000  0.0000000000  0.0000000000  0.0000000000  0.0000000000
 [86]  0.0457817290  0.0000000000  0.0000000000  0.0000000000  0.0000000000
 [91]  0.0000000000  0.0000000000  0.0000000000  0.0000000000  0.0000000000
 [96]  0.0000000000  0.0000000000 -0.0060598131  0.0000000000  0.0000000000
[101]  0.0000000000  0.0000000000 -0.0938979479  0.0000000000  0.0000000000
[106]  0.0000000000  0.0000000000  0.0000000000  0.0000000000 -0.0112220673
[111]  0.0000000000  0.0000000000  0.0000000000  0.0000000000  0.0000000000
[116]  0.0000000000  0.0000000000  0.0000000000  0.0577360104  0.0000000000
[121]  0.0000000000  0.0000000000  0.0000000000  0.0000000000  0.0000000000
[126]  0.0000000000  0.0068586202  0.0000000000  0.0000000000  0.0000000000
[131]  0.0000000000  0.0000000000  0.0000000000  0.0000000000 -0.1298969978
[136]  0.0000000000  0.0000000000  0.0000000000  0.0000000000  0.0000000000
[141]  0.0000000000  0.0000000000  0.0000000000  0.0000000000  0.0265793487
[146]  0.0000000000  0.0000000000  0.0000000000  0.0000000000  0.0000000000
[151] -0.0005718864  0.0000000000  0.0000000000  0.0000000000  0.0000000000
[156] -0.0303235829  0.0000000000  0.0000000000  0.0000000000  0.0000000000
[161]  0.0000000000  0.0000000000  0.0000000000  0.0000000000  0.0000000000
[166] -0.0352914341  0.0000000000  0.0000000000  0.0000000000  0.0000000000
[171]  0.0000000000  0.0000000000  0.0000000000  0.0000000000  0.0000000000
[176]  0.0000000000  0.0000000000  0.0000000000  0.0000000000  0.0000000000
[181]  0.0000000000  0.0000000000  0.0000000000  0.0000000000  0.0000000000
[186]  0.0000000000  0.0000000000  0.0000000000  0.0000000000 -0.0578959192
[191]  0.0000000000  0.0000000000  0.0000000000  0.0000000000  0.0000000000
[196]  0.0000000000  0.0000000000  0.0000000000  0.0000000000  0.0000000000
[201]  0.0000000000  0.0000000000  0.0000000000  0.0000000000  0.0000000000
[1] 0.2964935
final values in 4th iteration
  [1] -1.97297383  3.70280219  1.20332776  1.11295710  0.00000000  0.00000000
  [7]  0.00000000  0.00000000  0.00000000  0.00000000  0.00000000  0.00000000
 [13]  0.00000000  0.00000000  0.00000000  0.00000000  0.00000000  0.00000000
 [19]  0.00000000  0.00000000 -0.09007945  0.02859569  0.00000000  0.00000000
 [25]  0.00000000  0.00000000  0.00000000  0.00000000  0.00000000  0.00000000
 [31]  0.00000000  0.00000000  0.00000000  0.00000000  0.00000000  0.00000000
 [37]  0.00000000  0.00000000  0.00000000  0.00000000  0.00000000  0.00000000
 [43]  0.00000000  0.00000000  0.00000000  0.00000000  0.00000000  0.00000000
 [49]  0.00000000  0.00000000  0.00000000  0.00000000  0.00000000  0.00000000
 [55]  0.00000000  0.00000000  0.00000000  0.00000000  0.00000000  0.00000000
 [61]  0.00000000  0.00000000  0.00000000  0.00000000  0.00000000  0.00000000
 [67]  0.00000000  0.00000000  0.00000000  0.00000000  0.00000000  0.00000000
 [73]  0.00000000  0.00000000  0.00000000  0.00000000  0.00000000  0.00000000
 [79]  0.00000000  0.00000000 -0.14629606  0.00000000  0.00000000  0.00000000
 [85]  0.00000000  0.00000000  0.00000000  0.00000000 -0.09301113  0.00000000
 [91]  0.00000000  0.00000000  0.00000000  0.00000000  0.00000000  0.00000000
 [97]  0.00000000  0.00000000  0.00000000  0.00000000  0.00000000  0.00000000
[103]  0.00000000  0.00000000  0.00000000  0.00000000  0.00000000  0.00000000
[109]  0.00000000  0.12788944  0.12322654  0.00000000  0.00000000  0.00000000
[115]  0.00000000  0.00000000 -0.38570064  0.00000000  0.00000000  0.00000000
[121]  0.00000000 -0.02162561  0.00000000  0.00000000  0.00000000  0.00000000
[127]  0.00000000 -0.08744010  0.00000000  0.00000000  0.00000000  0.00000000
[133]  0.00000000  0.00000000  0.00000000  0.00000000  0.00000000  0.00000000
[139] -0.54950258  0.00000000  0.00000000  0.00000000  0.00000000  0.00000000
[145]  0.00000000  0.00000000  0.00000000  0.00000000  0.00000000  0.00000000
[151]  0.00000000  0.00000000  0.00000000  0.00000000  0.00000000  0.00000000
[157]  0.00000000  0.00000000  0.00000000  0.00000000  0.00000000  0.00000000
[163]  0.00000000  0.00000000  0.00000000  0.00000000  0.00000000  0.00000000
[169]  0.00000000  0.00000000  0.00000000  0.00000000  0.00000000  0.39613262
[175]  0.00000000  0.15145529  0.00000000  0.06439948  0.00000000  0.00000000
[181]  0.00000000  0.00000000  0.00000000  0.00000000  0.06916594  0.00000000
[187]  0.00000000  0.00000000  0.00000000  0.00000000  0.00000000  0.00000000
[193]  0.00000000  0.00000000  0.00000000  0.00000000  0.00000000  0.00000000
[199]  0.00000000  0.00000000  0.00000000  0.00000000 -0.01265677  0.00000000
[205]  0.00000000
[1] 0.2478737
final values in 5th iteration
  [1]  0.788624960  4.770568652  2.674978062  1.712248411  0.000000000
  [6]  0.000000000  0.000000000  0.000000000  0.000000000  0.000000000
 [11]  0.000000000  0.000000000  0.000000000  0.000000000 -0.019017585
 [16]  0.000000000  0.000000000  0.000000000  0.000000000  0.000000000
 [21]  0.000000000  0.000000000  0.000000000  0.000000000  0.000000000
 [26]  0.000000000  0.000000000  0.000000000  0.000000000  0.000000000
 [31]  0.000000000  0.053786868  0.000000000  0.000000000  0.000000000
 [36]  0.000000000  0.000000000  0.000000000  0.000000000  0.000000000
 [41]  0.000000000  0.000000000  0.000000000  0.000000000  0.000000000
 [46]  0.000000000  0.000000000  0.000000000  0.000000000 -0.100237267
 [51]  0.000000000  0.000000000  0.000000000  0.000000000  0.000000000
 [56]  0.000000000  0.000000000  0.000000000  0.000000000  0.048453186
 [61]  0.000000000  0.000000000  0.000000000  0.000000000  0.000000000
 [66]  0.000000000  0.000000000  0.000000000  0.000000000  0.000000000
 [71]  0.000000000  0.000000000  0.000000000  0.018281513  0.000000000
 [76]  0.000000000  0.000000000 -0.014163128  0.000000000  0.000000000
 [81]  0.000000000  0.075094967  0.000000000  0.000000000  0.000000000
 [86]  0.000000000  0.000000000  0.000000000  0.000000000  0.000000000
 [91]  0.000000000  0.000000000  0.000000000  0.000000000  0.000000000
 [96]  0.000000000  0.000000000  0.000000000  0.000000000  0.000000000
[101]  0.000000000  0.000000000  0.000000000  0.010208232  0.000000000
[106]  0.000000000  0.000000000  0.000000000  0.000000000  0.000000000
[111]  0.000000000  0.000000000  0.000000000  0.000000000  0.000000000
[116]  0.000000000  0.000000000  0.000000000  0.000000000  0.000000000
[121]  0.000000000  0.000000000  0.000000000  0.000000000  0.000000000
[126]  0.000000000  0.000000000  0.000000000  0.000000000  0.000000000
[131]  0.000000000  0.000000000  0.000000000  0.000000000  0.000000000
[136]  0.000000000  0.000000000  0.000000000  0.000000000  0.000000000
[141]  0.000000000  0.000000000  0.000000000  0.000000000  0.000000000
[146]  0.000000000  0.000000000  0.000000000  0.000000000  0.000000000
[151]  0.000000000  0.000000000  0.000000000  0.000000000  0.000000000
[156]  0.000000000  0.000000000  0.000000000  0.000000000  0.000000000
[161]  0.000000000  0.000000000  0.000000000  0.000000000  0.000000000
[166]  0.000000000  0.000000000  0.000000000  0.009909723  0.000000000
[171]  0.000000000  0.000000000  0.000000000  0.000000000  0.000000000
[176]  0.011671824  0.000000000  0.000000000  0.000000000  0.000000000
[181]  0.000000000  0.000000000  0.000000000  0.000000000  0.000000000
[186]  0.000000000  0.000000000 -0.079297528  0.000000000  0.000000000
[191]  0.000000000  0.000000000  0.000000000  0.000000000  0.000000000
[196]  0.000000000  0.000000000  0.000000000  0.000000000  0.000000000
[201]  0.000000000  0.000000000  0.000000000  0.000000000  0.058266426
[1] 0.3865917
final values in 6th iteration
  [1]  0.9142679226  4.8699231105  2.7662039065  1.7047430603 -0.2776850270
  [6]  0.0000000000  0.0000000000  0.0000000000  0.0000000000  0.0000000000
 [11]  0.0000000000  0.0000000000  0.0000000000  0.0000000000  0.0000000000
 [16]  0.0000000000  0.0000000000  0.0000000000  0.0000000000  0.0000000000
 [21]  0.0000000000  0.0000000000  0.0000000000  0.0000000000  0.0000000000
 [26]  0.0000000000  0.0000000000  0.0000000000  0.0000000000  0.0000000000
 [31]  0.0000000000  0.0000000000  0.0000000000 -0.0465999283  0.0000000000
 [36]  0.0000000000  0.0000000000  0.0000000000  0.0000000000  0.0000000000
 [41]  0.0000000000  0.0006747846  0.0000000000  0.0000000000  0.0000000000
 [46]  0.0000000000  0.0000000000  0.0000000000  0.0000000000  0.0000000000
 [51]  0.0000000000  0.0000000000  0.0000000000  0.0000000000  0.0000000000
 [56]  0.0000000000  0.0000000000  0.0000000000  0.0000000000  0.0000000000
 [61] -0.0657328450  0.0153839132  0.0000000000  0.0000000000 -0.0068300045
 [66]  0.0000000000  0.0000000000  0.0000000000  0.0000000000  0.0000000000
 [71]  0.0000000000  0.0000000000  0.0000000000  0.0000000000  0.0000000000
 [76]  0.0000000000  0.0000000000  0.0000000000  0.0000000000  0.0000000000
 [81]  0.0000000000  0.0000000000  0.0000000000  0.0000000000  0.0000000000
 [86]  0.0000000000  0.0000000000  0.0000000000  0.0000000000  0.0000000000
 [91]  0.0000000000  0.0000000000  0.0000000000  0.0000000000  0.0000000000
 [96]  0.0000000000  0.0000000000  0.0000000000  0.0000000000  0.0000000000
[101]  0.0000000000  0.0000000000  0.0000000000  0.0000000000  0.0000000000
[106]  0.0000000000  0.0000000000  0.0000000000  0.0000000000  0.0000000000
[111]  0.0000000000  0.0000000000  0.0000000000  0.0046404703  0.0000000000
[116]  0.0000000000  0.0000000000  0.0000000000  0.0000000000  0.0000000000
[121]  0.0000000000  0.0000000000  0.0000000000  0.0000000000  0.0000000000
[126]  0.0000000000  0.0000000000  0.0000000000  0.0000000000  0.0000000000
[131]  0.0000000000  0.0000000000  0.0000000000  0.0000000000  0.0000000000
[136]  0.0000000000  0.0000000000  0.0000000000  0.0000000000  0.0000000000
[141]  0.0000000000  0.0000000000  0.0000000000  0.0000000000  0.0000000000
[146]  0.0000000000  0.0000000000  0.0000000000  0.0000000000  0.0000000000
[151]  0.0000000000  0.0000000000  0.0000000000  0.0000000000  0.0000000000
[156]  0.0000000000  0.0000000000  0.0000000000  0.0000000000  0.0000000000
[161]  0.0000000000  0.0000000000  0.0000000000  0.0000000000  0.0000000000
[166]  0.0000000000  0.0000000000  0.0000000000  0.0000000000  0.0000000000
[171]  0.0000000000  0.0000000000  0.0000000000  0.0000000000  0.0000000000
[176]  0.0000000000  0.0000000000  0.0000000000  0.0000000000  0.0000000000
[181]  0.0000000000  0.0000000000 -0.0395877882  0.0000000000  0.0000000000
[186]  0.0000000000  0.0000000000  0.0024586712  0.0000000000  0.0000000000
[191]  0.0000000000  0.0000000000  0.0000000000  0.0000000000  0.0000000000
[196]  0.0000000000  0.0000000000  0.0434349466  0.0000000000  0.0000000000
[201]  0.0000000000  0.0000000000  0.0000000000  0.0000000000  0.0000000000
[1] 0.3919623
[1] "broken"
final values in 7th iteration
  [1]  0.543194221  4.911917797  0.701134387  0.240361049  0.000000000
  [6]  0.000000000  0.000000000  0.000000000  0.000000000  0.000000000
 [11]  0.000000000  0.000000000  0.000000000  0.000000000  0.000000000
 [16]  0.004970058  0.000000000  0.000000000  0.000000000  0.000000000
 [21]  0.000000000  0.000000000  0.000000000  0.000000000  0.000000000
 [26]  0.000000000  0.000000000  0.000000000  0.000000000  0.000000000
 [31]  0.000000000  0.000000000  0.000000000  0.000000000  0.000000000
 [36]  0.000000000  0.000000000  0.000000000 -0.181132154  0.000000000
 [41]  0.106772077  0.000000000  0.000000000  0.000000000  0.000000000
 [46]  0.164850455  0.000000000  0.000000000  0.000000000  0.000000000
 [51]  0.000000000  0.000000000  0.000000000  0.000000000  0.000000000
 [56]  0.000000000  0.000000000 -0.160220713  0.000000000  0.000000000
 [61]  0.000000000  0.000000000  0.189473139  0.000000000  0.000000000
 [66]  0.000000000  0.000000000  0.000000000  0.000000000  0.000000000
 [71]  0.000000000  0.000000000  0.000000000  0.000000000  0.000000000
 [76]  0.000000000  0.000000000  0.000000000  0.000000000  0.000000000
 [81]  0.000000000  0.000000000  0.180357609  0.000000000  0.000000000
 [86]  0.083180695  0.000000000  0.000000000  0.000000000 -0.412872708
 [91]  0.000000000  0.000000000  0.000000000  0.000000000  0.000000000
 [96]  0.000000000  0.000000000  0.000000000  0.000000000  0.000000000
[101]  0.000000000  0.000000000  0.000000000  0.000000000  0.000000000
[106]  0.022912771  0.000000000  0.000000000  0.000000000  0.000000000
[111]  0.000000000  0.000000000  0.000000000  0.000000000  0.044114027
[116]  0.000000000  0.000000000  0.000000000  0.000000000  0.000000000
[121]  0.000000000  0.000000000  0.000000000  0.000000000  0.000000000
[126]  0.000000000  0.000000000  0.000000000  0.000000000  0.000000000
[131]  0.000000000  0.000000000  0.027429961  0.000000000  0.000000000
[136]  0.000000000  0.000000000  0.000000000  0.000000000  0.000000000
[141] -0.091344924  0.000000000  0.000000000  0.000000000  0.000000000
[146]  0.000000000  0.000000000  0.000000000  0.000000000  0.000000000
[151]  0.000000000  0.000000000  0.000000000  0.000000000  0.000000000
[156]  0.000000000  0.000000000  0.000000000  0.000000000  0.000000000
[161]  0.000000000  0.000000000  0.000000000  0.000000000  0.000000000
[166]  0.000000000  0.000000000  0.000000000  0.000000000  0.000000000
[171]  0.000000000  0.000000000  0.000000000  0.000000000  0.000000000
[176]  0.000000000  0.000000000  0.000000000  0.000000000  0.000000000
[181]  0.000000000 -0.482404846  0.000000000  0.000000000  0.000000000
[186]  0.000000000  0.000000000 -0.537786526  0.000000000  0.000000000
[191]  0.000000000  0.000000000  0.000000000  0.000000000  0.000000000
[196]  0.000000000  0.000000000  0.000000000  0.000000000  0.000000000
[201]  0.000000000  0.000000000  0.000000000  0.000000000  0.000000000
[1] 0.3287368
final values in 8th iteration
  [1]  0.948079225  4.948184742  2.849782762  1.767120410 -0.255760458
  [6]  0.000000000  0.001318539  0.000000000  0.000000000  0.000000000
 [11]  0.000000000  0.000000000  0.000000000  0.000000000  0.000000000
 [16]  0.000000000  0.000000000  0.000000000  0.000000000  0.000000000
 [21]  0.000000000 -0.030985149  0.000000000  0.000000000  0.000000000
 [26]  0.138906480  0.000000000  0.000000000 -0.016093761  0.000000000
 [31]  0.000000000  0.000000000  0.000000000  0.000000000  0.000000000
 [36]  0.000000000  0.000000000  0.000000000  0.000000000  0.000000000
 [41]  0.000000000  0.000000000  0.000000000  0.000000000  0.000000000
 [46]  0.000000000  0.000000000  0.000000000  0.000000000  0.000000000
 [51]  0.000000000  0.000000000  0.000000000  0.000000000  0.000000000
 [56]  0.000000000  0.000000000  0.000000000  0.000000000  0.000000000
 [61]  0.000000000  0.000000000  0.000000000  0.000000000  0.000000000
 [66]  0.000000000  0.000000000  0.000000000  0.000000000  0.000000000
 [71]  0.000000000  0.000000000  0.000000000  0.000000000  0.000000000
 [76]  0.000000000  0.000000000  0.000000000  0.000000000  0.000000000
 [81]  0.000000000  0.000000000  0.000000000  0.000000000  0.000000000
 [86]  0.000000000  0.000000000  0.000000000  0.000000000  0.000000000
 [91]  0.000000000  0.000000000  0.000000000  0.000000000  0.000000000
 [96]  0.000000000  0.000000000  0.000000000  0.000000000  0.000000000
[101]  0.000000000  0.000000000  0.000000000  0.040789405  0.000000000
[106]  0.000000000  0.000000000  0.000000000  0.000000000  0.000000000
[111]  0.000000000  0.000000000  0.000000000  0.000000000  0.000000000
[116] -0.002079354  0.000000000  0.000000000  0.000000000  0.000000000
[121]  0.000000000  0.000000000  0.000000000  0.000000000  0.000000000
[126]  0.000000000  0.000000000  0.000000000  0.000000000  0.000000000
[131]  0.000000000  0.000000000 -0.033056589  0.000000000  0.000000000
[136]  0.000000000  0.000000000  0.000000000  0.000000000  0.000000000
[141]  0.000000000  0.000000000  0.000000000  0.000000000  0.000000000
[146]  0.000000000  0.000000000  0.000000000  0.000000000  0.000000000
[151]  0.000000000  0.000000000  0.000000000  0.000000000  0.000000000
[156]  0.000000000  0.000000000  0.000000000  0.000000000  0.000000000
[161]  0.000000000  0.000000000  0.000000000  0.000000000  0.000000000
[166]  0.000000000  0.000000000  0.000000000  0.000000000  0.000000000
[171]  0.000000000  0.000000000  0.000000000  0.000000000  0.000000000
[176]  0.000000000  0.000000000  0.000000000  0.000000000  0.000000000
[181]  0.000000000  0.000000000  0.000000000  0.000000000  0.000000000
[186]  0.000000000  0.000000000  0.000000000  0.000000000  0.000000000
[191]  0.000000000  0.000000000  0.000000000  0.000000000  0.000000000
[196]  0.000000000  0.000000000  0.000000000  0.000000000  0.000000000
[201]  0.000000000  0.000000000  0.000000000  0.000000000  0.000000000
[1] 0.4328369
final values in 9th iteration
  [1]  0.4096781119  4.6323194570  2.6594502373  1.7039918348 -0.4507888190
  [6]  0.0308500165  0.0000000000  0.0000000000  0.0000000000  0.0000000000
 [11]  0.0000000000  0.0000000000  0.0000000000  0.0000000000  0.0000000000
 [16]  0.0000000000  0.0000000000  0.0000000000  0.0000000000  0.0000000000
 [21]  0.0000000000  0.0000000000  0.0000000000  0.0000000000  0.0000000000
 [26]  0.0000000000  0.0000000000  0.0000000000  0.0000000000  0.0000000000
 [31]  0.0000000000  0.0000000000  0.0000000000  0.0000000000  0.0000000000
 [36]  0.0000000000  0.0000000000  0.0096206244  0.0000000000  0.0000000000
 [41]  0.0000000000  0.0053263715  0.0000000000  0.0000000000  0.0000000000
 [46]  0.0000000000  0.0000000000 -0.0148259804  0.0000000000  0.0000000000
 [51]  0.0000000000  0.0009274123  0.0000000000  0.0000000000  0.0000000000
 [56]  0.0000000000  0.0000000000  0.0000000000  0.0000000000  0.0000000000
 [61]  0.0000000000  0.0000000000  0.0000000000  0.0000000000  0.0000000000
 [66]  0.0000000000  0.0000000000  0.0000000000  0.0000000000  0.0000000000
 [71]  0.0000000000  0.0000000000  0.0000000000  0.0000000000  0.0000000000
 [76]  0.0000000000  0.0000000000  0.0000000000  0.0000000000  0.0000000000
 [81]  0.0000000000  0.0000000000  0.0000000000  0.0000000000  0.0000000000
 [86]  0.0000000000  0.0000000000  0.0000000000  0.0000000000  0.0000000000
 [91]  0.0000000000  0.0000000000  0.0000000000  0.0000000000  0.0000000000
 [96] -0.0187060177  0.0000000000  0.0000000000  0.0000000000  0.0000000000
[101]  0.0000000000  0.0000000000  0.0000000000  0.0000000000  0.0000000000
[106]  0.0000000000  0.0000000000  0.0000000000  0.0109555589  0.0000000000
[111]  0.0000000000  0.0000000000  0.0000000000  0.0000000000  0.0000000000
[116]  0.0000000000  0.0000000000  0.0000000000  0.0000000000  0.0000000000
[121]  0.0000000000  0.0000000000  0.0000000000  0.0000000000  0.0000000000
[126]  0.0000000000  0.0000000000  0.0000000000  0.0000000000  0.0000000000
[131]  0.0000000000  0.0000000000  0.0000000000  0.0000000000  0.0000000000
[136]  0.0000000000  0.0000000000  0.0000000000  0.0000000000  0.0000000000
[141]  0.0000000000  0.0000000000  0.0000000000  0.0000000000  0.0000000000
[146]  0.0000000000  0.0000000000  0.0000000000  0.0000000000  0.0000000000
[151]  0.0000000000  0.0000000000  0.0000000000  0.0000000000  0.0000000000
[156]  0.0000000000  0.0000000000  0.0000000000  0.0000000000  0.0000000000
[161]  0.0000000000  0.0000000000  0.0000000000  0.0000000000  0.0000000000
[166]  0.0000000000  0.0000000000  0.0000000000  0.0000000000  0.0000000000
[171]  0.0000000000  0.0000000000  0.0288751408  0.0000000000  0.0000000000
[176]  0.0000000000  0.0000000000  0.0000000000  0.0000000000  0.0000000000
[181]  0.0000000000  0.0000000000  0.0000000000  0.0000000000  0.0122293413
[186]  0.0000000000  0.0000000000  0.0000000000  0.0000000000  0.0000000000
[191]  0.0000000000  0.0000000000  0.0000000000  0.0000000000  0.0000000000
[196]  0.0000000000  0.0000000000  0.0000000000  0.0000000000  0.0000000000
[201]  0.0000000000  0.0000000000  0.0000000000  0.0000000000  0.0000000000
[1] 0.3455848
final values in 10th iteration
  [1]  1.254891e+00  4.932426e+00  2.758516e+00  1.912786e+00 -3.359036e-01
  [6]  0.000000e+00  0.000000e+00  0.000000e+00  0.000000e+00  0.000000e+00
 [11]  0.000000e+00  0.000000e+00  0.000000e+00  0.000000e+00  0.000000e+00
 [16]  0.000000e+00  0.000000e+00  0.000000e+00  0.000000e+00  1.834945e-03
 [21]  0.000000e+00  0.000000e+00  0.000000e+00  0.000000e+00  0.000000e+00
 [26]  0.000000e+00  0.000000e+00  0.000000e+00  0.000000e+00  0.000000e+00
 [31]  1.428120e-02  0.000000e+00  0.000000e+00  0.000000e+00  0.000000e+00
 [36]  0.000000e+00  0.000000e+00  0.000000e+00  0.000000e+00  0.000000e+00
 [41]  0.000000e+00  0.000000e+00  0.000000e+00  0.000000e+00  0.000000e+00
 [46]  0.000000e+00  0.000000e+00  0.000000e+00  0.000000e+00  0.000000e+00
 [51]  0.000000e+00  0.000000e+00  0.000000e+00  0.000000e+00  0.000000e+00
 [56]  0.000000e+00  0.000000e+00  0.000000e+00  0.000000e+00  0.000000e+00
 [61]  0.000000e+00  2.959258e-03 -8.591654e-04  0.000000e+00  0.000000e+00
 [66] -1.267904e-05  0.000000e+00  0.000000e+00  0.000000e+00  0.000000e+00
 [71]  0.000000e+00  0.000000e+00  0.000000e+00  0.000000e+00  0.000000e+00
 [76]  0.000000e+00  0.000000e+00  0.000000e+00  0.000000e+00  0.000000e+00
 [81]  0.000000e+00  0.000000e+00  0.000000e+00  0.000000e+00  0.000000e+00
 [86]  0.000000e+00  0.000000e+00  0.000000e+00  0.000000e+00  0.000000e+00
 [91]  0.000000e+00  0.000000e+00  0.000000e+00  0.000000e+00  0.000000e+00
 [96]  0.000000e+00  0.000000e+00  0.000000e+00  0.000000e+00 -2.700603e-02
[101]  0.000000e+00  0.000000e+00  0.000000e+00  0.000000e+00  0.000000e+00
[106]  0.000000e+00  0.000000e+00  0.000000e+00  0.000000e+00 -3.217852e-03
[111]  0.000000e+00  0.000000e+00  0.000000e+00  0.000000e+00  0.000000e+00
[116]  0.000000e+00  0.000000e+00  0.000000e+00  0.000000e+00  0.000000e+00
[121]  0.000000e+00  0.000000e+00  0.000000e+00  0.000000e+00  0.000000e+00
[126]  0.000000e+00  0.000000e+00  0.000000e+00  0.000000e+00  0.000000e+00
[131]  0.000000e+00  0.000000e+00  0.000000e+00  0.000000e+00  0.000000e+00
[136]  0.000000e+00  0.000000e+00  0.000000e+00  0.000000e+00  0.000000e+00
[141]  2.407405e-02 -1.773817e-02  0.000000e+00  0.000000e+00  0.000000e+00
[146]  0.000000e+00  0.000000e+00  0.000000e+00  0.000000e+00 -3.858151e-02
[151]  0.000000e+00  0.000000e+00  0.000000e+00  0.000000e+00  0.000000e+00
[156]  0.000000e+00  0.000000e+00  0.000000e+00  0.000000e+00  0.000000e+00
[161]  0.000000e+00  0.000000e+00  0.000000e+00  0.000000e+00  0.000000e+00
[166]  0.000000e+00  0.000000e+00  0.000000e+00  0.000000e+00  0.000000e+00
[171]  0.000000e+00  0.000000e+00 -1.246159e-02 -3.488877e-02  0.000000e+00
[176]  0.000000e+00  0.000000e+00  0.000000e+00  0.000000e+00  0.000000e+00
[181]  0.000000e+00  0.000000e+00  0.000000e+00  0.000000e+00  0.000000e+00
[186]  0.000000e+00  0.000000e+00  2.834154e-02  0.000000e+00  0.000000e+00
[191]  0.000000e+00  0.000000e+00  0.000000e+00  0.000000e+00  0.000000e+00
[196]  0.000000e+00  0.000000e+00  0.000000e+00  0.000000e+00  0.000000e+00
[201]  0.000000e+00  0.000000e+00  1.752272e-02  0.000000e+00  0.000000e+00
[1] 0.3481928
      alpha                                                                 
 [1,] 0.2950226 -0.3139471 4.703361 2.532532  1.08324  0          0         
 [2,] 0.3658868 -0.1844132 4.269807 2.417054  1.445865 0          0         
 [3,] 0.2964935 0.3221384  4.482058 2.39854   1.492    -0.2766133 0         
 [4,] 0.2478737 -1.972974  3.702802 1.203328  1.112957 0          0         
 [5,] 0.3865917 0.788625   4.770569 2.674978  1.712248 0          0         
 [6,] 0.3919623 0.9142679  4.869923 2.766204  1.704743 -0.277685  0         
 [7,] 0.3287368 0.5431942  4.911918 0.7011344 0.240361 0          0         
 [8,] 0.4328369 0.9480792  4.948185 2.849783  1.76712  -0.2557605 0         
 [9,] 0.3455848 0.4096781  4.632319 2.65945   1.703992 -0.4507888 0.03085002
[10,] 0.3481928 1.254891   4.932426 2.758516  1.912786 -0.3359036 0         
                                                                               
 [1,] 0           0             0 0 0         0 0 0 0           0           0 0
 [2,] 0           -0.0007607168 0 0 0         0 0 0 0           0           0 0
 [3,] 0           0             0 0 0.2092816 0 0 0 0           0           0 0
 [4,] 0           0             0 0 0         0 0 0 0           0           0 0
 [5,] 0           0             0 0 0         0 0 0 -0.01901758 0           0 0
 [6,] 0           0             0 0 0         0 0 0 0           0           0 0
 [7,] 0           0             0 0 0         0 0 0 0           0.004970058 0 0
 [8,] 0.001318539 0             0 0 0         0 0 0 0           0           0 0
 [9,] 0           0             0 0 0         0 0 0 0           0           0 0
[10,] 0           0             0 0 0         0 0 0 0           0           0 0
                                                                       
 [1,] 0 0           0           0           0 0 0 0         0 0.1145474
 [2,] 0 0           0           0           0 0 0 0         0 0        
 [3,] 0 0           0           0.02555438  0 0 0 0         0 0        
 [4,] 0 0           -0.09007945 0.02859569  0 0 0 0         0 0        
 [5,] 0 0           0           0           0 0 0 0         0 0        
 [6,] 0 0           0           0           0 0 0 0         0 0        
 [7,] 0 0           0           0           0 0 0 0         0 0        
 [8,] 0 0           0           -0.03098515 0 0 0 0.1389065 0 0        
 [9,] 0 0           0           0           0 0 0 0         0 0        
[10,] 0 0.001834945 0           0           0 0 0 0         0 0        
                                                                         
 [1,] 0           0             0         0           0 0           0 0 0
 [2,] 0           -0.0003220519 0         0           0 0           0 0 0
 [3,] 0           0             0         -0.06757117 0 0           0 0 0
 [4,] 0           0             0         0           0 0           0 0 0
 [5,] 0           0             0         0.05378687  0 0           0 0 0
 [6,] 0           0             0         0           0 -0.04659993 0 0 0
 [7,] 0           0             0         0           0 0           0 0 0
 [8,] -0.01609376 0             0         0           0 0           0 0 0
 [9,] 0           0             0         0           0 0           0 0 0
[10,] 0           0             0.0142812 0           0 0           0 0 0
                                                                              
 [1,] 0           0.1086218  0          0         0            0 0 0 0        
 [2,] 0           0          0          0         -0.01023898  0 0 0 0        
 [3,] 0           0          0.06204968 0         0            0 0 0 0        
 [4,] 0           0          0          0         0            0 0 0 0        
 [5,] 0           0          0          0         0            0 0 0 0        
 [6,] 0           0          0          0         0.0006747846 0 0 0 0        
 [7,] 0           -0.1811322 0          0.1067721 0            0 0 0 0.1648505
 [8,] 0           0          0          0         0            0 0 0 0        
 [9,] 0.009620624 0          0          0         0.005326372  0 0 0 0        
[10,] 0           0          0          0         0            0 0 0 0        
                                                                            
 [1,] 0 0           0.006329928 0          0 0            0 0 0 0 0         
 [2,] 0 0           0           0          0 0            0 0 0 0 0         
 [3,] 0 0           0           0          0 0            0 0 0 0 0.03258134
 [4,] 0 0           0           0          0 0            0 0 0 0 0         
 [5,] 0 0           0           -0.1002373 0 0            0 0 0 0 0         
 [6,] 0 0           0           0          0 0            0 0 0 0 0         
 [7,] 0 0           0           0          0 0            0 0 0 0 0         
 [8,] 0 0           0           0          0 0            0 0 0 0 0         
 [9,] 0 -0.01482598 0           0          0 0.0009274123 0 0 0 0 0         
[10,] 0 0           0           0          0 0            0 0 0 0 0         
                                                                      
 [1,] 0          0 0          0            0           0             0
 [2,] 0          0 0          0            0           0             0
 [3,] 0          0 0          -0.001384758 0           0             0
 [4,] 0          0 0          0            0           0             0
 [5,] 0          0 0.04845319 0            0           0             0
 [6,] 0          0 0          -0.06573284  0.01538391  0             0
 [7,] -0.1602207 0 0          0            0           0.1894731     0
 [8,] 0          0 0          0            0           0             0
 [9,] 0          0 0          0            0           0             0
[10,] 0          0 0          0            0.002959258 -0.0008591654 0
                                                                               
 [1,] 0            0             0 0 0         0 0 0 -0.07777521 0          0 0
 [2,] 0            0             0 0 0.2540093 0 0 0 0           0          0 0
 [3,] 0            0             0 0 0         0 0 0 0           0          0 0
 [4,] 0            0             0 0 0         0 0 0 0           0          0 0
 [5,] 0            0             0 0 0         0 0 0 0           0.01828151 0 0
 [6,] -0.006830004 0             0 0 0         0 0 0 0           0          0 0
 [7,] 0            0             0 0 0         0 0 0 0           0          0 0
 [8,] 0            0             0 0 0         0 0 0 0           0          0 0
 [9,] 0            0             0 0 0         0 0 0 0           0          0 0
[10,] 0            -1.267904e-05 0 0 0         0 0 0 0           0          0 0
                                                                      
 [1,] 0           0           0 0 0          0           0         0 0
 [2,] 0           0           0 0 0          -0.03591618 0         0 0
 [3,] -0.04614682 0           0 0 0          0           0         0 0
 [4,] 0           0           0 0 -0.1462961 0           0         0 0
 [5,] 0           -0.01416313 0 0 0          0.07509497  0         0 0
 [6,] 0           0           0 0 0          0           0         0 0
 [7,] 0           0           0 0 0          0           0.1803576 0 0
 [8,] 0           0           0 0 0          0           0         0 0
 [9,] 0           0           0 0 0          0           0         0 0
[10,] 0           0           0 0 0          0           0         0 0
                                                                   
 [1,] 0          0 0 0           0          0 0 0 0 0 0           0
 [2,] 0          0 0 0           0          0 0 0 0 0 0           0
 [3,] 0.04578173 0 0 0           0          0 0 0 0 0 0           0
 [4,] 0          0 0 -0.09301113 0          0 0 0 0 0 0           0
 [5,] 0          0 0 0           0          0 0 0 0 0 0           0
 [6,] 0          0 0 0           0          0 0 0 0 0 0           0
 [7,] 0.08318069 0 0 0           -0.4128727 0 0 0 0 0 0           0
 [8,] 0          0 0 0           0          0 0 0 0 0 0           0
 [9,] 0          0 0 0           0          0 0 0 0 0 -0.01870602 0
[10,] 0          0 0 0           0          0 0 0 0 0 0           0
                                                                        
 [1,] 0            0 0           0 0 0           0          0 0         
 [2,] 0            0 0           0 0 0           0          0 0         
 [3,] -0.006059813 0 0           0 0 -0.09389795 0          0 0         
 [4,] 0            0 0           0 0 0           0          0 0         
 [5,] 0            0 0           0 0 0           0.01020823 0 0         
 [6,] 0            0 0           0 0 0           0          0 0         
 [7,] 0            0 0           0 0 0           0          0 0.02291277
 [8,] 0            0 0           0 0 0           0.0407894  0 0         
 [9,] 0            0 0           0 0 0           0          0 0         
[10,] 0            0 -0.02700603 0 0 0           0          0 0         
                                                                             
 [1,] 0          0 0          0            0         0           0 0         
 [2,] -0.1194614 0 0          0            0         -0.02634044 0 0         
 [3,] 0          0 0          -0.01122207  0         0           0 0         
 [4,] 0          0 0          0.1278894    0.1232265 0           0 0         
 [5,] 0          0 0          0            0         0           0 0         
 [6,] 0          0 0          0            0         0           0 0.00464047
 [7,] 0          0 0          0            0         0           0 0         
 [8,] 0          0 0          0            0         0           0 0         
 [9,] 0          0 0.01095556 0            0         0           0 0         
[10,] 0          0 0          -0.003217852 0         0           0 0         
                                                                              
 [1,] 0          0            0          0 0.008636913 0 0 0           0 0 0 0
 [2,] 0          0            0          0 0           0 0 0           0 0 0 0
 [3,] 0          0            0          0 0.05773601  0 0 0           0 0 0 0
 [4,] 0          0            -0.3857006 0 0           0 0 -0.02162561 0 0 0 0
 [5,] 0          0            0          0 0           0 0 0           0 0 0 0
 [6,] 0          0            0          0 0           0 0 0           0 0 0 0
 [7,] 0.04411403 0            0          0 0           0 0 0           0 0 0 0
 [8,] 0          -0.002079354 0          0 0           0 0 0           0 0 0 0
 [9,] 0          0            0          0 0           0 0 0           0 0 0 0
[10,] 0          0            0          0 0           0 0 0           0 0 0 0
                                                                        
 [1,] 0          0          0 0 0 0 0           0 0         -0.1625037 0
 [2,] 0          0          0 0 0 0 0           0 0         0          0
 [3,] 0.00685862 0          0 0 0 0 0           0 -0.129897 0          0
 [4,] 0          -0.0874401 0 0 0 0 0           0 0         0          0
 [5,] 0          0          0 0 0 0 0           0 0         0          0
 [6,] 0          0          0 0 0 0 0           0 0         0          0
 [7,] 0          0          0 0 0 0 0.02742996  0 0         0          0
 [8,] 0          0          0 0 0 0 -0.03305659 0 0         0          0
 [9,] 0          0          0 0 0 0 0           0 0         0          0
[10,] 0          0          0 0 0 0 0           0 0         0          0
                                                                         
 [1,] 0           0          0 0           0           0 0 0          0 0
 [2,] -0.08519923 0          0 0           0           0 0 0          0 0
 [3,] 0           0          0 0           0           0 0 0.02657935 0 0
 [4,] 0           -0.5495026 0 0           0           0 0 0          0 0
 [5,] 0           0          0 0           0           0 0 0          0 0
 [6,] 0           0          0 0           0           0 0 0          0 0
 [7,] 0           0          0 -0.09134492 0           0 0 0          0 0
 [8,] 0           0          0 0           0           0 0 0          0 0
 [9,] 0           0          0 0           0           0 0 0          0 0
[10,] 0           0          0 0.02407405  -0.01773817 0 0 0          0 0
                                                                               
 [1,] 0           0 0           -0.0767631    0 0 0 0 0           0 0 0 0 0 0 0
 [2,] 0.002150251 0 0           0             0 0 0 0 0           0 0 0 0 0 0 0
 [3,] 0           0 0           -0.0005718864 0 0 0 0 -0.03032358 0 0 0 0 0 0 0
 [4,] 0           0 0           0             0 0 0 0 0           0 0 0 0 0 0 0
 [5,] 0           0 0           0             0 0 0 0 0           0 0 0 0 0 0 0
 [6,] 0           0 0           0             0 0 0 0 0           0 0 0 0 0 0 0
 [7,] 0           0 0           0             0 0 0 0 0           0 0 0 0 0 0 0
 [8,] 0           0 0           0             0 0 0 0 0           0 0 0 0 0 0 0
 [9,] 0           0 0           0             0 0 0 0 0           0 0 0 0 0 0 0
[10,] 0           0 -0.03858151 0             0 0 0 0 0           0 0 0 0 0 0 0
                                                                          
 [1,] 0          0 0           0 0 0           0 0 -0.03976056 0          
 [2,] -0.1458879 0 0           0 0 0           0 0 0           0          
 [3,] 0          0 -0.03529143 0 0 0           0 0 0           0          
 [4,] 0          0 0           0 0 0           0 0 0           0          
 [5,] 0          0 0           0 0 0.009909723 0 0 0           0          
 [6,] 0          0 0           0 0 0           0 0 0           0          
 [7,] 0          0 0           0 0 0           0 0 0           0          
 [8,] 0          0 0           0 0 0           0 0 0           0          
 [9,] 0          0 0           0 0 0           0 0 0           0.02887514 
[10,] 0          0 0           0 0 0           0 0 0           -0.01246159
                                                                               
 [1,] 0           0 0          0.05552774 0          0           0 0 0         
 [2,] 0           0 0          0          0          0.006041334 0 0 0         
 [3,] 0           0 0          0          0          0           0 0 0         
 [4,] 0.3961326   0 0.1514553  0          0.06439948 0           0 0 0         
 [5,] 0           0 0.01167182 0          0          0           0 0 0         
 [6,] 0           0 0          0          0          0           0 0 0         
 [7,] 0           0 0          0          0          0           0 0 -0.4824048
 [8,] 0           0 0          0          0          0           0 0 0         
 [9,] 0           0 0          0          0          0           0 0 0         
[10,] -0.03488877 0 0          0          0          0           0 0 0         
                                                                          
 [1,] 0           0 0          0 0 0           0 0           0 0 0 0 0 0 0
 [2,] 0           0 0          0 0 0           0 0           0 0 0 0 0 0 0
 [3,] 0           0 0          0 0 0           0 -0.05789592 0 0 0 0 0 0 0
 [4,] 0           0 0.06916594 0 0 0           0 0           0 0 0 0 0 0 0
 [5,] 0           0 0          0 0 -0.07929753 0 0           0 0 0 0 0 0 0
 [6,] -0.03958779 0 0          0 0 0.002458671 0 0           0 0 0 0 0 0 0
 [7,] 0           0 0          0 0 -0.5377865  0 0           0 0 0 0 0 0 0
 [8,] 0           0 0          0 0 0           0 0           0 0 0 0 0 0 0
 [9,] 0           0 0.01222934 0 0 0           0 0           0 0 0 0 0 0 0
[10,] 0           0 0          0 0 0.02834154  0 0           0 0 0 0 0 0 0
                                                          
 [1,] 0          0 0 -0.0664606 0 0           0 0         
 [2,] 0          0 0 0          0 0           0 0         
 [3,] 0          0 0 0          0 0           0 0         
 [4,] 0          0 0 0          0 -0.01265677 0 0         
 [5,] 0          0 0 0          0 0           0 0.05826643
 [6,] 0.04343495 0 0 0          0 0           0 0         
 [7,] 0          0 0 0          0 0           0 0         
 [8,] 0          0 0 0          0 0           0 0         
 [9,] 0          0 0 0          0 0           0 0         
[10,] 0          0 0 0          0 0.01752272  0 0         
[1] "Mean"
  [1]  3.439182e-01  2.709540e-01  4.622337e+00  2.296152e+00  1.417531e+00
  [6] -1.596751e-01  3.085002e-03  1.318539e-04 -7.607168e-05  0.000000e+00
 [11]  0.000000e+00  2.092816e-02  0.000000e+00  0.000000e+00  0.000000e+00
 [16] -1.901758e-03  4.970058e-04  0.000000e+00  0.000000e+00  0.000000e+00
 [21]  1.834945e-04 -9.007945e-03  2.316492e-03  0.000000e+00  0.000000e+00
 [26]  0.000000e+00  1.389065e-02  0.000000e+00  1.145474e-02 -1.609376e-03
 [31] -3.220519e-05  1.428120e-03 -1.378430e-03  0.000000e+00 -4.659993e-03
 [36]  0.000000e+00  0.000000e+00  0.000000e+00  9.620624e-04 -7.251036e-03
 [41]  6.204968e-03  1.067721e-02 -4.237824e-04  0.000000e+00  0.000000e+00
 [46]  0.000000e+00  1.648505e-02  0.000000e+00 -1.482598e-03  6.329928e-04
 [51] -1.002373e-02  0.000000e+00  9.274123e-05  0.000000e+00  0.000000e+00
 [56]  0.000000e+00  0.000000e+00  3.258134e-03 -1.602207e-02  0.000000e+00
 [61]  4.845319e-03 -6.711760e-03  1.834317e-03  1.886140e-02  0.000000e+00
 [66] -6.830004e-04 -1.267904e-06  0.000000e+00  0.000000e+00  2.540093e-02
 [71]  0.000000e+00  0.000000e+00  0.000000e+00 -7.777521e-03  1.828151e-03
 [76]  0.000000e+00  0.000000e+00 -4.614682e-03 -1.416313e-03  0.000000e+00
 [81]  0.000000e+00 -1.462961e-02  3.917879e-03  1.803576e-02  0.000000e+00
 [86]  0.000000e+00  1.289624e-02  0.000000e+00  0.000000e+00 -9.301113e-03
 [91] -4.128727e-02  0.000000e+00  0.000000e+00  0.000000e+00  0.000000e+00
 [96]  0.000000e+00 -1.870602e-03  0.000000e+00 -6.059813e-04  0.000000e+00
[101] -2.700603e-03  0.000000e+00  0.000000e+00 -9.389795e-03  5.099764e-03
[106]  0.000000e+00  2.291277e-03 -1.194614e-02  0.000000e+00  1.095556e-03
[111]  1.134495e-02  1.232265e-02 -2.634044e-03  0.000000e+00  4.640470e-04
[116]  4.411403e-03 -2.079354e-04 -3.857006e-02  0.000000e+00  6.637292e-03
[121]  0.000000e+00  0.000000e+00 -2.162561e-03  0.000000e+00  0.000000e+00
[126]  0.000000e+00  0.000000e+00  6.858620e-04 -8.744010e-03  0.000000e+00
[131]  0.000000e+00  0.000000e+00  0.000000e+00 -5.626629e-04  0.000000e+00
[136] -1.298970e-02 -1.625037e-02  0.000000e+00 -8.519923e-03 -5.495026e-02
[141]  0.000000e+00 -6.727087e-03 -1.773817e-03  0.000000e+00  0.000000e+00
[146]  2.657935e-03  0.000000e+00  0.000000e+00  2.150251e-04  0.000000e+00
[151] -3.858151e-03 -7.733499e-03  0.000000e+00  0.000000e+00  0.000000e+00
[156]  0.000000e+00 -3.032358e-03  0.000000e+00  0.000000e+00  0.000000e+00
[161]  0.000000e+00  0.000000e+00  0.000000e+00  0.000000e+00 -1.458879e-02
[166]  0.000000e+00 -3.529143e-03  0.000000e+00  0.000000e+00  9.909723e-04
[171]  0.000000e+00  0.000000e+00 -3.976056e-03  1.641355e-03  3.612439e-02
[176]  0.000000e+00  1.631271e-02  5.552774e-03  6.439948e-03  6.041334e-04
[181]  0.000000e+00  0.000000e+00 -4.824048e-02 -3.958779e-03  0.000000e+00
[186]  8.139528e-03  0.000000e+00  0.000000e+00 -5.862838e-02  0.000000e+00
[191] -5.789592e-03  0.000000e+00  0.000000e+00  0.000000e+00  0.000000e+00
[196]  0.000000e+00  0.000000e+00  0.000000e+00  4.343495e-03  0.000000e+00
[201]  0.000000e+00 -6.646060e-03  0.000000e+00  4.865949e-04  0.000000e+00
[206]  5.826643e-03
[1] "Variance"
  [1] 5.440013e-02 9.303003e-01 3.895332e-01 7.330343e-01 4.961511e-01
  [6] 1.764205e-01 9.755632e-03 4.169585e-04 2.405598e-04 0.000000e+00
 [11] 0.000000e+00 6.618065e-02 0.000000e+00 0.000000e+00 0.000000e+00
 [16] 6.013888e-03 1.571670e-03 0.000000e+00 0.000000e+00 0.000000e+00
 [21] 5.802605e-04 2.848562e-02 1.625204e-02 0.000000e+00 0.000000e+00
 [26] 0.000000e+00 4.392609e-02 0.000000e+00 3.622308e-02 5.089294e-03
 [31] 1.018418e-04 4.516113e-03 2.875160e-02 0.000000e+00 1.473619e-02
 [36] 0.000000e+00 0.000000e+00 0.000000e+00 3.042309e-03 6.998554e-02
 [41] 1.962183e-02 3.376430e-02 3.827769e-03 0.000000e+00 0.000000e+00
 [46] 0.000000e+00 5.213029e-02 0.000000e+00 4.688387e-03 2.001699e-03
 [51] 3.169781e-02 0.000000e+00 2.932735e-04 0.000000e+00 0.000000e+00
 [56] 0.000000e+00 0.000000e+00 1.030312e-02 5.066624e-02 0.000000e+00
 [61] 1.532224e-02 2.074246e-02 4.850828e-03 5.994746e-02 0.000000e+00
 [66] 2.159837e-03 4.009465e-06 0.000000e+00 0.000000e+00 8.032480e-02
 [71] 0.000000e+00 0.000000e+00 0.000000e+00 2.459468e-02 5.781122e-03
 [76] 0.000000e+00 0.000000e+00 1.459291e-02 4.478774e-03 0.000000e+00
 [81] 0.000000e+00 4.626288e-02 2.743827e-02 5.703408e-02 0.000000e+00
 [86] 0.000000e+00 2.858100e-02 0.000000e+00 0.000000e+00 2.941270e-02
 [91] 1.305618e-01 0.000000e+00 0.000000e+00 0.000000e+00 0.000000e+00
 [96] 0.000000e+00 5.915362e-03 0.000000e+00 1.916281e-03 0.000000e+00
[101] 8.540056e-03 0.000000e+00 0.000000e+00 2.969314e-02 1.294393e-02
[106] 0.000000e+00 7.245654e-03 3.777700e-02 0.000000e+00 3.464452e-03
[111] 4.110274e-02 3.896765e-02 8.329577e-03 0.000000e+00 1.467446e-03
[116] 1.395008e-02 6.575494e-04 1.219693e-01 0.000000e+00 1.815828e-02
[121] 0.000000e+00 0.000000e+00 6.838618e-03 0.000000e+00 0.000000e+00
[126] 0.000000e+00 0.000000e+00 2.168886e-03 2.765099e-02 0.000000e+00
[131] 0.000000e+00 0.000000e+00 0.000000e+00 1.430608e-02 0.000000e+00
[136] 4.107704e-02 5.138820e-02 0.000000e+00 2.694236e-02 1.737680e-01
[141] 0.000000e+00 3.067920e-02 5.609303e-03 0.000000e+00 0.000000e+00
[146] 8.405128e-03 0.000000e+00 0.000000e+00 6.799691e-04 0.000000e+00
[151] 1.220055e-02 2.425520e-02 0.000000e+00 0.000000e+00 0.000000e+00
[156] 0.000000e+00 9.589159e-03 0.000000e+00 0.000000e+00 0.000000e+00
[161] 0.000000e+00 0.000000e+00 0.000000e+00 0.000000e+00 4.613381e-02
[166] 0.000000e+00 1.116013e-02 0.000000e+00 0.000000e+00 3.133730e-03
[171] 0.000000e+00 0.000000e+00 1.257339e-02 1.033938e-02 1.269683e-01
[176] 0.000000e+00 4.762573e-02 1.755941e-02 2.036490e-02 1.910437e-03
[181] 0.000000e+00 0.000000e+00 1.525498e-01 1.251876e-02 0.000000e+00
[186] 2.178421e-02 0.000000e+00 0.000000e+00 1.705999e-01 0.000000e+00
[191] 1.830830e-02 0.000000e+00 0.000000e+00 0.000000e+00 0.000000e+00
[196] 0.000000e+00 0.000000e+00 0.000000e+00 1.373534e-02 0.000000e+00
[201] 0.000000e+00 2.101669e-02 0.000000e+00 7.186962e-03 0.000000e+00
[206] 1.842546e-02
[1] "Bias"
  [1] -0.31216362 -0.81936400 -0.07553266 -0.23461602 -0.29123434 -0.68064975
  [7]         Inf         Inf        -Inf         NaN         NaN         Inf
 [13]         NaN         NaN         NaN        -Inf         Inf         NaN
 [19]         NaN         NaN         Inf        -Inf         Inf         NaN
 [25]         NaN         NaN         Inf         NaN         Inf        -Inf
 [31]        -Inf         Inf        -Inf         NaN        -Inf         NaN
 [37]         NaN         NaN         Inf        -Inf         Inf         Inf
 [43]        -Inf         NaN         NaN         NaN         Inf         NaN
 [49]        -Inf         Inf        -Inf         NaN         Inf         NaN
 [55]         NaN         NaN         NaN         Inf        -Inf         NaN
 [61]         Inf        -Inf         Inf         Inf         NaN        -Inf
 [67]        -Inf         NaN         NaN         Inf         NaN         NaN
 [73]         NaN        -Inf         Inf         NaN         NaN        -Inf
 [79]        -Inf         NaN         NaN        -Inf         Inf         Inf
 [85]         NaN         NaN         Inf         NaN         NaN        -Inf
 [91]        -Inf         NaN         NaN         NaN         NaN         NaN
 [97]        -Inf         NaN        -Inf         NaN        -Inf         NaN
[103]         NaN        -Inf         Inf         NaN         Inf        -Inf
[109]         NaN         Inf         Inf         Inf        -Inf         NaN
[115]         Inf         Inf        -Inf        -Inf         NaN         Inf
[121]         NaN         NaN        -Inf         NaN         NaN         NaN
[127]         NaN         Inf        -Inf         NaN         NaN         NaN
[133]         NaN        -Inf         NaN        -Inf        -Inf         NaN
[139]        -Inf        -Inf         NaN        -Inf        -Inf         NaN
[145]         NaN         Inf         NaN         NaN         Inf         NaN
[151]        -Inf        -Inf         NaN         NaN         NaN         NaN
[157]        -Inf         NaN         NaN         NaN         NaN         NaN
[163]         NaN         NaN        -Inf         NaN        -Inf         NaN
[169]         NaN         Inf         NaN         NaN        -Inf         Inf
[175]         Inf         NaN         Inf         Inf         Inf         Inf
[181]         NaN         NaN        -Inf        -Inf         NaN         Inf
[187]         NaN         NaN        -Inf         NaN        -Inf         NaN
[193]         NaN         NaN         NaN         NaN         NaN         NaN
[199]         Inf         NaN         NaN        -Inf         NaN         Inf
[205]         NaN         Inf
