[1] "broken"
final values in 1th iteration
  [1]  0.293904922 -0.264769672  4.654958393  2.295895972  1.209482462
  [6]  0.000000000  0.000000000  0.000000000  0.000000000  0.000000000
 [11]  0.000000000  0.000000000  0.000000000  0.000000000  0.000000000
 [16]  0.000000000  0.000000000  0.000000000  0.000000000  0.000000000
 [21]  0.000000000  0.000000000  0.000000000  0.000000000  0.000000000
 [26]  0.000000000  0.000000000  0.000000000  0.145247675  0.000000000
 [31]  0.000000000  0.000000000  0.000000000  0.000000000 -0.067226464
 [36]  0.000000000  0.000000000  0.000000000  0.000000000  0.128486329
 [41]  0.000000000  0.000000000  0.082366771  0.000000000  0.000000000
 [46]  0.000000000  0.000000000  0.000000000  0.000000000  0.084439055
 [51]  0.000000000  0.000000000  0.000000000  0.000000000  0.000000000
 [56]  0.000000000  0.000000000  0.000000000  0.022493336  0.000000000
 [61]  0.000000000  0.000000000  0.000000000  0.000000000  0.000000000
 [66]  0.000000000  0.000000000  0.001473287  0.000000000  0.000000000
 [71]  0.000000000  0.000000000  0.000000000  0.000000000  0.000000000
 [76]  0.000000000  0.000000000  0.000000000  0.000000000  0.000000000
 [81]  0.000000000  0.000000000  0.000000000  0.000000000  0.000000000
 [86]  0.000000000  0.000000000  0.000000000  0.000000000  0.000000000
 [91]  0.000000000  0.000000000  0.000000000  0.000000000  0.000000000
 [96] -0.292856053  0.000000000  0.000000000  0.000000000  0.000000000
[101]  0.000000000  0.000000000  0.000000000  0.000000000  0.000000000
[106]  0.000000000  0.000000000  0.000000000  0.000000000  0.000000000
[111]  0.000000000  0.000000000  0.000000000  0.000000000  0.000000000
[116]  0.000000000  0.000000000  0.000000000  0.000000000  0.064248060
[121]  0.000000000  0.000000000  0.000000000  0.000000000 -0.090682846
[126]  0.000000000  0.000000000  0.000000000  0.000000000  0.000000000
[131]  0.000000000 -0.044852030  0.000000000  0.000000000  0.000000000
[136]  0.000000000 -0.009937649  0.000000000  0.000000000  0.000000000
[141]  0.005843155  0.000000000  0.000000000  0.000000000  0.000000000
[146]  0.000000000  0.000000000  0.000000000  0.000000000  0.000000000
[151]  0.000000000 -0.012780414  0.000000000  0.000000000  0.000000000
[156]  0.000000000  0.000000000  0.000000000 -0.021876268  0.000000000
[161]  0.000000000  0.000000000  0.000000000  0.000000000  0.000000000
[166]  0.000000000  0.000000000  0.000000000  0.022889358  0.000000000
[171]  0.000000000  0.000000000 -0.072315342  0.000000000  0.000000000
[176]  0.000000000  0.000000000  0.115462183  0.000000000  0.000000000
[181]  0.000000000  0.000000000  0.000000000  0.000000000  0.000000000
[186]  0.000000000  0.000000000  0.000000000  0.000000000  0.000000000
[191]  0.000000000  0.000000000  0.000000000  0.000000000  0.000000000
[196]  0.000000000  0.000000000  0.000000000  0.000000000  0.000000000
[201]  0.000000000  0.000000000  0.000000000  0.000000000  0.000000000
[206]  0.000000000
[1] "broken"
final values in 2th iteration
  [1]  0.357903759 -0.348819202  4.183841944  2.247532590  1.448732752
  [6]  0.000000000  0.000000000  0.000000000  0.000000000  0.000000000
 [11]  0.000000000  0.000000000  0.000000000  0.000000000  0.000000000
 [16]  0.000000000  0.185355364  0.000000000  0.000000000  0.000000000
 [21]  0.000000000  0.097050594  0.000000000 -0.024143960  0.000000000
 [26]  0.000000000  0.015792526  0.000000000  0.061475272  0.000000000
 [31]  0.000000000  0.000000000  0.000000000  0.000000000  0.000000000
 [36]  0.000000000  0.000000000  0.000000000  0.000000000  0.076596461
 [41]  0.000000000  0.000000000  0.000000000  0.000000000  0.000000000
 [46]  0.000000000  0.000000000  0.000000000  0.000000000  0.000000000
 [51] -0.024144712 -0.012366465  0.000000000 -0.096378398  0.000000000
 [56]  0.000000000  0.000000000  0.000000000  0.000000000  0.000000000
 [61]  0.005393105  0.000000000  0.000000000  0.000000000  0.000000000
 [66]  0.000000000  0.000000000  0.000000000  0.000000000  0.020814658
 [71]  0.000000000  0.000000000  0.000000000  0.000000000  0.000000000
 [76]  0.000000000  0.000000000  0.000000000  0.000000000  0.000000000
 [81]  0.318843007  0.000000000  0.000000000  0.000000000  0.000000000
 [86]  0.000000000  0.000000000  0.000000000  0.000000000  0.000000000
 [91]  0.000000000  0.000000000  0.000000000  0.000000000  0.000000000
 [96]  0.000000000  0.000000000  0.000000000  0.000000000  0.000000000
[101]  0.000000000  0.000000000  0.000000000  0.000000000  0.000000000
[106]  0.000000000  0.000000000 -0.185215068  0.000000000  0.000000000
[111]  0.000000000  0.000000000  0.000000000  0.027488791  0.000000000
[116]  0.000000000  0.000000000  0.004066120  0.000000000  0.000000000
[121]  0.000000000  0.000000000  0.000000000  0.000000000  0.000000000
[126]  0.000000000  0.000000000  0.000000000  0.000000000  0.000000000
[131]  0.000000000  0.000000000  0.000000000  0.000000000  0.000000000
[136]  0.000000000  0.000000000  0.000000000  0.000000000  0.000000000
[141]  0.000000000  0.000000000  0.000000000  0.000000000  0.000000000
[146]  0.000000000  0.000000000  0.000000000  0.103208257  0.000000000
[151] -0.094022330  0.000000000  0.000000000  0.000000000  0.000000000
[156]  0.000000000  0.000000000  0.024149619  0.000000000  0.000000000
[161]  0.000000000  0.000000000  0.000000000  0.000000000 -0.257944503
[166]  0.000000000  0.000000000  0.000000000  0.000000000  0.000000000
[171]  0.000000000  0.000000000  0.000000000  0.000000000  0.000000000
[176]  0.000000000  0.051456440  0.000000000  0.000000000  0.000000000
[181]  0.000000000  0.000000000  0.000000000  0.000000000  0.000000000
[186]  0.000000000  0.019621596  0.000000000  0.000000000  0.000000000
[191]  0.000000000  0.000000000  0.000000000  0.000000000  0.003944998
[196]  0.000000000  0.000000000  0.000000000 -0.117637058  0.000000000
[201]  0.000000000  0.000000000  0.000000000  0.000000000  0.000000000
[206]  0.000000000
[1] "broken"
[1] "broken"
final values in 3th iteration
  [1]  0.284003038  0.005309163  4.226965533  2.291836142  1.264119056
  [6] -0.262998248  0.000000000  0.000000000  0.000000000 -0.092190238
 [11]  0.000000000  0.089159601  0.000000000  0.000000000  0.000000000
 [16]  0.000000000  0.000000000  0.000000000  0.000000000  0.000000000
 [21]  0.000000000 -0.007040148  0.154382102  0.000000000  0.000000000
 [26]  0.000000000  0.000000000  0.000000000  0.000000000  0.000000000
 [31]  0.000000000  0.000000000  0.000000000  0.000000000  0.000000000
 [36]  0.000000000  0.000000000  0.000000000 -0.035048702  0.000000000
 [41]  0.000000000  0.155485008  0.000000000  0.000000000  0.000000000
 [46]  0.000000000  0.000000000  0.000000000  0.000000000  0.000000000
 [51]  0.000000000  0.000000000  0.000000000  0.000000000  0.000000000
 [56]  0.000000000  0.000000000  0.000000000  0.000000000  0.000000000
 [61]  0.000000000 -0.102803007  0.000000000  0.000000000  0.030291115
 [66]  0.000000000  0.000000000  0.000000000  0.000000000  0.000000000
 [71]  0.000000000  0.000000000  0.000000000  0.000000000  0.000000000
 [76]  0.172488375  0.000000000  0.000000000  0.000000000  0.000000000
 [81]  0.000000000  0.000000000  0.000000000  0.000000000  0.000000000
 [86]  0.000000000  0.000000000  0.000000000  0.000000000  0.000000000
 [91]  0.000000000  0.000000000  0.000000000  0.000000000  0.059598592
 [96]  0.000000000  0.000000000  0.000000000  0.000000000  0.000000000
[101]  0.000000000  0.000000000  0.000000000  0.000000000  0.064195720
[106]  0.000000000  0.000000000  0.000000000  0.000000000  0.000000000
[111]  0.000000000 -0.099865379  0.000000000  0.000000000 -0.266961433
[116]  0.000000000 -0.018285149  0.000000000  0.000000000  0.270088531
[121]  0.000000000  0.000000000  0.000000000  0.000000000  0.000000000
[126]  0.000000000  0.000000000  0.000000000  0.000000000  0.000000000
[131]  0.000000000  0.000000000  0.000000000  0.000000000  0.000000000
[136] -0.024149765  0.000000000  0.016829785  0.000000000  0.000000000
[141]  0.000000000  0.000000000  0.000000000  0.000000000  0.000000000
[146]  0.000000000  0.000000000  0.000000000  0.000000000  0.000000000
[151]  0.000000000  0.000000000  0.000000000  0.000000000  0.000000000
[156]  0.000000000  0.000000000  0.000000000  0.000000000  0.000000000
[161]  0.000000000  0.000000000  0.000000000  0.000000000  0.000000000
[166]  0.000000000 -0.240159815  0.000000000  0.000000000  0.000000000
[171]  0.000000000  0.000000000  0.000000000  0.040794191  0.000000000
[176]  0.000000000  0.000000000  0.149020748  0.000000000  0.000000000
[181]  0.005642443  0.000000000  0.000000000  0.000000000  0.000000000
[186]  0.000000000  0.000000000  0.000000000  0.000000000  0.000000000
[191] -0.237321235  0.000000000  0.000000000  0.000000000  0.000000000
[196]  0.000000000  0.000000000  0.000000000  0.000000000  0.000000000
[201]  0.000000000  0.017967467  0.000000000  0.000000000 -0.051387251
[206]  0.000000000
[1] "broken"
[1] "broken"
[1] "broken"
[1] "broken"
[1] "broken"
[1] "broken"
[1] "broken"
[1] "broken"
[1] "broken"
[1] "broken"
final values in 4th iteration
  [1]  0.271055555 -0.080694139  3.879072053  1.375603576  1.175343569
  [6]  0.000000000  0.000000000  0.304144352  0.000000000  0.000000000
 [11]  0.000000000  0.331098103  0.000000000  0.091534511  0.000000000
 [16]  0.000000000  0.000000000  0.000000000  0.000000000  0.000000000
 [21]  0.000000000 -0.003502736  0.000000000  0.000000000  0.000000000
 [26]  0.000000000  0.000000000  0.000000000  0.000000000  0.000000000
 [31]  0.000000000  0.000000000  0.000000000  0.000000000  0.000000000
 [36]  0.000000000  0.213211977  0.000000000  0.000000000  0.000000000
 [41]  0.000000000  0.000000000  0.000000000  0.176146811  0.000000000
 [46]  0.000000000  0.000000000  0.000000000  0.000000000  0.000000000
 [51]  0.000000000  0.000000000  0.000000000  0.000000000  0.000000000
 [56]  0.000000000  0.000000000  0.000000000  0.000000000  0.000000000
 [61]  0.000000000  0.000000000  0.000000000  0.000000000  0.000000000
 [66]  0.000000000  0.000000000  0.000000000  0.000000000  0.000000000
 [71]  0.000000000  0.000000000  0.000000000  0.000000000  0.000000000
 [76]  0.000000000  0.000000000  0.000000000  0.000000000  0.000000000
 [81]  0.000000000  0.000000000  0.000000000  0.000000000  0.000000000
 [86]  0.000000000  0.000000000  0.000000000  0.000000000 -0.112674731
 [91]  0.000000000  0.000000000  0.000000000  0.000000000  0.000000000
 [96]  0.000000000  0.000000000  0.000000000 -0.012736733  0.000000000
[101]  0.000000000  0.000000000  0.000000000  0.000000000  0.000000000
[106]  0.000000000  0.000000000  0.000000000  0.000000000  0.000000000
[111]  0.000000000  0.000000000  0.000000000  0.000000000  0.000000000
[116]  0.000000000  0.000000000 -0.121277344  0.000000000  0.000000000
[121]  0.000000000  0.000000000 -0.141454046  0.000000000  0.000000000
[126]  0.000000000  0.000000000  0.000000000 -0.192672619  0.000000000
[131]  0.000000000  0.000000000  0.000000000  0.000000000  0.000000000
[136]  0.000000000 -0.004565339 -0.013693372  0.000000000 -0.053562305
[141]  0.000000000  0.000000000  0.000000000  0.000000000  0.000000000
[146]  0.000000000  0.000000000  0.000000000  0.000000000 -0.002641471
[151]  0.000000000  0.000000000  0.000000000  0.000000000  0.000000000
[156]  0.000000000  0.000000000  0.000000000  0.000000000  0.000000000
[161]  0.075491556  0.000000000  0.131559535  0.000000000  0.000000000
[166]  0.000000000  0.000000000  0.000000000  0.000000000  0.000000000
[171]  0.000000000  0.000000000  0.000000000  0.000000000  0.238841040
[176]  0.000000000  0.476334715  0.000000000  0.014014707  0.000000000
[181]  0.000000000  0.000000000  0.000000000  0.000000000  0.000000000
[186]  0.063767543  0.000000000  0.000000000  0.000000000  0.000000000
[191]  0.000000000  0.000000000  0.000000000  0.000000000  0.000000000
[196]  0.000000000  0.000000000  0.000000000  0.000000000  0.000000000
[201]  0.054582191  0.000000000  0.000000000 -0.188553369  0.081774933
[206]  0.000000000
[1] "broken"
[1] "broken"
[1] "broken"
[1] "broken"
final values in 5th iteration
  [1]  0.393423384  0.435163389  4.657645336  2.559156602  1.365053369
  [6]  0.000000000  0.000000000  0.000000000  0.000000000  0.000000000
 [11]  0.000000000  0.000000000  0.000000000  0.000000000  0.000000000
 [16] -0.006883621  0.000000000  0.000000000  0.000000000  0.000000000
 [21]  0.000000000  0.000000000  0.000000000  0.000000000  0.000000000
 [26]  0.000000000  0.000000000  0.000000000  0.000000000  0.000000000
 [31]  0.000000000  0.000000000  0.083312557  0.023777481  0.000000000
 [36]  0.000000000  0.000000000  0.000000000  0.000000000  0.000000000
 [41]  0.000000000  0.000000000  0.000000000  0.011241043  0.000000000
 [46]  0.000000000  0.000000000  0.000000000  0.000000000  0.000000000
 [51] -0.176212100  0.000000000  0.000000000  0.000000000  0.000000000
 [56]  0.000000000  0.000000000  0.000000000  0.000000000  0.000000000
 [61]  0.000000000  0.000000000  0.000000000  0.000000000  0.000000000
 [66]  0.000000000  0.000000000  0.000000000  0.000000000  0.000000000
 [71]  0.000000000  0.000000000  0.000000000  0.000000000  0.016237995
 [76] -0.083451277  0.000000000  0.000000000 -0.125484305  0.000000000
 [81]  0.000000000  0.000000000  0.225824857  0.000000000  0.000000000
 [86]  0.000000000  0.000000000  0.000000000  0.000000000  0.000000000
 [91]  0.000000000  0.000000000 -0.032956814  0.000000000  0.000000000
 [96]  0.000000000  0.000000000  0.000000000  0.000000000  0.000000000
[101]  0.000000000  0.000000000  0.000000000  0.000000000  0.041456531
[106]  0.000000000  0.000000000  0.000000000  0.000000000  0.000000000
[111]  0.000000000  0.000000000  0.000000000  0.000000000  0.000000000
[116]  0.000000000  0.000000000  0.000000000 -0.043730569  0.000000000
[121]  0.000000000  0.000000000  0.000000000  0.000000000  0.000000000
[126] -0.025269055  0.000000000  0.000000000  0.000000000  0.000000000
[131]  0.000000000  0.000000000  0.000000000  0.000000000  0.000000000
[136]  0.000000000  0.000000000  0.000000000  0.000000000  0.010909840
[141]  0.000000000  0.000000000  0.000000000  0.000000000  0.000000000
[146]  0.000000000  0.020155885  0.000000000  0.000000000  0.000000000
[151]  0.000000000  0.039600913  0.000000000  0.034558631  0.000000000
[156]  0.000000000  0.000000000  0.000000000  0.000000000  0.000000000
[161]  0.000000000  0.000000000  0.000000000  0.000000000 -0.015342321
[166]  0.000000000  0.000000000  0.000000000  0.000000000  0.000000000
[171]  0.000000000  0.000000000  0.000000000  0.000000000  0.000000000
[176]  0.013537394  0.083571340  0.000000000  0.000000000  0.000000000
[181]  0.000000000  0.000000000  0.000000000  0.000000000  0.000000000
[186]  0.000000000 -0.093920856  0.000000000 -0.222068402  0.000000000
[191]  0.000000000  0.000000000  0.000000000  0.000000000  0.000000000
[196]  0.000000000  0.000000000  0.000000000  0.000000000  0.000000000
[201]  0.000000000  0.000000000  0.000000000  0.000000000  0.000000000
[206]  0.084139425
[1] "broken"
[1] "broken"
final values in 6th iteration
  [1]  0.403920977  0.761854901  4.968421819  2.508433666  1.535484512
  [6] -0.091595456  0.000000000  0.000000000  0.000000000  0.000000000
 [11]  0.000000000  0.000000000  0.000000000  0.000000000  0.000000000
 [16] -0.016279965  0.000000000  0.000000000  0.000000000  0.000000000
 [21]  0.000000000  0.000000000  0.000000000  0.000000000  0.000000000
 [26]  0.000000000  0.000000000  0.000000000  0.000000000  0.000000000
 [31]  0.000000000  0.000000000  0.000000000  0.000000000 -0.079806486
 [36]  0.000000000  0.000000000 -0.126996323  0.000000000  0.000000000
 [41]  0.000000000  0.000000000  0.003234259  0.045827990  0.000000000
 [46]  0.000000000  0.000000000  0.000000000  0.000000000  0.000000000
 [51]  0.000000000  0.000000000  0.000000000  0.000000000  0.000000000
 [56]  0.000000000  0.000000000  0.000000000  0.000000000  0.000000000
 [61]  0.000000000 -0.166515059  0.000000000  0.000000000  0.000000000
 [66] -0.047432741  0.000000000  0.000000000  0.000000000  0.000000000
 [71]  0.000000000  0.000000000  0.000000000  0.000000000  0.000000000
 [76] -0.028763336  0.000000000  0.000000000  0.000000000  0.000000000
 [81]  0.000000000 -0.105461533  0.000000000  0.000000000  0.000000000
 [86]  0.000000000  0.000000000  0.000000000  0.000000000  0.000000000
 [91]  0.000000000  0.000000000  0.000000000  0.000000000  0.000000000
 [96]  0.000000000  0.000000000  0.000000000  0.000000000  0.000000000
[101]  0.000000000  0.000000000  0.000000000  0.000000000  0.000000000
[106]  0.000000000  0.000000000  0.000000000  0.000000000 -0.058688668
[111]  0.000000000  0.000000000  0.067873364  0.000000000  0.081930259
[116]  0.000000000  0.000000000  0.000000000  0.000000000  0.000000000
[121]  0.000000000  0.000000000  0.000000000  0.000000000  0.000000000
[126]  0.000000000  0.000000000  0.000000000  0.000000000  0.000000000
[131]  0.000000000  0.000000000  0.000000000  0.000000000  0.000000000
[136]  0.000000000  0.000000000  0.000000000  0.000000000  0.000000000
[141]  0.000000000  0.000000000  0.000000000  0.000000000  0.000000000
[146]  0.000000000  0.000000000  0.000000000  0.000000000  0.000000000
[151]  0.000000000  0.000000000  0.000000000  0.000000000  0.130283088
[156]  0.000000000  0.000000000  0.000000000  0.000000000  0.000000000
[161]  0.000000000  0.000000000  0.000000000  0.000000000  0.000000000
[166]  0.000000000  0.000000000  0.000000000  0.000000000  0.000000000
[171]  0.000000000  0.000000000  0.000000000  0.058076413  0.000000000
[176]  0.003918419  0.000000000  0.000000000  0.000000000  0.000000000
[181]  0.000000000  0.000000000  0.000000000 -0.285898556  0.000000000
[186]  0.000000000  0.000000000  0.000000000  0.069038453  0.000000000
[191]  0.000000000  0.000000000  0.000000000  0.000000000  0.000000000
[196]  0.000000000  0.000000000  0.000000000  0.051438328  0.000000000
[201]  0.000000000  0.000000000  0.000000000  0.000000000  0.000000000
[206]  0.000000000
[1] "broken"
[1] "broken"
[1] "broken"
[1] "broken"
[1] "broken"
final values in 7th iteration
  [1]  0.301462460 -0.448370663  4.106121830  0.464831208  0.348460460
  [6]  0.000000000  0.000000000 -0.002647468  0.000000000  0.000000000
 [11]  0.000000000  0.000000000  0.000000000  0.000000000  0.000000000
 [16]  0.000000000  0.000000000  0.000000000  0.000000000  0.000000000
 [21]  0.007229218  0.000000000  0.000000000  0.000000000  0.000000000
 [26]  0.000000000  0.000000000 -0.067427100  0.000000000  0.000000000
 [31]  0.000000000  0.000000000  0.000000000  0.000000000  0.000000000
 [36]  0.000000000  0.000000000  0.000000000  0.000000000 -0.083296533
 [41]  0.000000000  0.000000000  0.000000000  0.000000000  0.466788757
 [46]  0.224986704  0.000000000  0.000000000  0.000000000  0.000000000
 [51]  0.000000000  0.000000000  0.000000000  0.000000000  0.000000000
 [56]  0.000000000  0.000000000  0.000000000  0.000000000  0.000000000
 [61]  0.000000000  0.000000000  0.000000000  0.169715712  0.000000000
 [66]  0.000000000  0.000000000  0.000000000  0.074065774  0.000000000
 [71]  0.000000000  0.000000000  0.000000000  0.000000000  0.000000000
 [76]  0.000000000  0.000000000  0.000000000  0.000000000  0.000000000
 [81]  0.000000000  0.000000000  0.000000000  0.000000000  0.000000000
 [86]  0.000000000  0.304458261 -0.098731534  0.000000000  0.000000000
 [91] -0.585376199  0.000000000  0.000000000  0.000000000 -0.002522506
 [96]  0.000000000  0.000000000  0.000000000  0.000000000  0.000000000
[101]  0.000000000  0.000000000  0.000000000  0.000000000  0.000000000
[106]  0.000000000  0.299824996  0.000000000  0.000000000  0.000000000
[111]  0.000000000  0.000000000  0.000000000  0.000000000  0.000000000
[116]  0.000000000  0.000000000  0.000000000  0.000000000  0.000000000
[121]  0.000000000  0.033586707  0.000000000  0.000000000  0.000000000
[126]  0.000000000  0.000000000  0.127207941 -0.063408532  0.000000000
[131]  0.000000000  0.000000000  0.000000000  0.464649852  0.000000000
[136]  0.000000000  0.000000000  0.000000000  0.000000000  0.000000000
[141]  0.000000000 -0.190127241  0.000000000  0.000000000  0.000000000
[146]  0.000000000  0.000000000  0.000000000  0.000000000  0.000000000
[151]  0.000000000  0.000000000  0.000000000  0.000000000  0.000000000
[156] -0.004044473  0.000000000  0.000000000  0.000000000  0.198108323
[161]  0.000000000  0.000000000  0.000000000  0.000000000  0.000000000
[166]  0.000000000  0.000000000  0.000000000  0.000000000  0.000000000
[171]  0.000000000  0.000000000  0.049806546  0.000000000  0.000000000
[176]  0.000000000  0.000000000  0.000000000  0.000000000  0.000000000
[181]  0.000000000  0.000000000  0.000000000  0.000000000  0.000000000
[186]  0.000000000  0.000000000  0.000000000  0.000000000  0.000000000
[191]  0.000000000  0.000000000  0.000000000  0.000000000  0.000000000
[196]  0.000000000  0.000000000  0.000000000  0.000000000  0.000000000
[201]  0.000000000  0.000000000  0.000000000  0.000000000  0.000000000
[206]  0.000000000
[1] "broken"
final values in 8th iteration
  [1]  0.428571715  0.751430902  4.922669573  2.653021559  1.685021098
  [6] -0.041643674  0.000000000  0.028218266  0.000000000  0.000000000
 [11]  0.000000000  0.000000000  0.000000000  0.000000000  0.000000000
 [16]  0.000000000  0.000000000  0.000000000  0.000000000  0.000000000
 [21]  0.000000000  0.000000000 -0.244861108  0.000000000  0.000000000
 [26]  0.000000000  0.299083438  0.000000000  0.000000000 -0.095501405
 [31]  0.000000000  0.000000000  0.000000000  0.147446845  0.000000000
 [36]  0.000000000  0.000000000  0.000000000  0.000000000  0.000000000
 [41]  0.000000000  0.000000000  0.000000000  0.000000000  0.000000000
 [46]  0.000000000  0.000000000  0.000000000  0.000000000  0.000000000
 [51]  0.000000000  0.000000000  0.000000000  0.000000000  0.000000000
 [56]  0.000000000  0.000000000  0.000000000  0.000000000  0.000000000
 [61]  0.000000000  0.000000000  0.000000000  0.000000000  0.000000000
 [66]  0.000000000  0.000000000  0.000000000  0.000000000  0.000000000
 [71]  0.000000000  0.000000000  0.000000000  0.000000000  0.000000000
 [76]  0.000000000  0.000000000  0.000000000  0.000000000  0.000000000
 [81]  0.000000000  0.000000000  0.000000000  0.000000000 -0.164525730
 [86]  0.018032772  0.000000000  0.000000000  0.000000000  0.000000000
 [91]  0.000000000  0.000000000  0.000000000  0.000000000  0.000000000
 [96]  0.073483177  0.000000000  0.000000000  0.000000000  0.000000000
[101]  0.000000000  0.000000000  0.000000000  0.000000000  0.123022762
[106]  0.000000000  0.000000000  0.000000000  0.000000000  0.000000000
[111]  0.000000000  0.000000000  0.000000000  0.000000000  0.000000000
[116]  0.000000000 -0.038837200  0.000000000  0.000000000  0.000000000
[121]  0.000000000  0.000000000  0.000000000  0.000000000  0.000000000
[126]  0.000000000  0.000000000  0.000000000 -0.076310855  0.000000000
[131]  0.000000000  0.000000000  0.000000000  0.000000000  0.000000000
[136]  0.000000000  0.000000000  0.000000000  0.000000000  0.000000000
[141]  0.000000000  0.000000000 -0.007824647  0.000000000  0.000000000
[146]  0.000000000  0.000000000  0.000000000  0.000000000 -0.058418896
[151]  0.000000000  0.000000000  0.000000000  0.000000000  0.000000000
[156]  0.000000000  0.000000000  0.000000000  0.000000000  0.000000000
[161]  0.000000000  0.000000000  0.000000000  0.000000000  0.000000000
[166]  0.000000000  0.000000000  0.000000000  0.000000000  0.000000000
[171]  0.000000000  0.000000000  0.000000000  0.000000000  0.000000000
[176]  0.000000000  0.000000000  0.000000000  0.000000000  0.000000000
[181]  0.000000000  0.000000000  0.000000000  0.000000000 -0.008506361
[186]  0.000000000  0.000000000  0.000000000  0.000000000  0.000000000
[191]  0.000000000 -0.049744587  0.000000000  0.000000000  0.000000000
[196]  0.000000000 -0.002937796  0.000000000  0.000000000  0.000000000
[201]  0.000000000  0.000000000  0.000000000  0.000000000  0.000000000
[206]  0.000000000
[1] "broken"
final values in 9th iteration
  [1]  0.328429465 -0.529728254  4.296471839  2.424978417  1.429426863
  [6] -0.356922334  0.110837206  0.000000000  0.000000000  0.000000000
 [11]  0.000000000  0.000000000  0.000000000  0.000000000  0.000000000
 [16]  0.000000000  0.000000000  0.000000000  0.000000000  0.000000000
 [21]  0.000000000  0.000000000  0.000000000  0.000000000  0.000000000
 [26]  0.000000000  0.000000000  0.000000000  0.000000000  0.000000000
 [31]  0.000000000  0.000000000  0.000000000  0.000000000  0.000000000
 [36]  0.000000000  0.000000000  0.000000000  0.095223405  0.000000000
 [41]  0.000000000  0.000000000  0.018363375  0.000000000  0.000000000
 [46]  0.000000000  0.000000000  0.000000000 -0.096518686  0.000000000
 [51]  0.000000000  0.000000000  0.000000000  0.000000000  0.000000000
 [56]  0.000000000  0.000000000  0.000000000  0.000000000  0.000000000
 [61]  0.000000000  0.000000000  0.000000000 -0.181352902  0.000000000
 [66]  0.000000000  0.000000000  0.000000000  0.000000000  0.000000000
 [71]  0.000000000  0.000000000  0.000000000  0.000000000  0.000000000
 [76]  0.000000000  0.000000000  0.000000000  0.000000000  0.000000000
 [81]  0.000000000  0.000000000  0.000000000  0.000000000  0.000000000
 [86]  0.000000000  0.000000000  0.000000000  0.000000000  0.000000000
 [91] -0.057197663  0.020156658  0.000000000  0.000000000  0.000000000
 [96]  0.000000000 -0.163236431  0.000000000  0.000000000  0.000000000
[101]  0.000000000  0.000000000  0.000000000  0.000000000  0.000000000
[106]  0.000000000  0.000000000  0.000000000  0.000000000  0.092394446
[111]  0.000000000  0.000000000  0.000000000  0.000000000  0.000000000
[116]  0.000000000 -0.024354994  0.000000000  0.000000000  0.000000000
[121]  0.000000000  0.000000000  0.000000000  0.000000000  0.000000000
[126]  0.000000000  0.000000000  0.000000000  0.000000000  0.000000000
[131]  0.000000000  0.000000000  0.000000000  0.000000000  0.000000000
[136]  0.000000000  0.000000000  0.000000000  0.000000000  0.006621101
[141]  0.000000000  0.000000000  0.000000000  0.000000000 -0.035010988
[146]  0.000000000  0.000000000  0.000000000  0.000000000  0.000000000
[151] -0.004480400  0.000000000  0.000000000  0.000000000  0.000000000
[156]  0.000000000  0.000000000  0.000000000  0.000000000  0.000000000
[161]  0.000000000  0.000000000  0.000000000  0.000000000  0.000000000
[166]  0.000000000  0.000000000  0.000000000  0.000000000  0.000000000
[171]  0.000000000  0.000000000  0.000000000  0.106982576  0.000000000
[176]  0.000000000  0.000000000  0.000000000  0.000000000  0.000000000
[181]  0.000000000  0.000000000  0.000000000  0.000000000  0.000000000
[186]  0.000000000  0.000000000 -0.005232744  0.000000000  0.000000000
[191]  0.000000000  0.000000000  0.000000000  0.000000000  0.000000000
[196]  0.000000000  0.000000000  0.000000000  0.000000000  0.000000000
[201]  0.000000000  0.000000000  0.000000000  0.000000000  0.000000000
[206]  0.000000000
[1] "broken"
[1] "broken"
[1] "broken"
[1] "broken"
[1] "broken"
[1] "broken"
[1] "broken"
[1] "broken"
[1] "broken"
final values in 10th iteration
  [1]  0.74115157  1.32414012  4.96939626  2.55848404  1.85794254 -0.18149519
  [7]  0.00000000  0.00000000  0.00000000  0.00000000  0.00000000  0.00000000
 [13]  0.00000000  0.00000000  0.00000000  0.00000000  0.00000000  0.00000000
 [19]  0.00000000  0.00000000  0.00000000  0.00000000  0.00000000  0.00000000
 [25]  0.00000000  0.00000000  0.00000000  0.00000000  0.00000000  0.01200368
 [31]  0.00000000  0.05351143  0.00000000  0.00000000  0.00000000  0.00000000
 [37]  0.00000000  0.00000000  0.00000000  0.00000000  0.00000000  0.00000000
 [43]  0.00000000  0.00000000  0.00000000  0.00000000  0.00000000  0.00000000
 [49]  0.00000000  0.00000000  0.00000000  0.00000000  0.00000000  0.00000000
 [55]  0.00000000  0.00000000  0.00000000  0.00000000  0.00000000  0.00000000
 [61]  0.00000000  0.00000000  0.00000000 -0.02582301  0.00000000  0.00000000
 [67]  0.00000000  0.00000000  0.00000000  0.00000000  0.00000000  0.00000000
 [73]  0.00000000  0.00000000  0.00000000  0.00000000  0.00000000  0.00000000
 [79]  0.00000000  0.00000000  0.00000000  0.00000000  0.00000000  0.00000000
 [85]  0.00000000  0.00000000  0.04952343  0.00000000  0.00000000  0.00000000
 [91]  0.00000000  0.00000000  0.00000000  0.00000000  0.00000000  0.00000000
 [97]  0.00000000  0.00000000  0.00000000  0.00000000 -0.09775642  0.00000000
[103]  0.00000000  0.00000000  0.00000000  0.00000000  0.00000000  0.00000000
[109] -0.05018034  0.00000000  0.00000000  0.00000000  0.00000000  0.00000000
[115]  0.00000000  0.00000000  0.00000000  0.00000000  0.00000000  0.00000000
[121]  0.00000000  0.00000000  0.00000000  0.00000000  0.00000000  0.00000000
[127]  0.00000000  0.00000000  0.00000000  0.00000000  0.00000000  0.00000000
[133]  0.00000000  0.00000000  0.00000000  0.00000000  0.00000000  0.00000000
[139]  0.00000000  0.00000000  0.00000000  0.07277103 -0.01464968  0.00000000
[145]  0.00000000  0.00000000  0.00000000  0.00000000  0.00000000  0.00000000
[151]  0.00000000  0.00000000  0.00000000  0.00000000  0.00000000  0.00000000
[157]  0.00000000  0.00000000  0.00000000  0.00000000  0.00000000  0.00000000
[163]  0.00000000  0.00000000  0.00000000  0.00000000  0.00000000  0.00000000
[169]  0.00000000  0.00000000  0.00000000  0.00000000  0.00000000 -0.06467832
[175] -0.13721140  0.00000000  0.00000000  0.00000000  0.00000000  0.00000000
[181]  0.00000000  0.00000000  0.00000000  0.00000000  0.00000000  0.00000000
[187]  0.00000000  0.00000000  0.07094420  0.00000000  0.00000000  0.00000000
[193]  0.00000000  0.00000000  0.00000000  0.00000000  0.00000000  0.00000000
[199]  0.00000000  0.00000000  0.00000000  0.00000000  0.00000000  0.03718393
[205]  0.00000000  0.00000000
           [,1]         [,2]     [,3]      [,4]      [,5]        [,6]      [,7]
 [1,] 0.2939049 -0.264769672 4.654958 2.2958960 1.2094825  0.00000000 0.0000000
 [2,] 0.3579038 -0.348819202 4.183842 2.2475326 1.4487328  0.00000000 0.0000000
 [3,] 0.2840030  0.005309163 4.226966 2.2918361 1.2641191 -0.26299825 0.0000000
 [4,] 0.2710556 -0.080694139 3.879072 1.3756036 1.1753436  0.00000000 0.0000000
 [5,] 0.3934234  0.435163389 4.657645 2.5591566 1.3650534  0.00000000 0.0000000
 [6,] 0.4039210  0.761854901 4.968422 2.5084337 1.5354845 -0.09159546 0.0000000
 [7,] 0.3014625 -0.448370663 4.106122 0.4648312 0.3484605  0.00000000 0.0000000
 [8,] 0.4285717  0.751430902 4.922670 2.6530216 1.6850211 -0.04164367 0.0000000
 [9,] 0.3284295 -0.529728254 4.296472 2.4249784 1.4294269 -0.35692233 0.1108372
[10,] 0.7411516  1.324140117 4.969396 2.5584840 1.8579425 -0.18149519 0.0000000
              [,8] [,9]       [,10] [,11]     [,12] [,13]      [,14] [,15]
 [1,]  0.000000000    0  0.00000000     0 0.0000000     0 0.00000000     0
 [2,]  0.000000000    0  0.00000000     0 0.0000000     0 0.00000000     0
 [3,]  0.000000000    0 -0.09219024     0 0.0891596     0 0.00000000     0
 [4,]  0.304144352    0  0.00000000     0 0.3310981     0 0.09153451     0
 [5,]  0.000000000    0  0.00000000     0 0.0000000     0 0.00000000     0
 [6,]  0.000000000    0  0.00000000     0 0.0000000     0 0.00000000     0
 [7,] -0.002647468    0  0.00000000     0 0.0000000     0 0.00000000     0
 [8,]  0.028218266    0  0.00000000     0 0.0000000     0 0.00000000     0
 [9,]  0.000000000    0  0.00000000     0 0.0000000     0 0.00000000     0
[10,]  0.000000000    0  0.00000000     0 0.0000000     0 0.00000000     0
             [,16]     [,17] [,18] [,19] [,20]       [,21]        [,22]
 [1,]  0.000000000 0.0000000     0     0     0 0.000000000  0.000000000
 [2,]  0.000000000 0.1853554     0     0     0 0.000000000  0.097050594
 [3,]  0.000000000 0.0000000     0     0     0 0.000000000 -0.007040148
 [4,]  0.000000000 0.0000000     0     0     0 0.000000000 -0.003502736
 [5,] -0.006883621 0.0000000     0     0     0 0.000000000  0.000000000
 [6,] -0.016279965 0.0000000     0     0     0 0.000000000  0.000000000
 [7,]  0.000000000 0.0000000     0     0     0 0.007229218  0.000000000
 [8,]  0.000000000 0.0000000     0     0     0 0.000000000  0.000000000
 [9,]  0.000000000 0.0000000     0     0     0 0.000000000  0.000000000
[10,]  0.000000000 0.0000000     0     0     0 0.000000000  0.000000000
           [,23]       [,24] [,25] [,26]      [,27]      [,28]      [,29]
 [1,]  0.0000000  0.00000000     0     0 0.00000000  0.0000000 0.14524767
 [2,]  0.0000000 -0.02414396     0     0 0.01579253  0.0000000 0.06147527
 [3,]  0.1543821  0.00000000     0     0 0.00000000  0.0000000 0.00000000
 [4,]  0.0000000  0.00000000     0     0 0.00000000  0.0000000 0.00000000
 [5,]  0.0000000  0.00000000     0     0 0.00000000  0.0000000 0.00000000
 [6,]  0.0000000  0.00000000     0     0 0.00000000  0.0000000 0.00000000
 [7,]  0.0000000  0.00000000     0     0 0.00000000 -0.0674271 0.00000000
 [8,] -0.2448611  0.00000000     0     0 0.29908344  0.0000000 0.00000000
 [9,]  0.0000000  0.00000000     0     0 0.00000000  0.0000000 0.00000000
[10,]  0.0000000  0.00000000     0     0 0.00000000  0.0000000 0.00000000
            [,30] [,31]      [,32]      [,33]      [,34]       [,35] [,36]
 [1,]  0.00000000     0 0.00000000 0.00000000 0.00000000 -0.06722646     0
 [2,]  0.00000000     0 0.00000000 0.00000000 0.00000000  0.00000000     0
 [3,]  0.00000000     0 0.00000000 0.00000000 0.00000000  0.00000000     0
 [4,]  0.00000000     0 0.00000000 0.00000000 0.00000000  0.00000000     0
 [5,]  0.00000000     0 0.00000000 0.08331256 0.02377748  0.00000000     0
 [6,]  0.00000000     0 0.00000000 0.00000000 0.00000000 -0.07980649     0
 [7,]  0.00000000     0 0.00000000 0.00000000 0.00000000  0.00000000     0
 [8,] -0.09550141     0 0.00000000 0.00000000 0.14744685  0.00000000     0
 [9,]  0.00000000     0 0.00000000 0.00000000 0.00000000  0.00000000     0
[10,]  0.01200368     0 0.05351143 0.00000000 0.00000000  0.00000000     0
         [,37]      [,38]       [,39]       [,40] [,41]    [,42]       [,43]
 [1,] 0.000000  0.0000000  0.00000000  0.12848633     0 0.000000 0.082366771
 [2,] 0.000000  0.0000000  0.00000000  0.07659646     0 0.000000 0.000000000
 [3,] 0.000000  0.0000000 -0.03504870  0.00000000     0 0.155485 0.000000000
 [4,] 0.213212  0.0000000  0.00000000  0.00000000     0 0.000000 0.000000000
 [5,] 0.000000  0.0000000  0.00000000  0.00000000     0 0.000000 0.000000000
 [6,] 0.000000 -0.1269963  0.00000000  0.00000000     0 0.000000 0.003234259
 [7,] 0.000000  0.0000000  0.00000000 -0.08329653     0 0.000000 0.000000000
 [8,] 0.000000  0.0000000  0.00000000  0.00000000     0 0.000000 0.000000000
 [9,] 0.000000  0.0000000  0.09522341  0.00000000     0 0.000000 0.018363375
[10,] 0.000000  0.0000000  0.00000000  0.00000000     0 0.000000 0.000000000
           [,44]     [,45]     [,46] [,47] [,48]       [,49]      [,50]
 [1,] 0.00000000 0.0000000 0.0000000     0     0  0.00000000 0.08443905
 [2,] 0.00000000 0.0000000 0.0000000     0     0  0.00000000 0.00000000
 [3,] 0.00000000 0.0000000 0.0000000     0     0  0.00000000 0.00000000
 [4,] 0.17614681 0.0000000 0.0000000     0     0  0.00000000 0.00000000
 [5,] 0.01124104 0.0000000 0.0000000     0     0  0.00000000 0.00000000
 [6,] 0.04582799 0.0000000 0.0000000     0     0  0.00000000 0.00000000
 [7,] 0.00000000 0.4667888 0.2249867     0     0  0.00000000 0.00000000
 [8,] 0.00000000 0.0000000 0.0000000     0     0  0.00000000 0.00000000
 [9,] 0.00000000 0.0000000 0.0000000     0     0 -0.09651869 0.00000000
[10,] 0.00000000 0.0000000 0.0000000     0     0  0.00000000 0.00000000
            [,51]       [,52] [,53]      [,54] [,55] [,56] [,57] [,58]
 [1,]  0.00000000  0.00000000     0  0.0000000     0     0     0     0
 [2,] -0.02414471 -0.01236647     0 -0.0963784     0     0     0     0
 [3,]  0.00000000  0.00000000     0  0.0000000     0     0     0     0
 [4,]  0.00000000  0.00000000     0  0.0000000     0     0     0     0
 [5,] -0.17621210  0.00000000     0  0.0000000     0     0     0     0
 [6,]  0.00000000  0.00000000     0  0.0000000     0     0     0     0
 [7,]  0.00000000  0.00000000     0  0.0000000     0     0     0     0
 [8,]  0.00000000  0.00000000     0  0.0000000     0     0     0     0
 [9,]  0.00000000  0.00000000     0  0.0000000     0     0     0     0
[10,]  0.00000000  0.00000000     0  0.0000000     0     0     0     0
           [,59] [,60]       [,61]      [,62] [,63]       [,64]      [,65]
 [1,] 0.02249334     0 0.000000000  0.0000000     0  0.00000000 0.00000000
 [2,] 0.00000000     0 0.005393105  0.0000000     0  0.00000000 0.00000000
 [3,] 0.00000000     0 0.000000000 -0.1028030     0  0.00000000 0.03029111
 [4,] 0.00000000     0 0.000000000  0.0000000     0  0.00000000 0.00000000
 [5,] 0.00000000     0 0.000000000  0.0000000     0  0.00000000 0.00000000
 [6,] 0.00000000     0 0.000000000 -0.1665151     0  0.00000000 0.00000000
 [7,] 0.00000000     0 0.000000000  0.0000000     0  0.16971571 0.00000000
 [8,] 0.00000000     0 0.000000000  0.0000000     0  0.00000000 0.00000000
 [9,] 0.00000000     0 0.000000000  0.0000000     0 -0.18135290 0.00000000
[10,] 0.00000000     0 0.000000000  0.0000000     0 -0.02582301 0.00000000
            [,66] [,67]       [,68]      [,69]      [,70] [,71] [,72] [,73]
 [1,]  0.00000000     0 0.001473287 0.00000000 0.00000000     0     0     0
 [2,]  0.00000000     0 0.000000000 0.00000000 0.02081466     0     0     0
 [3,]  0.00000000     0 0.000000000 0.00000000 0.00000000     0     0     0
 [4,]  0.00000000     0 0.000000000 0.00000000 0.00000000     0     0     0
 [5,]  0.00000000     0 0.000000000 0.00000000 0.00000000     0     0     0
 [6,] -0.04743274     0 0.000000000 0.00000000 0.00000000     0     0     0
 [7,]  0.00000000     0 0.000000000 0.07406577 0.00000000     0     0     0
 [8,]  0.00000000     0 0.000000000 0.00000000 0.00000000     0     0     0
 [9,]  0.00000000     0 0.000000000 0.00000000 0.00000000     0     0     0
[10,]  0.00000000     0 0.000000000 0.00000000 0.00000000     0     0     0
      [,74]      [,75]       [,76] [,77] [,78]      [,79] [,80]    [,81]
 [1,]     0 0.00000000  0.00000000     0     0  0.0000000     0 0.000000
 [2,]     0 0.00000000  0.00000000     0     0  0.0000000     0 0.318843
 [3,]     0 0.00000000  0.17248838     0     0  0.0000000     0 0.000000
 [4,]     0 0.00000000  0.00000000     0     0  0.0000000     0 0.000000
 [5,]     0 0.01623799 -0.08345128     0     0 -0.1254843     0 0.000000
 [6,]     0 0.00000000 -0.02876334     0     0  0.0000000     0 0.000000
 [7,]     0 0.00000000  0.00000000     0     0  0.0000000     0 0.000000
 [8,]     0 0.00000000  0.00000000     0     0  0.0000000     0 0.000000
 [9,]     0 0.00000000  0.00000000     0     0  0.0000000     0 0.000000
[10,]     0 0.00000000  0.00000000     0     0  0.0000000     0 0.000000
           [,82]     [,83] [,84]      [,85]      [,86]      [,87]       [,88]
 [1,]  0.0000000 0.0000000     0  0.0000000 0.00000000 0.00000000  0.00000000
 [2,]  0.0000000 0.0000000     0  0.0000000 0.00000000 0.00000000  0.00000000
 [3,]  0.0000000 0.0000000     0  0.0000000 0.00000000 0.00000000  0.00000000
 [4,]  0.0000000 0.0000000     0  0.0000000 0.00000000 0.00000000  0.00000000
 [5,]  0.0000000 0.2258249     0  0.0000000 0.00000000 0.00000000  0.00000000
 [6,] -0.1054615 0.0000000     0  0.0000000 0.00000000 0.00000000  0.00000000
 [7,]  0.0000000 0.0000000     0  0.0000000 0.00000000 0.30445826 -0.09873153
 [8,]  0.0000000 0.0000000     0 -0.1645257 0.01803277 0.00000000  0.00000000
 [9,]  0.0000000 0.0000000     0  0.0000000 0.00000000 0.00000000  0.00000000
[10,]  0.0000000 0.0000000     0  0.0000000 0.00000000 0.04952343  0.00000000
      [,89]      [,90]       [,91]      [,92]       [,93] [,94]        [,95]
 [1,]     0  0.0000000  0.00000000 0.00000000  0.00000000     0  0.000000000
 [2,]     0  0.0000000  0.00000000 0.00000000  0.00000000     0  0.000000000
 [3,]     0  0.0000000  0.00000000 0.00000000  0.00000000     0  0.059598592
 [4,]     0 -0.1126747  0.00000000 0.00000000  0.00000000     0  0.000000000
 [5,]     0  0.0000000  0.00000000 0.00000000 -0.03295681     0  0.000000000
 [6,]     0  0.0000000  0.00000000 0.00000000  0.00000000     0  0.000000000
 [7,]     0  0.0000000 -0.58537620 0.00000000  0.00000000     0 -0.002522506
 [8,]     0  0.0000000  0.00000000 0.00000000  0.00000000     0  0.000000000
 [9,]     0  0.0000000 -0.05719766 0.02015666  0.00000000     0  0.000000000
[10,]     0  0.0000000  0.00000000 0.00000000  0.00000000     0  0.000000000
            [,96]      [,97] [,98]       [,99] [,100]      [,101] [,102] [,103]
 [1,] -0.29285605  0.0000000     0  0.00000000      0  0.00000000      0      0
 [2,]  0.00000000  0.0000000     0  0.00000000      0  0.00000000      0      0
 [3,]  0.00000000  0.0000000     0  0.00000000      0  0.00000000      0      0
 [4,]  0.00000000  0.0000000     0 -0.01273673      0  0.00000000      0      0
 [5,]  0.00000000  0.0000000     0  0.00000000      0  0.00000000      0      0
 [6,]  0.00000000  0.0000000     0  0.00000000      0  0.00000000      0      0
 [7,]  0.00000000  0.0000000     0  0.00000000      0  0.00000000      0      0
 [8,]  0.07348318  0.0000000     0  0.00000000      0  0.00000000      0      0
 [9,]  0.00000000 -0.1632364     0  0.00000000      0  0.00000000      0      0
[10,]  0.00000000  0.0000000     0  0.00000000      0 -0.09775642      0      0
      [,104]     [,105] [,106]   [,107]     [,108]      [,109]      [,110]
 [1,]      0 0.00000000      0 0.000000  0.0000000  0.00000000  0.00000000
 [2,]      0 0.00000000      0 0.000000 -0.1852151  0.00000000  0.00000000
 [3,]      0 0.06419572      0 0.000000  0.0000000  0.00000000  0.00000000
 [4,]      0 0.00000000      0 0.000000  0.0000000  0.00000000  0.00000000
 [5,]      0 0.04145653      0 0.000000  0.0000000  0.00000000  0.00000000
 [6,]      0 0.00000000      0 0.000000  0.0000000  0.00000000 -0.05868867
 [7,]      0 0.00000000      0 0.299825  0.0000000  0.00000000  0.00000000
 [8,]      0 0.12302276      0 0.000000  0.0000000  0.00000000  0.00000000
 [9,]      0 0.00000000      0 0.000000  0.0000000  0.00000000  0.09239445
[10,]      0 0.00000000      0 0.000000  0.0000000 -0.05018034  0.00000000
      [,111]      [,112]     [,113]     [,114]      [,115] [,116]      [,117]
 [1,]      0  0.00000000 0.00000000 0.00000000  0.00000000      0  0.00000000
 [2,]      0  0.00000000 0.00000000 0.02748879  0.00000000      0  0.00000000
 [3,]      0 -0.09986538 0.00000000 0.00000000 -0.26696143      0 -0.01828515
 [4,]      0  0.00000000 0.00000000 0.00000000  0.00000000      0  0.00000000
 [5,]      0  0.00000000 0.00000000 0.00000000  0.00000000      0  0.00000000
 [6,]      0  0.00000000 0.06787336 0.00000000  0.08193026      0  0.00000000
 [7,]      0  0.00000000 0.00000000 0.00000000  0.00000000      0  0.00000000
 [8,]      0  0.00000000 0.00000000 0.00000000  0.00000000      0 -0.03883720
 [9,]      0  0.00000000 0.00000000 0.00000000  0.00000000      0 -0.02435499
[10,]      0  0.00000000 0.00000000 0.00000000  0.00000000      0  0.00000000
           [,118]      [,119]     [,120] [,121]     [,122]    [,123] [,124]
 [1,]  0.00000000  0.00000000 0.06424806      0 0.00000000  0.000000      0
 [2,]  0.00406612  0.00000000 0.00000000      0 0.00000000  0.000000      0
 [3,]  0.00000000  0.00000000 0.27008853      0 0.00000000  0.000000      0
 [4,] -0.12127734  0.00000000 0.00000000      0 0.00000000 -0.141454      0
 [5,]  0.00000000 -0.04373057 0.00000000      0 0.00000000  0.000000      0
 [6,]  0.00000000  0.00000000 0.00000000      0 0.00000000  0.000000      0
 [7,]  0.00000000  0.00000000 0.00000000      0 0.03358671  0.000000      0
 [8,]  0.00000000  0.00000000 0.00000000      0 0.00000000  0.000000      0
 [9,]  0.00000000  0.00000000 0.00000000      0 0.00000000  0.000000      0
[10,]  0.00000000  0.00000000 0.00000000      0 0.00000000  0.000000      0
           [,125]      [,126] [,127]    [,128]      [,129] [,130] [,131]
 [1,] -0.09068285  0.00000000      0 0.0000000  0.00000000      0      0
 [2,]  0.00000000  0.00000000      0 0.0000000  0.00000000      0      0
 [3,]  0.00000000  0.00000000      0 0.0000000  0.00000000      0      0
 [4,]  0.00000000  0.00000000      0 0.0000000 -0.19267262      0      0
 [5,]  0.00000000 -0.02526906      0 0.0000000  0.00000000      0      0
 [6,]  0.00000000  0.00000000      0 0.0000000  0.00000000      0      0
 [7,]  0.00000000  0.00000000      0 0.1272079 -0.06340853      0      0
 [8,]  0.00000000  0.00000000      0 0.0000000 -0.07631086      0      0
 [9,]  0.00000000  0.00000000      0 0.0000000  0.00000000      0      0
[10,]  0.00000000  0.00000000      0 0.0000000  0.00000000      0      0
           [,132] [,133]    [,134] [,135]      [,136]       [,137]      [,138]
 [1,] -0.04485203      0 0.0000000      0  0.00000000 -0.009937649  0.00000000
 [2,]  0.00000000      0 0.0000000      0  0.00000000  0.000000000  0.00000000
 [3,]  0.00000000      0 0.0000000      0 -0.02414977  0.000000000  0.01682978
 [4,]  0.00000000      0 0.0000000      0  0.00000000 -0.004565339 -0.01369337
 [5,]  0.00000000      0 0.0000000      0  0.00000000  0.000000000  0.00000000
 [6,]  0.00000000      0 0.0000000      0  0.00000000  0.000000000  0.00000000
 [7,]  0.00000000      0 0.4646499      0  0.00000000  0.000000000  0.00000000
 [8,]  0.00000000      0 0.0000000      0  0.00000000  0.000000000  0.00000000
 [9,]  0.00000000      0 0.0000000      0  0.00000000  0.000000000  0.00000000
[10,]  0.00000000      0 0.0000000      0  0.00000000  0.000000000  0.00000000
      [,139]       [,140]      [,141]      [,142]       [,143] [,144]
 [1,]      0  0.000000000 0.005843155  0.00000000  0.000000000      0
 [2,]      0  0.000000000 0.000000000  0.00000000  0.000000000      0
 [3,]      0  0.000000000 0.000000000  0.00000000  0.000000000      0
 [4,]      0 -0.053562305 0.000000000  0.00000000  0.000000000      0
 [5,]      0  0.010909840 0.000000000  0.00000000  0.000000000      0
 [6,]      0  0.000000000 0.000000000  0.00000000  0.000000000      0
 [7,]      0  0.000000000 0.000000000 -0.19012724  0.000000000      0
 [8,]      0  0.000000000 0.000000000  0.00000000 -0.007824647      0
 [9,]      0  0.006621101 0.000000000  0.00000000  0.000000000      0
[10,]      0  0.000000000 0.000000000  0.07277103 -0.014649677      0
           [,145] [,146]     [,147] [,148]    [,149]       [,150]      [,151]
 [1,]  0.00000000      0 0.00000000      0 0.0000000  0.000000000  0.00000000
 [2,]  0.00000000      0 0.00000000      0 0.1032083  0.000000000 -0.09402233
 [3,]  0.00000000      0 0.00000000      0 0.0000000  0.000000000  0.00000000
 [4,]  0.00000000      0 0.00000000      0 0.0000000 -0.002641471  0.00000000
 [5,]  0.00000000      0 0.02015588      0 0.0000000  0.000000000  0.00000000
 [6,]  0.00000000      0 0.00000000      0 0.0000000  0.000000000  0.00000000
 [7,]  0.00000000      0 0.00000000      0 0.0000000  0.000000000  0.00000000
 [8,]  0.00000000      0 0.00000000      0 0.0000000 -0.058418896  0.00000000
 [9,] -0.03501099      0 0.00000000      0 0.0000000  0.000000000 -0.00448040
[10,]  0.00000000      0 0.00000000      0 0.0000000  0.000000000  0.00000000
           [,152] [,153]     [,154]    [,155]       [,156] [,157]     [,158]
 [1,] -0.01278041      0 0.00000000 0.0000000  0.000000000      0 0.00000000
 [2,]  0.00000000      0 0.00000000 0.0000000  0.000000000      0 0.02414962
 [3,]  0.00000000      0 0.00000000 0.0000000  0.000000000      0 0.00000000
 [4,]  0.00000000      0 0.00000000 0.0000000  0.000000000      0 0.00000000
 [5,]  0.03960091      0 0.03455863 0.0000000  0.000000000      0 0.00000000
 [6,]  0.00000000      0 0.00000000 0.1302831  0.000000000      0 0.00000000
 [7,]  0.00000000      0 0.00000000 0.0000000 -0.004044473      0 0.00000000
 [8,]  0.00000000      0 0.00000000 0.0000000  0.000000000      0 0.00000000
 [9,]  0.00000000      0 0.00000000 0.0000000  0.000000000      0 0.00000000
[10,]  0.00000000      0 0.00000000 0.0000000  0.000000000      0 0.00000000
           [,159]    [,160]     [,161] [,162]    [,163] [,164]      [,165]
 [1,] -0.02187627 0.0000000 0.00000000      0 0.0000000      0  0.00000000
 [2,]  0.00000000 0.0000000 0.00000000      0 0.0000000      0 -0.25794450
 [3,]  0.00000000 0.0000000 0.00000000      0 0.0000000      0  0.00000000
 [4,]  0.00000000 0.0000000 0.07549156      0 0.1315595      0  0.00000000
 [5,]  0.00000000 0.0000000 0.00000000      0 0.0000000      0 -0.01534232
 [6,]  0.00000000 0.0000000 0.00000000      0 0.0000000      0  0.00000000
 [7,]  0.00000000 0.1981083 0.00000000      0 0.0000000      0  0.00000000
 [8,]  0.00000000 0.0000000 0.00000000      0 0.0000000      0  0.00000000
 [9,]  0.00000000 0.0000000 0.00000000      0 0.0000000      0  0.00000000
[10,]  0.00000000 0.0000000 0.00000000      0 0.0000000      0  0.00000000
      [,166]     [,167] [,168]     [,169] [,170] [,171] [,172]      [,173]
 [1,]      0  0.0000000      0 0.02288936      0      0      0 -0.07231534
 [2,]      0  0.0000000      0 0.00000000      0      0      0  0.00000000
 [3,]      0 -0.2401598      0 0.00000000      0      0      0  0.00000000
 [4,]      0  0.0000000      0 0.00000000      0      0      0  0.00000000
 [5,]      0  0.0000000      0 0.00000000      0      0      0  0.00000000
 [6,]      0  0.0000000      0 0.00000000      0      0      0  0.00000000
 [7,]      0  0.0000000      0 0.00000000      0      0      0  0.04980655
 [8,]      0  0.0000000      0 0.00000000      0      0      0  0.00000000
 [9,]      0  0.0000000      0 0.00000000      0      0      0  0.00000000
[10,]      0  0.0000000      0 0.00000000      0      0      0  0.00000000
           [,174]     [,175]      [,176]     [,177]    [,178]     [,179] [,180]
 [1,]  0.00000000  0.0000000 0.000000000 0.00000000 0.1154622 0.00000000      0
 [2,]  0.00000000  0.0000000 0.000000000 0.05145644 0.0000000 0.00000000      0
 [3,]  0.04079419  0.0000000 0.000000000 0.00000000 0.1490207 0.00000000      0
 [4,]  0.00000000  0.2388410 0.000000000 0.47633472 0.0000000 0.01401471      0
 [5,]  0.00000000  0.0000000 0.013537394 0.08357134 0.0000000 0.00000000      0
 [6,]  0.05807641  0.0000000 0.003918419 0.00000000 0.0000000 0.00000000      0
 [7,]  0.00000000  0.0000000 0.000000000 0.00000000 0.0000000 0.00000000      0
 [8,]  0.00000000  0.0000000 0.000000000 0.00000000 0.0000000 0.00000000      0
 [9,]  0.10698258  0.0000000 0.000000000 0.00000000 0.0000000 0.00000000      0
[10,] -0.06467832 -0.1372114 0.000000000 0.00000000 0.0000000 0.00000000      0
           [,181] [,182] [,183]     [,184]       [,185]     [,186]      [,187]
 [1,] 0.000000000      0      0  0.0000000  0.000000000 0.00000000  0.00000000
 [2,] 0.000000000      0      0  0.0000000  0.000000000 0.00000000  0.01962160
 [3,] 0.005642443      0      0  0.0000000  0.000000000 0.00000000  0.00000000
 [4,] 0.000000000      0      0  0.0000000  0.000000000 0.06376754  0.00000000
 [5,] 0.000000000      0      0  0.0000000  0.000000000 0.00000000 -0.09392086
 [6,] 0.000000000      0      0 -0.2858986  0.000000000 0.00000000  0.00000000
 [7,] 0.000000000      0      0  0.0000000  0.000000000 0.00000000  0.00000000
 [8,] 0.000000000      0      0  0.0000000 -0.008506361 0.00000000  0.00000000
 [9,] 0.000000000      0      0  0.0000000  0.000000000 0.00000000  0.00000000
[10,] 0.000000000      0      0  0.0000000  0.000000000 0.00000000  0.00000000
            [,188]      [,189] [,190]     [,191]      [,192] [,193] [,194]
 [1,]  0.000000000  0.00000000      0  0.0000000  0.00000000      0      0
 [2,]  0.000000000  0.00000000      0  0.0000000  0.00000000      0      0
 [3,]  0.000000000  0.00000000      0 -0.2373212  0.00000000      0      0
 [4,]  0.000000000  0.00000000      0  0.0000000  0.00000000      0      0
 [5,]  0.000000000 -0.22206840      0  0.0000000  0.00000000      0      0
 [6,]  0.000000000  0.06903845      0  0.0000000  0.00000000      0      0
 [7,]  0.000000000  0.00000000      0  0.0000000  0.00000000      0      0
 [8,]  0.000000000  0.00000000      0  0.0000000 -0.04974459      0      0
 [9,] -0.005232744  0.00000000      0  0.0000000  0.00000000      0      0
[10,]  0.000000000  0.07094420      0  0.0000000  0.00000000      0      0
           [,195] [,196]       [,197] [,198]      [,199] [,200]     [,201]
 [1,] 0.000000000      0  0.000000000      0  0.00000000      0 0.00000000
 [2,] 0.003944998      0  0.000000000      0 -0.11763706      0 0.00000000
 [3,] 0.000000000      0  0.000000000      0  0.00000000      0 0.00000000
 [4,] 0.000000000      0  0.000000000      0  0.00000000      0 0.05458219
 [5,] 0.000000000      0  0.000000000      0  0.00000000      0 0.00000000
 [6,] 0.000000000      0  0.000000000      0  0.05143833      0 0.00000000
 [7,] 0.000000000      0  0.000000000      0  0.00000000      0 0.00000000
 [8,] 0.000000000      0 -0.002937796      0  0.00000000      0 0.00000000
 [9,] 0.000000000      0  0.000000000      0  0.00000000      0 0.00000000
[10,] 0.000000000      0  0.000000000      0  0.00000000      0 0.00000000
          [,202] [,203]      [,204]      [,205]     [,206]
 [1,] 0.00000000      0  0.00000000  0.00000000 0.00000000
 [2,] 0.00000000      0  0.00000000  0.00000000 0.00000000
 [3,] 0.01796747      0  0.00000000 -0.05138725 0.00000000
 [4,] 0.00000000      0 -0.18855337  0.08177493 0.00000000
 [5,] 0.00000000      0  0.00000000  0.00000000 0.08413943
 [6,] 0.00000000      0  0.00000000  0.00000000 0.00000000
 [7,] 0.00000000      0  0.00000000  0.00000000 0.00000000
 [8,] 0.00000000      0  0.00000000  0.00000000 0.00000000
 [9,] 0.00000000      0  0.00000000  0.00000000 0.00000000
[10,] 0.00000000      0  0.03718393  0.00000000 0.00000000
[1] "Mean"
  [1]  0.3803826846  0.1605516542  4.4865564580  2.1379773769  1.3319066677
  [6] -0.0934654899  0.0110837206  0.0329715150  0.0000000000 -0.0092190238
 [11]  0.0000000000  0.0420257704  0.0000000000  0.0091534511  0.0000000000
 [16] -0.0023163586  0.0185355364  0.0000000000  0.0000000000  0.0000000000
 [21]  0.0007229218  0.0086507710 -0.0090479006 -0.0024143960  0.0000000000
 [26]  0.0000000000  0.0314875964 -0.0067427100  0.0206722947 -0.0083497722
 [31]  0.0000000000  0.0053511434  0.0083312557  0.0171224326 -0.0147032950
 [36]  0.0000000000  0.0213211977 -0.0126996323  0.0060174704  0.0121786257
 [41]  0.0000000000  0.0155485008  0.0103964405  0.0233215844  0.0466788757
 [46]  0.0224986704  0.0000000000  0.0000000000 -0.0096518686  0.0084439055
 [51] -0.0200356812 -0.0012366465  0.0000000000 -0.0096378398  0.0000000000
 [56]  0.0000000000  0.0000000000  0.0000000000  0.0022493336  0.0000000000
 [61]  0.0005393105 -0.0269318066  0.0000000000 -0.0037460197  0.0030291115
 [66] -0.0047432741  0.0000000000  0.0001473287  0.0074065774  0.0020814658
 [71]  0.0000000000  0.0000000000  0.0000000000  0.0000000000  0.0016237995
 [76]  0.0060273762  0.0000000000  0.0000000000 -0.0125484305  0.0000000000
 [81]  0.0318843007 -0.0105461533  0.0225824857  0.0000000000 -0.0164525730
 [86]  0.0018032772  0.0353981687 -0.0098731534  0.0000000000 -0.0112674731
 [91] -0.0642573862  0.0020156658 -0.0032956814  0.0000000000  0.0057076086
 [96] -0.0219372877 -0.0163236431  0.0000000000 -0.0012736733  0.0000000000
[101] -0.0097756418  0.0000000000  0.0000000000  0.0000000000  0.0228675012
[106]  0.0000000000  0.0299824996 -0.0185215068 -0.0050180344  0.0033705779
[111]  0.0000000000 -0.0099865379  0.0067873364  0.0027488791 -0.0185031175
[116]  0.0000000000 -0.0081477343 -0.0117211223 -0.0043730569  0.0334336591
[121]  0.0000000000  0.0033586707 -0.0141454046  0.0000000000 -0.0090682846
[126] -0.0025269055  0.0000000000  0.0127207941 -0.0332392006  0.0000000000
[131]  0.0000000000 -0.0044852030  0.0000000000  0.0464649852  0.0000000000
[136] -0.0024149765 -0.0014502988  0.0003136413  0.0000000000 -0.0036031364
[141]  0.0005843155 -0.0117356211 -0.0022474324  0.0000000000 -0.0035010988
[146]  0.0000000000  0.0020155885  0.0000000000  0.0103208257 -0.0061060367
[151] -0.0098502730  0.0026820499  0.0000000000  0.0034558631  0.0130283088
[156] -0.0004044473  0.0000000000  0.0024149619 -0.0021876268  0.0198108323
[161]  0.0075491556  0.0000000000  0.0131559535  0.0000000000 -0.0273286824
[166]  0.0000000000 -0.0240159815  0.0000000000  0.0022889358  0.0000000000
[171]  0.0000000000  0.0000000000 -0.0022508796  0.0141174858  0.0101629640
[176]  0.0017455813  0.0611362495  0.0264482932  0.0014014707  0.0000000000
[181]  0.0005642443  0.0000000000  0.0000000000 -0.0285898556 -0.0008506361
[186]  0.0063767543 -0.0074299260 -0.0005232744 -0.0082085754  0.0000000000
[191] -0.0237321235 -0.0049744587  0.0000000000  0.0000000000  0.0003944998
[196]  0.0000000000 -0.0002937796  0.0000000000 -0.0066198730  0.0000000000
[201]  0.0054582191  0.0017967467  0.0000000000 -0.0151369439  0.0030387681
[206]  0.0084139425
[1] "Variance"
  [1] 0.1379827623 0.6244982874 0.3975029367 0.6896328186 0.4052935828
  [6] 0.1300718088 0.0350498021 0.0957054849 0.0000000000 0.0291531130
 [11] 0.0000000000 0.1053637795 0.0000000000 0.0289457539 0.0000000000
 [16] 0.0053620718 0.0586145127 0.0000000000 0.0000000000 0.0000000000
 [21] 0.0022860795 0.0311489117 0.0960162896 0.0076349905 0.0000000000
 [26] 0.0000000000 0.0941544945 0.0213223211 0.0478454206 0.0308534527
 [31] 0.0000000000 0.0169218013 0.0263457439 0.0463970350 0.0311387644
 [36] 0.0000000000 0.0674235470 0.0401597636 0.0332228317 0.0556086303
 [41] 0.0000000000 0.0491686769 0.0259296038 0.0555930668 0.1476115659
 [46] 0.0711470428 0.0000000000 0.0000000000 0.0305218884 0.0267019736
 [51] 0.0553969374 0.0039106197 0.0000000000 0.0304775255 0.0000000000
 [56] 0.0000000000 0.0000000000 0.0000000000 0.0071130173 0.0000000000
 [61] 0.0017054497 0.0587296074 0.0000000000 0.0831456549 0.0095788916
 [66] 0.0149995498 0.0000000000 0.0004658943 0.0234216542 0.0065821728
 [71] 0.0000000000 0.0000000000 0.0000000000 0.0000000000 0.0051349049
 [76] 0.0642740591 0.0000000000 0.0000000000 0.0396816215 0.0000000000
 [81] 0.1008270118 0.0333498650 0.0714120901 0.0000000000 0.0520276040
 [86] 0.0057024634 0.0958106343 0.0312216523 0.0000000000 0.0356308785
 [91] 0.1839827136 0.0063740949 0.0104218598 0.0000000000 0.0189519488
 [96] 0.0979523689 0.0516198920 0.0000000000 0.0040277087 0.0000000000
[101] 0.0309132937 0.0000000000 0.0000000000 0.0000000000 0.0418265044
[106] 0.0000000000 0.0948129888 0.0585701472 0.0158684181 0.0363126631
[111] 0.0000000000 0.0315802056 0.0214634423 0.0086927189 0.0910172881
[116] 0.0000000000 0.0140316499 0.0385153366 0.0138288200 0.0855683820
[121] 0.0000000000 0.0106210494 0.0447316969 0.0000000000 0.0286764339
[126] 0.0079907769 0.0000000000 0.0402266831 0.0631737305 0.0000000000
[131] 0.0000000000 0.0141834574 0.0000000000 0.1469351847 0.0000000000
[136] 0.0076368263 0.0033093391 0.0072246982 0.0000000000 0.0179566087
[141] 0.0018477678 0.0667222623 0.0050036499 0.0000000000 0.0110714467
[146] 0.0000000000 0.0063738504 0.0000000000 0.0326373167 0.0183996013
[151] 0.0296085457 0.0135795492 0.0000000000 0.0109283988 0.0411991299
[156] 0.0012789746 0.0000000000 0.0076367801 0.0069178833 0.0626473524
[161] 0.0238725261 0.0000000000 0.0416027779 0.0000000000 0.0811734661
[166] 0.0000000000 0.0759452019 0.0000000000 0.0072382506 0.0000000000
[171] 0.0000000000 0.0000000000 0.0291729254 0.0455491902 0.0911891515
[176] 0.0043223514 0.1487541913 0.0563161484 0.0044318394 0.0000000000
[181] 0.0017842972 0.0000000000 0.0000000000 0.0904090617 0.0026899476
[186] 0.0201650676 0.0310091317 0.0016547390 0.0805811909 0.0000000000
[191] 0.0750475641 0.0157306196 0.0000000000 0.0000000000 0.0012475178
[196] 0.0000000000 0.0009290126 0.0000000000 0.0422244686 0.0000000000
[201] 0.0172604042 0.0056818118 0.0000000000 0.0620427692 0.0320337462
[206] 0.0266072225
[1] "Over Estimation"
 [1] 17 22 24 23 22 18 20 16 15 12
[1] "Bias"
  [1] -0.7464115 -0.8929656 -0.1026887 -0.2873409 -0.3340467 -0.8130690
  [7]        Inf        Inf        NaN       -Inf        NaN        Inf
 [13]        NaN        Inf        NaN       -Inf        Inf        NaN
 [19]        NaN        NaN        Inf        Inf       -Inf       -Inf
 [25]        NaN        NaN        Inf       -Inf        Inf       -Inf
 [31]        NaN        Inf        Inf        Inf       -Inf        NaN
 [37]        Inf       -Inf        Inf        Inf        NaN        Inf
 [43]        Inf        Inf        Inf        Inf        NaN        NaN
 [49]       -Inf        Inf       -Inf       -Inf        NaN       -Inf
 [55]        NaN        NaN        NaN        NaN        Inf        NaN
 [61]        Inf       -Inf        NaN       -Inf        Inf       -Inf
 [67]        NaN        Inf        Inf        Inf        NaN        NaN
 [73]        NaN        NaN        Inf        Inf        NaN        NaN
 [79]       -Inf        NaN        Inf       -Inf        Inf        NaN
 [85]       -Inf        Inf        Inf       -Inf        NaN       -Inf
 [91]       -Inf        Inf       -Inf        NaN        Inf       -Inf
 [97]       -Inf        NaN       -Inf        NaN       -Inf        NaN
[103]        NaN        NaN        Inf        NaN        Inf       -Inf
[109]       -Inf        Inf        NaN       -Inf        Inf        Inf
[115]       -Inf        NaN       -Inf       -Inf       -Inf        Inf
[121]        NaN        Inf       -Inf        NaN       -Inf       -Inf
[127]        NaN        Inf       -Inf        NaN        NaN       -Inf
[133]        NaN        Inf        NaN       -Inf       -Inf        Inf
[139]        NaN       -Inf        Inf       -Inf       -Inf        NaN
[145]       -Inf        NaN        Inf        NaN        Inf       -Inf
[151]       -Inf        Inf        NaN        Inf        Inf       -Inf
[157]        NaN        Inf       -Inf        Inf        Inf        NaN
[163]        Inf        NaN       -Inf        NaN       -Inf        NaN
[169]        Inf        NaN        NaN        NaN       -Inf        Inf
[175]        Inf        Inf        Inf        Inf        Inf        NaN
[181]        Inf        NaN        NaN       -Inf       -Inf        Inf
[187]       -Inf       -Inf       -Inf        NaN       -Inf       -Inf
[193]        NaN        NaN        Inf        NaN       -Inf        NaN
[199]       -Inf        NaN        Inf        Inf        NaN       -Inf
[205]        Inf        Inf
