[1] "broken"
[1] "broken"
[1] "broken"
[1] "broken"
final values in 1th iteration
  [1]  3.957211e-01  6.372327e-01  4.975285e+00  2.472728e+00  1.559352e+00
  [6] -1.416599e-01  0.000000e+00  4.205437e-02  0.000000e+00  0.000000e+00
 [11]  0.000000e+00  0.000000e+00  0.000000e+00  9.642064e-03  0.000000e+00
 [16]  0.000000e+00  0.000000e+00 -3.574819e-02  0.000000e+00  0.000000e+00
 [21]  0.000000e+00  0.000000e+00  0.000000e+00  0.000000e+00  0.000000e+00
 [26]  0.000000e+00  0.000000e+00  0.000000e+00  8.396238e-04  0.000000e+00
 [31]  0.000000e+00  0.000000e+00  0.000000e+00  0.000000e+00  0.000000e+00
 [36]  0.000000e+00  0.000000e+00  0.000000e+00  0.000000e+00  0.000000e+00
 [41]  0.000000e+00  0.000000e+00  1.516642e-02  0.000000e+00  0.000000e+00
 [46] -6.116186e-04  0.000000e+00  0.000000e+00 -5.019798e-05  5.662771e-04
 [51]  0.000000e+00  0.000000e+00  0.000000e+00  0.000000e+00  0.000000e+00
 [56]  0.000000e+00 -4.877298e-05  0.000000e+00  2.102828e-03  0.000000e+00
 [61]  1.946328e-05  0.000000e+00  0.000000e+00  0.000000e+00  0.000000e+00
 [66]  0.000000e+00  0.000000e+00  0.000000e+00  0.000000e+00  0.000000e+00
 [71]  0.000000e+00  0.000000e+00 -4.834079e-06  0.000000e+00  5.169205e-02
 [76]  0.000000e+00  0.000000e+00  0.000000e+00  0.000000e+00  0.000000e+00
 [81]  0.000000e+00  0.000000e+00  1.717626e-03  0.000000e+00  0.000000e+00
 [86]  0.000000e+00  0.000000e+00  0.000000e+00  0.000000e+00  0.000000e+00
 [91]  0.000000e+00  3.553165e-03  0.000000e+00  0.000000e+00  0.000000e+00
 [96] -1.191621e-01  1.700480e-01  0.000000e+00  0.000000e+00  0.000000e+00
[101]  0.000000e+00  0.000000e+00 -9.835531e-04  0.000000e+00  0.000000e+00
[106]  0.000000e+00  0.000000e+00  0.000000e+00 -7.943468e-04  0.000000e+00
[111]  0.000000e+00  0.000000e+00  0.000000e+00  0.000000e+00  8.857406e-02
[116]  0.000000e+00  0.000000e+00  0.000000e+00  0.000000e+00  8.843118e-04
[121]  0.000000e+00  0.000000e+00  0.000000e+00  0.000000e+00 -5.738939e-02
[126]  0.000000e+00  0.000000e+00  0.000000e+00  7.682155e-03  0.000000e+00
[131]  0.000000e+00  0.000000e+00  0.000000e+00 -3.899099e-03 -3.828909e-04
[136]  0.000000e+00 -2.663217e-02  0.000000e+00  0.000000e+00  0.000000e+00
[141]  0.000000e+00  0.000000e+00  0.000000e+00  0.000000e+00  0.000000e+00
[146]  0.000000e+00  0.000000e+00 -2.762530e-02  0.000000e+00  0.000000e+00
[151]  0.000000e+00  0.000000e+00  0.000000e+00  0.000000e+00  0.000000e+00
[156] -2.677575e-04  0.000000e+00  0.000000e+00 -1.085677e-01  0.000000e+00
[161]  0.000000e+00  0.000000e+00  0.000000e+00 -6.510002e-02  0.000000e+00
[166]  0.000000e+00  0.000000e+00  0.000000e+00  1.083683e-02  0.000000e+00
[171]  0.000000e+00  0.000000e+00  0.000000e+00  0.000000e+00  0.000000e+00
[176]  0.000000e+00  0.000000e+00  0.000000e+00  0.000000e+00  0.000000e+00
[181]  6.452936e-05  0.000000e+00  4.852728e-02  0.000000e+00  0.000000e+00
[186]  0.000000e+00  0.000000e+00  0.000000e+00  0.000000e+00  0.000000e+00
[191]  0.000000e+00  0.000000e+00  4.874370e-03  0.000000e+00  0.000000e+00
[196]  0.000000e+00 -2.076790e-02  0.000000e+00  2.527284e-02  0.000000e+00
[201]  0.000000e+00 -1.633522e-01  0.000000e+00  0.000000e+00  0.000000e+00
[206]  0.000000e+00
[1] "broken"
[1] "broken"
[1] "broken"
[1] "broken"
[1] "broken"
[1] "broken"
[1] "broken"
[1] "broken"
[1] "broken"
[1] "broken"
final values in 2th iteration
  [1]  1.208164e+00  1.115350e+00  4.556024e+00  2.651931e+00  1.574527e+00
  [6] -2.355596e-01 -6.499847e-04  0.000000e+00  0.000000e+00  0.000000e+00
 [11]  0.000000e+00  0.000000e+00  0.000000e+00  0.000000e+00  0.000000e+00
 [16]  0.000000e+00  4.960836e-03  0.000000e+00  0.000000e+00  0.000000e+00
 [21] -7.160447e-03  0.000000e+00 -9.806875e-03  0.000000e+00  0.000000e+00
 [26] -3.478776e-02  3.167295e-03  0.000000e+00  5.962387e-04 -1.201816e-04
 [31]  0.000000e+00  0.000000e+00  0.000000e+00  0.000000e+00  1.367287e-04
 [36]  0.000000e+00  0.000000e+00  0.000000e+00  0.000000e+00  0.000000e+00
 [41]  0.000000e+00  0.000000e+00  0.000000e+00  4.150983e-03  0.000000e+00
 [46] -8.772807e-04  0.000000e+00  0.000000e+00  1.296491e-04  0.000000e+00
 [51]  0.000000e+00  0.000000e+00  0.000000e+00  0.000000e+00  0.000000e+00
 [56]  0.000000e+00  0.000000e+00  0.000000e+00  0.000000e+00  0.000000e+00
 [61]  0.000000e+00  0.000000e+00  0.000000e+00  0.000000e+00  0.000000e+00
 [66]  0.000000e+00  0.000000e+00  0.000000e+00  0.000000e+00  5.594947e-02
 [71]  0.000000e+00  0.000000e+00  1.246205e-04  0.000000e+00  0.000000e+00
 [76]  0.000000e+00  0.000000e+00  0.000000e+00  2.839831e-03  0.000000e+00
 [81]  1.726444e-01  0.000000e+00  0.000000e+00  0.000000e+00  0.000000e+00
 [86]  0.000000e+00  0.000000e+00  0.000000e+00  0.000000e+00  3.776645e-05
 [91]  0.000000e+00  0.000000e+00  0.000000e+00  0.000000e+00  0.000000e+00
 [96]  0.000000e+00  0.000000e+00  0.000000e+00  0.000000e+00  0.000000e+00
[101] -1.052493e-04  0.000000e+00 -1.591992e-03  2.048168e-02  0.000000e+00
[106]  0.000000e+00  0.000000e+00 -2.904390e-04  0.000000e+00  0.000000e+00
[111]  0.000000e+00  0.000000e+00  0.000000e+00  0.000000e+00  0.000000e+00
[116]  0.000000e+00 -2.096168e-04  0.000000e+00  0.000000e+00  0.000000e+00
[121]  0.000000e+00  0.000000e+00  0.000000e+00  3.968336e-05  0.000000e+00
[126]  0.000000e+00  0.000000e+00  0.000000e+00 -8.333194e-04  0.000000e+00
[131]  0.000000e+00  0.000000e+00  0.000000e+00  0.000000e+00  0.000000e+00
[136]  0.000000e+00  0.000000e+00  0.000000e+00 -8.156441e-05  0.000000e+00
[141]  5.079955e-04  0.000000e+00  0.000000e+00  0.000000e+00  0.000000e+00
[146]  0.000000e+00  0.000000e+00  0.000000e+00  3.617410e-03  0.000000e+00
[151]  0.000000e+00  0.000000e+00  0.000000e+00  0.000000e+00  0.000000e+00
[156]  0.000000e+00  0.000000e+00  6.210099e-02  0.000000e+00 -3.485704e-05
[161]  0.000000e+00  0.000000e+00  0.000000e+00  0.000000e+00 -1.001362e-03
[166]  0.000000e+00  0.000000e+00  0.000000e+00  0.000000e+00  0.000000e+00
[171]  0.000000e+00  0.000000e+00  0.000000e+00  0.000000e+00  0.000000e+00
[176]  0.000000e+00  8.900400e-04  0.000000e+00  0.000000e+00  0.000000e+00
[181]  0.000000e+00  0.000000e+00  0.000000e+00  0.000000e+00  0.000000e+00
[186]  0.000000e+00  0.000000e+00  0.000000e+00  0.000000e+00  0.000000e+00
[191]  0.000000e+00  0.000000e+00  0.000000e+00  0.000000e+00  2.805470e-04
[196]  0.000000e+00  0.000000e+00  0.000000e+00  0.000000e+00 -3.315486e-04
[201]  0.000000e+00  0.000000e+00  0.000000e+00  0.000000e+00  0.000000e+00
[206]  0.000000e+00
[1] "broken"
[1] "broken"
[1] "broken"
[1] "broken"
final values in 3th iteration
  [1]  3.086945e-01  5.059237e-01  4.395379e+00  2.629773e+00  1.449677e+00
  [6] -3.188951e-01  0.000000e+00 -3.621818e-04  0.000000e+00 -5.605129e-02
 [11]  0.000000e+00  3.567529e-02  0.000000e+00  0.000000e+00  0.000000e+00
 [16] -4.281650e-03  0.000000e+00  0.000000e+00  0.000000e+00  0.000000e+00
 [21]  1.049221e-02 -1.044911e-01  6.233138e-02  0.000000e+00  0.000000e+00
 [26]  1.221678e-03  0.000000e+00  0.000000e+00  0.000000e+00  0.000000e+00
 [31]  0.000000e+00 -8.169720e-02  0.000000e+00  0.000000e+00  0.000000e+00
 [36]  0.000000e+00  0.000000e+00  0.000000e+00 -1.413473e-03  0.000000e+00
 [41]  3.859482e-06  5.971497e-02  0.000000e+00  0.000000e+00  0.000000e+00
 [46]  0.000000e+00  0.000000e+00  0.000000e+00  0.000000e+00  0.000000e+00
 [51]  0.000000e+00  0.000000e+00  0.000000e+00  0.000000e+00  0.000000e+00
 [56]  0.000000e+00  0.000000e+00  0.000000e+00  0.000000e+00  0.000000e+00
 [61]  0.000000e+00 -1.090746e-01  0.000000e+00  0.000000e+00  0.000000e+00
 [66]  0.000000e+00  0.000000e+00  0.000000e+00  0.000000e+00 -6.581051e-02
 [71]  0.000000e+00  0.000000e+00  0.000000e+00 -1.381253e-01  0.000000e+00
 [76]  1.226063e-01  0.000000e+00  0.000000e+00  0.000000e+00  0.000000e+00
 [81]  0.000000e+00  0.000000e+00  0.000000e+00  0.000000e+00  0.000000e+00
 [86]  0.000000e+00  0.000000e+00  0.000000e+00  0.000000e+00  0.000000e+00
 [91]  0.000000e+00  0.000000e+00  0.000000e+00  0.000000e+00  7.843451e-02
 [96]  0.000000e+00  0.000000e+00  0.000000e+00  0.000000e+00  0.000000e+00
[101]  0.000000e+00  0.000000e+00  0.000000e+00  0.000000e+00  0.000000e+00
[106]  0.000000e+00  0.000000e+00  0.000000e+00  0.000000e+00  0.000000e+00
[111]  0.000000e+00 -6.112803e-02  0.000000e+00  0.000000e+00 -2.406634e-01
[116]  0.000000e+00 -4.247903e-05  0.000000e+00  0.000000e+00  1.148579e-01
[121]  0.000000e+00  0.000000e+00  3.839665e-03  0.000000e+00  0.000000e+00
[126]  0.000000e+00  0.000000e+00  1.751128e-04  0.000000e+00  0.000000e+00
[131]  0.000000e+00  3.239667e-03  0.000000e+00  0.000000e+00  0.000000e+00
[136]  0.000000e+00  0.000000e+00  4.858274e-02  0.000000e+00  0.000000e+00
[141]  0.000000e+00  0.000000e+00  0.000000e+00  0.000000e+00  0.000000e+00
[146]  0.000000e+00  0.000000e+00  0.000000e+00  0.000000e+00  0.000000e+00
[151]  1.088543e-02  0.000000e+00  0.000000e+00  0.000000e+00  0.000000e+00
[156]  0.000000e+00  0.000000e+00  0.000000e+00  0.000000e+00  0.000000e+00
[161]  0.000000e+00  0.000000e+00  0.000000e+00 -2.063253e-02  0.000000e+00
[166]  0.000000e+00 -5.616323e-02  0.000000e+00  0.000000e+00  3.558099e-02
[171]  0.000000e+00  0.000000e+00  2.326555e-02  4.884990e-04  0.000000e+00
[176]  0.000000e+00  0.000000e+00  1.175123e-01  0.000000e+00  0.000000e+00
[181]  0.000000e+00  0.000000e+00  0.000000e+00 -3.633574e-05  0.000000e+00
[186]  0.000000e+00  0.000000e+00  0.000000e+00  1.565084e-01 -1.249180e-04
[191] -3.183657e-01  0.000000e+00  0.000000e+00  0.000000e+00  0.000000e+00
[196]  0.000000e+00  0.000000e+00  0.000000e+00  0.000000e+00  0.000000e+00
[201]  0.000000e+00  0.000000e+00  0.000000e+00  0.000000e+00  0.000000e+00
[206]  0.000000e+00
[1] "broken"
[1] "broken"
[1] "broken"
final values in 4th iteration
  [1]  3.216356e-01  1.409938e+00  4.706634e+00  2.503739e+00  1.599525e+00
  [6] -3.637805e-01  0.000000e+00  0.000000e+00  0.000000e+00  0.000000e+00
 [11]  1.471878e-02  2.350123e-01  0.000000e+00  1.000669e-01  0.000000e+00
 [16]  0.000000e+00  0.000000e+00  0.000000e+00  0.000000e+00  0.000000e+00
 [21]  0.000000e+00  0.000000e+00  2.317739e-04  0.000000e+00  0.000000e+00
 [26]  0.000000e+00  0.000000e+00  0.000000e+00  0.000000e+00  0.000000e+00
 [31]  0.000000e+00  0.000000e+00  0.000000e+00  0.000000e+00  0.000000e+00
 [36]  8.414597e-05  1.224661e-01  0.000000e+00  0.000000e+00  0.000000e+00
 [41]  0.000000e+00  0.000000e+00  0.000000e+00  4.391823e-03 -1.254405e-02
 [46]  0.000000e+00  0.000000e+00 -1.560144e-08  0.000000e+00  0.000000e+00
 [51]  0.000000e+00  0.000000e+00  0.000000e+00  0.000000e+00  7.448738e-03
 [56]  0.000000e+00  0.000000e+00  0.000000e+00  0.000000e+00  0.000000e+00
 [61]  0.000000e+00  0.000000e+00  0.000000e+00  0.000000e+00  0.000000e+00
 [66] -3.842944e-04  0.000000e+00 -6.106662e-02  0.000000e+00  0.000000e+00
 [71]  0.000000e+00  0.000000e+00  0.000000e+00  0.000000e+00  0.000000e+00
 [76]  0.000000e+00  0.000000e+00  0.000000e+00  7.775172e-02 -2.244987e-02
 [81]  0.000000e+00 -6.765985e-05  0.000000e+00  0.000000e+00  0.000000e+00
 [86]  0.000000e+00  0.000000e+00  0.000000e+00  0.000000e+00 -1.052364e-01
 [91]  0.000000e+00  0.000000e+00  0.000000e+00  0.000000e+00  0.000000e+00
 [96]  0.000000e+00  0.000000e+00  0.000000e+00 -5.122515e-02  0.000000e+00
[101]  0.000000e+00  0.000000e+00  0.000000e+00  0.000000e+00  0.000000e+00
[106]  0.000000e+00 -3.666973e-02  0.000000e+00  0.000000e+00  0.000000e+00
[111]  0.000000e+00  0.000000e+00  0.000000e+00  0.000000e+00  0.000000e+00
[116]  0.000000e+00  0.000000e+00  0.000000e+00  0.000000e+00  0.000000e+00
[121] -7.283951e-04  0.000000e+00 -2.827472e-02  0.000000e+00  0.000000e+00
[126]  0.000000e+00  1.532166e-01  0.000000e+00 -2.030696e-01  0.000000e+00
[131]  0.000000e+00  0.000000e+00  0.000000e+00  0.000000e+00  0.000000e+00
[136]  0.000000e+00  0.000000e+00  0.000000e+00  0.000000e+00  0.000000e+00
[141]  0.000000e+00  0.000000e+00  0.000000e+00  6.983060e-03  0.000000e+00
[146]  0.000000e+00  0.000000e+00  0.000000e+00  0.000000e+00 -2.190059e-02
[151]  0.000000e+00  0.000000e+00  0.000000e+00  0.000000e+00  0.000000e+00
[156]  0.000000e+00  0.000000e+00  0.000000e+00  0.000000e+00  0.000000e+00
[161]  0.000000e+00  0.000000e+00  0.000000e+00  0.000000e+00  0.000000e+00
[166]  0.000000e+00  0.000000e+00  0.000000e+00  0.000000e+00  0.000000e+00
[171]  0.000000e+00  0.000000e+00 -1.769349e-01  0.000000e+00  0.000000e+00
[176]  0.000000e+00  9.266394e-02  0.000000e+00  0.000000e+00  0.000000e+00
[181]  0.000000e+00  0.000000e+00  0.000000e+00  0.000000e+00  0.000000e+00
[186]  3.631999e-02  0.000000e+00  0.000000e+00  0.000000e+00  8.678631e-04
[191]  0.000000e+00  0.000000e+00  0.000000e+00  0.000000e+00  0.000000e+00
[196] -1.684465e-02  8.001889e-04  0.000000e+00  0.000000e+00  0.000000e+00
[201]  5.343809e-05 -5.427479e-03  0.000000e+00 -3.065844e-01  0.000000e+00
[206]  0.000000e+00
[1] "broken"
[1] "broken"
final values in 5th iteration
  [1]  4.231510e-01  1.103181e+00  5.013834e+00  2.676217e+00  1.565457e+00
  [6]  0.000000e+00  0.000000e+00  0.000000e+00  2.432379e-02  2.846682e-02
 [11]  0.000000e+00  0.000000e+00  0.000000e+00  0.000000e+00  0.000000e+00
 [16] -8.705977e-03  0.000000e+00  0.000000e+00  0.000000e+00  0.000000e+00
 [21]  0.000000e+00  0.000000e+00  0.000000e+00  0.000000e+00  1.917472e-02
 [26]  2.401516e-03  5.342976e-02  3.969315e-02  0.000000e+00  0.000000e+00
 [31]  0.000000e+00  0.000000e+00  0.000000e+00  0.000000e+00  0.000000e+00
 [36]  0.000000e+00  0.000000e+00  0.000000e+00  0.000000e+00  0.000000e+00
 [41]  0.000000e+00  0.000000e+00  0.000000e+00  9.734750e-02  0.000000e+00
 [46]  0.000000e+00  0.000000e+00  0.000000e+00  0.000000e+00  0.000000e+00
 [51] -7.022041e-02  0.000000e+00  0.000000e+00  0.000000e+00 -6.376090e-03
 [56]  0.000000e+00  0.000000e+00  0.000000e+00  0.000000e+00  0.000000e+00
 [61]  0.000000e+00  0.000000e+00  0.000000e+00  0.000000e+00  0.000000e+00
 [66]  0.000000e+00  0.000000e+00  0.000000e+00  0.000000e+00  0.000000e+00
 [71]  2.170303e-01  0.000000e+00  0.000000e+00  0.000000e+00  0.000000e+00
 [76] -2.527099e-01  0.000000e+00  0.000000e+00  0.000000e+00  0.000000e+00
 [81]  0.000000e+00  0.000000e+00  1.422018e-01  0.000000e+00  0.000000e+00
 [86]  0.000000e+00  0.000000e+00  2.492214e-02  0.000000e+00  0.000000e+00
 [91]  0.000000e+00  0.000000e+00  0.000000e+00  0.000000e+00  0.000000e+00
 [96]  0.000000e+00  0.000000e+00  0.000000e+00  0.000000e+00  0.000000e+00
[101]  0.000000e+00  0.000000e+00  0.000000e+00  0.000000e+00  2.469321e-02
[106]  0.000000e+00  0.000000e+00  0.000000e+00  0.000000e+00  0.000000e+00
[111]  6.183493e-03  0.000000e+00  0.000000e+00  0.000000e+00  0.000000e+00
[116]  0.000000e+00  0.000000e+00  0.000000e+00  0.000000e+00  0.000000e+00
[121]  0.000000e+00  0.000000e+00  0.000000e+00  0.000000e+00  0.000000e+00
[126]  0.000000e+00  0.000000e+00  0.000000e+00  0.000000e+00  0.000000e+00
[131]  0.000000e+00  0.000000e+00  0.000000e+00  0.000000e+00  0.000000e+00
[136]  0.000000e+00  0.000000e+00  0.000000e+00  0.000000e+00  0.000000e+00
[141]  0.000000e+00  0.000000e+00  0.000000e+00  0.000000e+00  0.000000e+00
[146]  0.000000e+00  0.000000e+00 -1.563037e-02  0.000000e+00  0.000000e+00
[151]  0.000000e+00  6.092064e-02  0.000000e+00  0.000000e+00  0.000000e+00
[156]  3.093198e-04  0.000000e+00  0.000000e+00  0.000000e+00  0.000000e+00
[161]  0.000000e+00  0.000000e+00  0.000000e+00 -8.937205e-05 -2.015343e-02
[166]  0.000000e+00  0.000000e+00  0.000000e+00  0.000000e+00  0.000000e+00
[171]  0.000000e+00  0.000000e+00  0.000000e+00  0.000000e+00  0.000000e+00
[176]  4.875819e-02  7.283801e-02  0.000000e+00  0.000000e+00  0.000000e+00
[181]  0.000000e+00  0.000000e+00  0.000000e+00  0.000000e+00  0.000000e+00
[186]  0.000000e+00 -9.471436e-02  0.000000e+00 -1.351173e-01  0.000000e+00
[191]  0.000000e+00  0.000000e+00  0.000000e+00  0.000000e+00  0.000000e+00
[196]  0.000000e+00  0.000000e+00  0.000000e+00  0.000000e+00  0.000000e+00
[201]  0.000000e+00  0.000000e+00  0.000000e+00  0.000000e+00  0.000000e+00
[206]  1.360920e-01
[1] "broken"
[1] "broken"
final values in 6th iteration
  [1]  4.206999e-01  1.338184e+00  5.032200e+00  2.668453e+00  1.512837e+00
  [6] -3.165987e-01  0.000000e+00  0.000000e+00  0.000000e+00  0.000000e+00
 [11]  0.000000e+00  0.000000e+00  0.000000e+00  0.000000e+00  0.000000e+00
 [16]  0.000000e+00  7.831040e-02  0.000000e+00  0.000000e+00  0.000000e+00
 [21] -1.493627e-01  0.000000e+00  0.000000e+00  0.000000e+00 -3.978145e-02
 [26]  0.000000e+00  0.000000e+00  0.000000e+00  0.000000e+00 -2.509254e-02
 [31]  0.000000e+00  0.000000e+00  0.000000e+00  0.000000e+00 -5.114413e-02
 [36]  0.000000e+00  0.000000e+00  0.000000e+00  0.000000e+00  0.000000e+00
 [41]  0.000000e+00  0.000000e+00  0.000000e+00  3.220008e-05  0.000000e+00
 [46]  0.000000e+00  0.000000e+00  0.000000e+00  0.000000e+00  0.000000e+00
 [51] -2.988326e-01  0.000000e+00  0.000000e+00  0.000000e+00 -1.199694e-02
 [56]  0.000000e+00  0.000000e+00  0.000000e+00  0.000000e+00  0.000000e+00
 [61]  0.000000e+00 -1.679891e-01  1.279817e-01  0.000000e+00  0.000000e+00
 [66]  0.000000e+00  0.000000e+00  0.000000e+00  0.000000e+00  0.000000e+00
 [71]  6.444371e-03  0.000000e+00  0.000000e+00  0.000000e+00  0.000000e+00
 [76]  0.000000e+00  0.000000e+00  0.000000e+00  0.000000e+00  0.000000e+00
 [81]  0.000000e+00  0.000000e+00  0.000000e+00  0.000000e+00  0.000000e+00
 [86]  0.000000e+00  0.000000e+00  0.000000e+00 -1.380133e-02  0.000000e+00
 [91]  0.000000e+00  0.000000e+00 -2.512945e-03  0.000000e+00  0.000000e+00
 [96]  0.000000e+00  0.000000e+00  1.723884e-02  0.000000e+00  0.000000e+00
[101]  0.000000e+00  0.000000e+00  0.000000e+00  0.000000e+00  0.000000e+00
[106]  0.000000e+00  0.000000e+00  0.000000e+00  1.369826e-01  0.000000e+00
[111]  0.000000e+00  0.000000e+00  2.427056e-02  0.000000e+00  0.000000e+00
[116]  0.000000e+00  0.000000e+00  0.000000e+00  0.000000e+00  0.000000e+00
[121]  0.000000e+00  0.000000e+00  0.000000e+00  0.000000e+00  0.000000e+00
[126]  0.000000e+00  0.000000e+00  0.000000e+00  0.000000e+00  0.000000e+00
[131] -9.642048e-02  0.000000e+00  0.000000e+00  0.000000e+00  0.000000e+00
[136]  0.000000e+00 -1.077238e-02  0.000000e+00  0.000000e+00  0.000000e+00
[141]  0.000000e+00  0.000000e+00  0.000000e+00  0.000000e+00  0.000000e+00
[146]  0.000000e+00 -2.027322e-02  4.426386e-04  0.000000e+00  0.000000e+00
[151]  0.000000e+00  1.078036e-02  0.000000e+00  0.000000e+00  5.710636e-02
[156]  0.000000e+00  0.000000e+00  0.000000e+00  0.000000e+00  0.000000e+00
[161]  0.000000e+00  0.000000e+00  0.000000e+00  0.000000e+00  0.000000e+00
[166]  0.000000e+00  0.000000e+00  4.504682e-03  0.000000e+00  0.000000e+00
[171]  0.000000e+00  0.000000e+00  0.000000e+00  1.318844e-02  0.000000e+00
[176]  2.312687e-02  0.000000e+00  0.000000e+00  0.000000e+00  0.000000e+00
[181]  0.000000e+00  0.000000e+00  0.000000e+00 -1.830551e-04  0.000000e+00
[186]  0.000000e+00  0.000000e+00  0.000000e+00  7.580624e-02  0.000000e+00
[191]  3.198857e-03  0.000000e+00  0.000000e+00  0.000000e+00  0.000000e+00
[196]  0.000000e+00  0.000000e+00  0.000000e+00  0.000000e+00  0.000000e+00
[201]  0.000000e+00  0.000000e+00  0.000000e+00  0.000000e+00  0.000000e+00
[206]  0.000000e+00
[1] "broken"
[1] "broken"
[1] "broken"
[1] "broken"
[1] "broken"
[1] "broken"
[1] "broken"
[1] "broken"
[1] "broken"
[1] "broken"
[1] "broken"
final values in 7th iteration
  [1]  8.842060e-01  1.537445e+00  5.000087e+00  2.403254e+00  1.345168e+00
  [6] -2.127972e-02  0.000000e+00 -1.041036e-01 -1.201426e-03  0.000000e+00
 [11]  0.000000e+00  0.000000e+00  2.218502e-02  0.000000e+00  0.000000e+00
 [16]  0.000000e+00  0.000000e+00  0.000000e+00  0.000000e+00  1.011251e-03
 [21]  4.986300e-04 -2.162477e-01  0.000000e+00  0.000000e+00  0.000000e+00
 [26]  0.000000e+00  0.000000e+00  0.000000e+00  4.642649e-02  0.000000e+00
 [31] -8.356556e-05  0.000000e+00  0.000000e+00  0.000000e+00  0.000000e+00
 [36]  1.622075e-03  0.000000e+00  0.000000e+00  0.000000e+00 -1.040046e-01
 [41]  0.000000e+00  0.000000e+00  6.223699e-04 -2.143832e-02  0.000000e+00
 [46]  1.321058e-03  0.000000e+00  3.477810e-04  0.000000e+00  0.000000e+00
 [51]  0.000000e+00  0.000000e+00  0.000000e+00  6.964826e-04  0.000000e+00
 [56]  0.000000e+00  0.000000e+00  0.000000e+00 -4.417724e-02  0.000000e+00
 [61]  0.000000e+00  0.000000e+00  0.000000e+00  0.000000e+00 -3.041618e-02
 [66] -9.225670e-05  0.000000e+00  0.000000e+00  0.000000e+00  0.000000e+00
 [71]  0.000000e+00  0.000000e+00  0.000000e+00  0.000000e+00  0.000000e+00
 [76] -1.023298e-04  0.000000e+00 -2.875862e-03  0.000000e+00 -3.584880e-03
 [81]  0.000000e+00  0.000000e+00  0.000000e+00  3.693889e-03 -2.983172e-02
 [86]  0.000000e+00  7.977167e-02  0.000000e+00  0.000000e+00  0.000000e+00
 [91]  0.000000e+00  0.000000e+00  4.557914e-04  0.000000e+00  0.000000e+00
 [96]  0.000000e+00  0.000000e+00  0.000000e+00  0.000000e+00  0.000000e+00
[101]  0.000000e+00  0.000000e+00  0.000000e+00  0.000000e+00  0.000000e+00
[106]  0.000000e+00  2.625669e-02  0.000000e+00  0.000000e+00  0.000000e+00
[111]  0.000000e+00  0.000000e+00  0.000000e+00  0.000000e+00  0.000000e+00
[116]  0.000000e+00  9.071674e-02  0.000000e+00  0.000000e+00  0.000000e+00
[121]  0.000000e+00  0.000000e+00  0.000000e+00 -1.809855e-03  0.000000e+00
[126]  0.000000e+00 -3.189923e-03  1.825659e-04  0.000000e+00  0.000000e+00
[131]  0.000000e+00  0.000000e+00  0.000000e+00  1.930520e-03 -3.162984e-03
[136]  0.000000e+00  0.000000e+00  0.000000e+00  0.000000e+00  9.852285e-05
[141]  0.000000e+00 -5.415204e-05  0.000000e+00 -4.678067e-04  0.000000e+00
[146]  0.000000e+00  0.000000e+00  0.000000e+00  0.000000e+00 -2.984260e-02
[151]  0.000000e+00  0.000000e+00  0.000000e+00  0.000000e+00 -8.837958e-03
[156]  0.000000e+00  0.000000e+00  0.000000e+00  7.341049e-04  7.467654e-03
[161]  0.000000e+00  0.000000e+00  0.000000e+00  0.000000e+00  0.000000e+00
[166]  0.000000e+00  0.000000e+00  0.000000e+00  0.000000e+00  0.000000e+00
[171]  0.000000e+00  0.000000e+00  1.982671e-03  0.000000e+00  0.000000e+00
[176]  5.400968e-05  0.000000e+00  0.000000e+00  0.000000e+00  0.000000e+00
[181]  1.796153e-01  0.000000e+00 -2.796606e-01  0.000000e+00  0.000000e+00
[186]  0.000000e+00  0.000000e+00  0.000000e+00  0.000000e+00  0.000000e+00
[191] -2.248008e-03  0.000000e+00  0.000000e+00  0.000000e+00  0.000000e+00
[196]  3.752647e-03  0.000000e+00  0.000000e+00  0.000000e+00  0.000000e+00
[201]  0.000000e+00  0.000000e+00  0.000000e+00  0.000000e+00  0.000000e+00
[206]  0.000000e+00
[1] "broken"
[1] "broken"
[1] "broken"
[1] "broken"
final values in 8th iteration
  [1]  0.4377267463  1.1872676664  4.8617779319  2.7640772983  1.8195709596
  [6] -0.3356453135  0.0000000000  0.0668231187  0.0000000000  0.0000000000
 [11]  0.0000000000  0.0000000000  0.0000000000  0.0000000000  0.0000000000
 [16]  0.0001047473  0.0000000000  0.0000000000  0.0000000000  0.0000000000
 [21] -0.0018417822 -0.0202063377 -0.0720271552  0.0000000000  0.0000000000
 [26]  0.0000000000  0.1517113222 -0.0869389637  0.0000000000  0.0000000000
 [31]  0.0000000000  0.0000000000  0.0058263017  0.0315320140  0.0000000000
 [36]  0.0000000000  0.0000000000  0.0000000000  0.0000000000  0.0000000000
 [41]  0.0000000000  0.0000000000  0.0000000000 -0.0600038078  0.0000000000
 [46]  0.0000000000  0.0000000000  0.0000000000 -0.1099066477  0.0000000000
 [51]  0.0000000000  0.0000000000  0.0000000000  0.0000000000  0.0000000000
 [56]  0.0000000000  0.0000000000  0.0000000000  0.0000000000  0.0000000000
 [61]  0.0000000000  0.0000000000  0.0000000000  0.0000000000  0.0000000000
 [66]  0.0000000000  0.0000000000  0.0027335414  0.0000000000 -0.0024432571
 [71]  0.0810725763  0.0000000000  0.0000000000  0.0000000000 -0.0453176378
 [76]  0.0000000000  0.0000000000 -0.0060081010  0.0000000000  0.0000000000
 [81]  0.0000000000  0.0000000000  0.0000000000 -0.0393739101 -0.0590104222
 [86]  0.0199045090  0.0000000000  0.0000000000  0.0000000000  0.0000000000
 [91]  0.0000000000  0.0000000000  0.0839112639  0.0000000000  0.0000000000
 [96]  0.0000000000  0.0000000000  0.0000000000  0.0000000000  0.0000000000
[101]  0.0000000000  0.0000000000 -0.0913226714 -0.0034579809  0.0028553447
[106] -0.0002389642  0.0000000000  0.0000000000  0.0000000000  0.0000000000
[111]  0.0001106530  0.0000000000  0.0000000000  0.0000000000  0.0000000000
[116]  0.0000000000  0.0000000000  0.0000000000  0.0000000000  0.0000000000
[121]  0.0000000000  0.0000000000  0.0000000000  0.0000000000  0.0000000000
[126]  0.0000000000  0.0000000000  0.0000000000  0.0000000000  0.0000000000
[131]  0.0000000000  0.0000000000  0.0000000000 -0.1187798099  0.0000000000
[136]  0.0000000000  0.0000000000  0.0000000000  0.0000000000  0.0000000000
[141]  0.0000000000  0.0000000000 -0.0810511131  0.0000000000  0.0000000000
[146]  0.0386889199  0.0000000000  0.0000000000 -0.0521358865  0.0000000000
[151]  0.0000000000  0.0064922454  0.0000000000  0.0000000000  0.0000000000
[156]  0.0000000000  0.0000000000  0.0000000000  0.0000000000  0.0000000000
[161]  0.0000000000  0.0000000000  0.0000000000  0.0000000000  0.0000000000
[166]  0.0000000000  0.0000000000  0.1598469633  0.0000000000  0.0000000000
[171]  0.0000000000  0.0000000000  0.0000000000  0.0000000000  0.0000000000
[176]  0.0000000000  0.0000000000  0.0000000000  0.0000000000  0.0000000000
[181]  0.0000000000  0.0000000000  0.0000000000  0.0000000000 -0.0000298258
[186]  0.0000000000  0.0000000000  0.0000000000  0.0000000000  0.0000000000
[191]  0.0000000000  0.0000000000  0.0000000000  0.0000000000  0.0000000000
[196]  0.0000000000  0.0000000000  0.0000000000  0.0000000000  0.0000000000
[201]  0.0000000000  0.0000000000  0.0000000000  0.0000000000  0.0000000000
[206]  0.0000000000
[1] "broken"
final values in 9th iteration
  [1]  3.743297e-01  1.626502e+00  4.867832e+00  2.935721e+00  1.607659e+00
  [6] -1.178807e-01  1.962905e-01  0.000000e+00  0.000000e+00  0.000000e+00
 [11]  0.000000e+00  0.000000e+00  0.000000e+00  0.000000e+00  0.000000e+00
 [16]  0.000000e+00  0.000000e+00  0.000000e+00  0.000000e+00  0.000000e+00
 [21]  0.000000e+00  0.000000e+00  0.000000e+00  0.000000e+00  0.000000e+00
 [26]  0.000000e+00  0.000000e+00  0.000000e+00  0.000000e+00  0.000000e+00
 [31]  0.000000e+00  0.000000e+00  0.000000e+00  0.000000e+00  0.000000e+00
 [36]  0.000000e+00  0.000000e+00  0.000000e+00  0.000000e+00  0.000000e+00
 [41]  1.167132e-01  0.000000e+00  0.000000e+00  0.000000e+00  0.000000e+00
 [46]  0.000000e+00  0.000000e+00  0.000000e+00 -9.767019e-02  0.000000e+00
 [51]  0.000000e+00  0.000000e+00  0.000000e+00  0.000000e+00  0.000000e+00
 [56]  0.000000e+00 -3.879769e-02  0.000000e+00  0.000000e+00  0.000000e+00
 [61]  0.000000e+00  0.000000e+00  0.000000e+00  0.000000e+00  0.000000e+00
 [66]  0.000000e+00  0.000000e+00  0.000000e+00 -2.131926e-02  0.000000e+00
 [71]  0.000000e+00  0.000000e+00  0.000000e+00  0.000000e+00  0.000000e+00
 [76]  0.000000e+00  0.000000e+00  0.000000e+00  0.000000e+00  0.000000e+00
 [81]  0.000000e+00  0.000000e+00  0.000000e+00  0.000000e+00  0.000000e+00
 [86] -1.587804e-01  0.000000e+00  0.000000e+00  0.000000e+00  0.000000e+00
 [91]  0.000000e+00  0.000000e+00  0.000000e+00  0.000000e+00 -1.291327e-01
 [96]  0.000000e+00 -1.233720e-01  0.000000e+00  0.000000e+00  0.000000e+00
[101]  0.000000e+00  0.000000e+00  9.113153e-02  0.000000e+00  0.000000e+00
[106]  0.000000e+00  0.000000e+00  0.000000e+00  8.539309e-03  0.000000e+00
[111]  0.000000e+00  0.000000e+00  0.000000e+00  0.000000e+00  0.000000e+00
[116]  0.000000e+00  0.000000e+00  0.000000e+00  0.000000e+00  0.000000e+00
[121] -2.922381e-02  0.000000e+00  0.000000e+00  0.000000e+00  0.000000e+00
[126]  1.060865e-02  0.000000e+00 -8.467880e-03  3.498100e-02  0.000000e+00
[131]  0.000000e+00  0.000000e+00  0.000000e+00  0.000000e+00  0.000000e+00
[136]  0.000000e+00  0.000000e+00  0.000000e+00  0.000000e+00  0.000000e+00
[141]  0.000000e+00  0.000000e+00  0.000000e+00 -3.293453e-02 -9.232646e-03
[146]  0.000000e+00  0.000000e+00  0.000000e+00  0.000000e+00  0.000000e+00
[151]  0.000000e+00  0.000000e+00  0.000000e+00  0.000000e+00  0.000000e+00
[156]  0.000000e+00  0.000000e+00  0.000000e+00  0.000000e+00  0.000000e+00
[161]  0.000000e+00  0.000000e+00  0.000000e+00  0.000000e+00  0.000000e+00
[166] -8.022214e-02  0.000000e+00  7.837089e-05  0.000000e+00  0.000000e+00
[171]  0.000000e+00 -9.015955e-02  0.000000e+00  0.000000e+00  0.000000e+00
[176]  0.000000e+00  0.000000e+00  0.000000e+00  0.000000e+00  0.000000e+00
[181]  0.000000e+00  0.000000e+00  0.000000e+00  0.000000e+00  0.000000e+00
[186]  0.000000e+00 -7.342250e-02  0.000000e+00  0.000000e+00  0.000000e+00
[191]  0.000000e+00  0.000000e+00  0.000000e+00  0.000000e+00 -2.276810e-02
[196]  0.000000e+00  0.000000e+00  0.000000e+00  0.000000e+00  0.000000e+00
[201]  0.000000e+00  0.000000e+00  1.286246e-01  0.000000e+00  0.000000e+00
[206]  0.000000e+00
[1] "broken"
final values in 10th iteration
  [1]  8.074158e-01  1.424881e+00  5.014233e+00  2.633968e+00  1.921476e+00
  [6] -2.564688e-01 -3.911072e-02  0.000000e+00  0.000000e+00  0.000000e+00
 [11]  0.000000e+00  0.000000e+00  0.000000e+00  0.000000e+00  0.000000e+00
 [16]  8.262040e-05  0.000000e+00  0.000000e+00  0.000000e+00  0.000000e+00
 [21]  0.000000e+00  0.000000e+00  0.000000e+00  0.000000e+00  0.000000e+00
 [26]  0.000000e+00  0.000000e+00  0.000000e+00  0.000000e+00  2.038377e-02
 [31]  0.000000e+00  1.835591e-02  0.000000e+00  0.000000e+00  0.000000e+00
 [36]  0.000000e+00  0.000000e+00  0.000000e+00  0.000000e+00  0.000000e+00
 [41]  0.000000e+00  0.000000e+00  0.000000e+00  0.000000e+00  0.000000e+00
 [46]  0.000000e+00  0.000000e+00  0.000000e+00  0.000000e+00  0.000000e+00
 [51] -1.310137e-04  0.000000e+00  0.000000e+00  0.000000e+00  0.000000e+00
 [56]  0.000000e+00  0.000000e+00  0.000000e+00  0.000000e+00  0.000000e+00
 [61]  0.000000e+00  0.000000e+00  4.798355e-04 -3.920788e-02  0.000000e+00
 [66]  0.000000e+00  0.000000e+00  0.000000e+00  0.000000e+00  0.000000e+00
 [71]  0.000000e+00  0.000000e+00  0.000000e+00  0.000000e+00  0.000000e+00
 [76]  0.000000e+00  0.000000e+00  0.000000e+00  0.000000e+00  6.796294e-03
 [81]  0.000000e+00  0.000000e+00  0.000000e+00  0.000000e+00  0.000000e+00
 [86]  0.000000e+00  4.806032e-03  0.000000e+00  0.000000e+00  0.000000e+00
 [91]  0.000000e+00  0.000000e+00  0.000000e+00  0.000000e+00  0.000000e+00
 [96]  0.000000e+00  0.000000e+00  0.000000e+00  0.000000e+00  0.000000e+00
[101] -1.259108e-01  0.000000e+00  0.000000e+00  0.000000e+00  0.000000e+00
[106]  0.000000e+00  0.000000e+00  0.000000e+00 -2.438711e-02  0.000000e+00
[111]  0.000000e+00  0.000000e+00  0.000000e+00  0.000000e+00  0.000000e+00
[116]  0.000000e+00  0.000000e+00  0.000000e+00  0.000000e+00  0.000000e+00
[121]  0.000000e+00  2.232668e-02  0.000000e+00  0.000000e+00  0.000000e+00
[126]  0.000000e+00  0.000000e+00 -1.898256e-02  0.000000e+00  0.000000e+00
[131]  0.000000e+00  0.000000e+00  0.000000e+00  0.000000e+00  0.000000e+00
[136]  0.000000e+00  0.000000e+00  0.000000e+00  0.000000e+00  0.000000e+00
[141]  0.000000e+00  6.116190e-06  0.000000e+00  0.000000e+00  0.000000e+00
[146]  0.000000e+00  0.000000e+00  0.000000e+00  0.000000e+00  0.000000e+00
[151]  0.000000e+00  0.000000e+00  0.000000e+00  0.000000e+00  0.000000e+00
[156]  0.000000e+00 -6.416755e-04  0.000000e+00  0.000000e+00  0.000000e+00
[161]  0.000000e+00 -2.328002e-02  0.000000e+00  0.000000e+00  0.000000e+00
[166]  0.000000e+00  0.000000e+00  0.000000e+00  0.000000e+00 -3.366533e-06
[171]  0.000000e+00  2.964607e-05  0.000000e+00 -1.175646e-01 -1.342403e-01
[176]  0.000000e+00  0.000000e+00  0.000000e+00  0.000000e+00  0.000000e+00
[181]  0.000000e+00  0.000000e+00  0.000000e+00  0.000000e+00  0.000000e+00
[186]  0.000000e+00  0.000000e+00  0.000000e+00  0.000000e+00  0.000000e+00
[191]  0.000000e+00  0.000000e+00  0.000000e+00  0.000000e+00  0.000000e+00
[196]  0.000000e+00  0.000000e+00  0.000000e+00  0.000000e+00  0.000000e+00
[201]  0.000000e+00  0.000000e+00  0.000000e+00  0.000000e+00  0.000000e+00
[206]  0.000000e+00
           [,1]      [,2]     [,3]     [,4]     [,5]        [,6]          [,7]
 [1,] 0.3957211 0.6372327 4.975285 2.472728 1.559352 -0.14165987  0.0000000000
 [2,] 1.2081640 1.1153500 4.556024 2.651931 1.574527 -0.23555958 -0.0006499847
 [3,] 0.3086945 0.5059237 4.395379 2.629773 1.449677 -0.31889506  0.0000000000
 [4,] 0.3216356 1.4099377 4.706634 2.503739 1.599525 -0.36378046  0.0000000000
 [5,] 0.4231510 1.1031808 5.013834 2.676217 1.565457  0.00000000  0.0000000000
 [6,] 0.4206999 1.3381844 5.032200 2.668453 1.512837 -0.31659872  0.0000000000
 [7,] 0.8842060 1.5374453 5.000087 2.403254 1.345168 -0.02127972  0.0000000000
 [8,] 0.4377267 1.1872677 4.861778 2.764077 1.819571 -0.33564531  0.0000000000
 [9,] 0.3743297 1.6265019 4.867832 2.935721 1.607659 -0.11788068  0.1962904550
[10,] 0.8074158 1.4248807 5.014233 2.633968 1.921476 -0.25646878 -0.0391107182
               [,8]         [,9]       [,10]      [,11]      [,12]      [,13]
 [1,]  0.0420543695  0.000000000  0.00000000 0.00000000 0.00000000 0.00000000
 [2,]  0.0000000000  0.000000000  0.00000000 0.00000000 0.00000000 0.00000000
 [3,] -0.0003621818  0.000000000 -0.05605129 0.00000000 0.03567529 0.00000000
 [4,]  0.0000000000  0.000000000  0.00000000 0.01471878 0.23501229 0.00000000
 [5,]  0.0000000000  0.024323794  0.02846682 0.00000000 0.00000000 0.00000000
 [6,]  0.0000000000  0.000000000  0.00000000 0.00000000 0.00000000 0.00000000
 [7,] -0.1041036430 -0.001201426  0.00000000 0.00000000 0.00000000 0.02218502
 [8,]  0.0668231187  0.000000000  0.00000000 0.00000000 0.00000000 0.00000000
 [9,]  0.0000000000  0.000000000  0.00000000 0.00000000 0.00000000 0.00000000
[10,]  0.0000000000  0.000000000  0.00000000 0.00000000 0.00000000 0.00000000
            [,14] [,15]         [,16]       [,17]       [,18] [,19]       [,20]
 [1,] 0.009642064     0  0.0000000000 0.000000000 -0.03574819     0 0.000000000
 [2,] 0.000000000     0  0.0000000000 0.004960836  0.00000000     0 0.000000000
 [3,] 0.000000000     0 -0.0042816504 0.000000000  0.00000000     0 0.000000000
 [4,] 0.100066897     0  0.0000000000 0.000000000  0.00000000     0 0.000000000
 [5,] 0.000000000     0 -0.0087059774 0.000000000  0.00000000     0 0.000000000
 [6,] 0.000000000     0  0.0000000000 0.078310399  0.00000000     0 0.000000000
 [7,] 0.000000000     0  0.0000000000 0.000000000  0.00000000     0 0.001011251
 [8,] 0.000000000     0  0.0001047473 0.000000000  0.00000000     0 0.000000000
 [9,] 0.000000000     0  0.0000000000 0.000000000  0.00000000     0 0.000000000
[10,] 0.000000000     0  0.0000826204 0.000000000  0.00000000     0 0.000000000
             [,21]       [,22]         [,23] [,24]       [,25]        [,26]
 [1,]  0.000000000  0.00000000  0.0000000000     0  0.00000000  0.000000000
 [2,] -0.007160447  0.00000000 -0.0098068752     0  0.00000000 -0.034787761
 [3,]  0.010492212 -0.10449108  0.0623313839     0  0.00000000  0.001221678
 [4,]  0.000000000  0.00000000  0.0002317739     0  0.00000000  0.000000000
 [5,]  0.000000000  0.00000000  0.0000000000     0  0.01917472  0.002401516
 [6,] -0.149362707  0.00000000  0.0000000000     0 -0.03978145  0.000000000
 [7,]  0.000498630 -0.21624769  0.0000000000     0  0.00000000  0.000000000
 [8,] -0.001841782 -0.02020634 -0.0720271552     0  0.00000000  0.000000000
 [9,]  0.000000000  0.00000000  0.0000000000     0  0.00000000  0.000000000
[10,]  0.000000000  0.00000000  0.0000000000     0  0.00000000  0.000000000
            [,27]       [,28]        [,29]         [,30]         [,31]
 [1,] 0.000000000  0.00000000 0.0008396238  0.0000000000  0.000000e+00
 [2,] 0.003167295  0.00000000 0.0005962387 -0.0001201816  0.000000e+00
 [3,] 0.000000000  0.00000000 0.0000000000  0.0000000000  0.000000e+00
 [4,] 0.000000000  0.00000000 0.0000000000  0.0000000000  0.000000e+00
 [5,] 0.053429758  0.03969315 0.0000000000  0.0000000000  0.000000e+00
 [6,] 0.000000000  0.00000000 0.0000000000 -0.0250925447  0.000000e+00
 [7,] 0.000000000  0.00000000 0.0464264932  0.0000000000 -8.356556e-05
 [8,] 0.151711322 -0.08693896 0.0000000000  0.0000000000  0.000000e+00
 [9,] 0.000000000  0.00000000 0.0000000000  0.0000000000  0.000000e+00
[10,] 0.000000000  0.00000000 0.0000000000  0.0203837676  0.000000e+00
            [,32]       [,33]      [,34]         [,35]        [,36]     [,37]
 [1,]  0.00000000 0.000000000 0.00000000  0.0000000000 0.000000e+00 0.0000000
 [2,]  0.00000000 0.000000000 0.00000000  0.0001367287 0.000000e+00 0.0000000
 [3,] -0.08169720 0.000000000 0.00000000  0.0000000000 0.000000e+00 0.0000000
 [4,]  0.00000000 0.000000000 0.00000000  0.0000000000 8.414597e-05 0.1224661
 [5,]  0.00000000 0.000000000 0.00000000  0.0000000000 0.000000e+00 0.0000000
 [6,]  0.00000000 0.000000000 0.00000000 -0.0511441253 0.000000e+00 0.0000000
 [7,]  0.00000000 0.000000000 0.00000000  0.0000000000 1.622075e-03 0.0000000
 [8,]  0.00000000 0.005826302 0.03153201  0.0000000000 0.000000e+00 0.0000000
 [9,]  0.00000000 0.000000000 0.00000000  0.0000000000 0.000000e+00 0.0000000
[10,]  0.01835591 0.000000000 0.00000000  0.0000000000 0.000000e+00 0.0000000
      [,38]        [,39]      [,40]        [,41]      [,42]        [,43]
 [1,]     0  0.000000000  0.0000000 0.000000e+00 0.00000000 0.0151664245
 [2,]     0  0.000000000  0.0000000 0.000000e+00 0.00000000 0.0000000000
 [3,]     0 -0.001413473  0.0000000 3.859482e-06 0.05971497 0.0000000000
 [4,]     0  0.000000000  0.0000000 0.000000e+00 0.00000000 0.0000000000
 [5,]     0  0.000000000  0.0000000 0.000000e+00 0.00000000 0.0000000000
 [6,]     0  0.000000000  0.0000000 0.000000e+00 0.00000000 0.0000000000
 [7,]     0  0.000000000 -0.1040046 0.000000e+00 0.00000000 0.0006223699
 [8,]     0  0.000000000  0.0000000 0.000000e+00 0.00000000 0.0000000000
 [9,]     0  0.000000000  0.0000000 1.167132e-01 0.00000000 0.0000000000
[10,]     0  0.000000000  0.0000000 0.000000e+00 0.00000000 0.0000000000
              [,44]       [,45]         [,46] [,47]         [,48]         [,49]
 [1,]  0.000000e+00  0.00000000 -0.0006116186     0  0.000000e+00 -5.019798e-05
 [2,]  4.150983e-03  0.00000000 -0.0008772807     0  0.000000e+00  1.296491e-04
 [3,]  0.000000e+00  0.00000000  0.0000000000     0  0.000000e+00  0.000000e+00
 [4,]  4.391823e-03 -0.01254405  0.0000000000     0 -1.560144e-08  0.000000e+00
 [5,]  9.734750e-02  0.00000000  0.0000000000     0  0.000000e+00  0.000000e+00
 [6,]  3.220008e-05  0.00000000  0.0000000000     0  0.000000e+00  0.000000e+00
 [7,] -2.143832e-02  0.00000000  0.0013210585     0  3.477810e-04  0.000000e+00
 [8,] -6.000381e-02  0.00000000  0.0000000000     0  0.000000e+00 -1.099066e-01
 [9,]  0.000000e+00  0.00000000  0.0000000000     0  0.000000e+00 -9.767019e-02
[10,]  0.000000e+00  0.00000000  0.0000000000     0  0.000000e+00  0.000000e+00
             [,50]         [,51] [,52] [,53]        [,54]        [,55] [,56]
 [1,] 0.0005662771  0.0000000000     0     0 0.0000000000  0.000000000     0
 [2,] 0.0000000000  0.0000000000     0     0 0.0000000000  0.000000000     0
 [3,] 0.0000000000  0.0000000000     0     0 0.0000000000  0.000000000     0
 [4,] 0.0000000000  0.0000000000     0     0 0.0000000000  0.007448738     0
 [5,] 0.0000000000 -0.0702204094     0     0 0.0000000000 -0.006376090     0
 [6,] 0.0000000000 -0.2988326061     0     0 0.0000000000 -0.011996937     0
 [7,] 0.0000000000  0.0000000000     0     0 0.0006964826  0.000000000     0
 [8,] 0.0000000000  0.0000000000     0     0 0.0000000000  0.000000000     0
 [9,] 0.0000000000  0.0000000000     0     0 0.0000000000  0.000000000     0
[10,] 0.0000000000 -0.0001310137     0     0 0.0000000000  0.000000000     0
              [,57] [,58]        [,59] [,60]        [,61]      [,62]
 [1,] -4.877298e-05     0  0.002102828     0 1.946328e-05  0.0000000
 [2,]  0.000000e+00     0  0.000000000     0 0.000000e+00  0.0000000
 [3,]  0.000000e+00     0  0.000000000     0 0.000000e+00 -0.1090746
 [4,]  0.000000e+00     0  0.000000000     0 0.000000e+00  0.0000000
 [5,]  0.000000e+00     0  0.000000000     0 0.000000e+00  0.0000000
 [6,]  0.000000e+00     0  0.000000000     0 0.000000e+00 -0.1679891
 [7,]  0.000000e+00     0 -0.044177240     0 0.000000e+00  0.0000000
 [8,]  0.000000e+00     0  0.000000000     0 0.000000e+00  0.0000000
 [9,] -3.879769e-02     0  0.000000000     0 0.000000e+00  0.0000000
[10,]  0.000000e+00     0  0.000000000     0 0.000000e+00  0.0000000
             [,63]       [,64]       [,65]         [,66] [,67]        [,68]
 [1,] 0.0000000000  0.00000000  0.00000000  0.0000000000     0  0.000000000
 [2,] 0.0000000000  0.00000000  0.00000000  0.0000000000     0  0.000000000
 [3,] 0.0000000000  0.00000000  0.00000000  0.0000000000     0  0.000000000
 [4,] 0.0000000000  0.00000000  0.00000000 -0.0003842944     0 -0.061066623
 [5,] 0.0000000000  0.00000000  0.00000000  0.0000000000     0  0.000000000
 [6,] 0.1279816619  0.00000000  0.00000000  0.0000000000     0  0.000000000
 [7,] 0.0000000000  0.00000000 -0.03041618 -0.0000922567     0  0.000000000
 [8,] 0.0000000000  0.00000000  0.00000000  0.0000000000     0  0.002733541
 [9,] 0.0000000000  0.00000000  0.00000000  0.0000000000     0  0.000000000
[10,] 0.0004798355 -0.03920788  0.00000000  0.0000000000     0  0.000000000
            [,69]        [,70]       [,71] [,72]         [,73]      [,74]
 [1,]  0.00000000  0.000000000 0.000000000     0 -4.834079e-06  0.0000000
 [2,]  0.00000000  0.055949474 0.000000000     0  1.246205e-04  0.0000000
 [3,]  0.00000000 -0.065810505 0.000000000     0  0.000000e+00 -0.1381253
 [4,]  0.00000000  0.000000000 0.000000000     0  0.000000e+00  0.0000000
 [5,]  0.00000000  0.000000000 0.217030251     0  0.000000e+00  0.0000000
 [6,]  0.00000000  0.000000000 0.006444371     0  0.000000e+00  0.0000000
 [7,]  0.00000000  0.000000000 0.000000000     0  0.000000e+00  0.0000000
 [8,]  0.00000000 -0.002443257 0.081072576     0  0.000000e+00  0.0000000
 [9,] -0.02131926  0.000000000 0.000000000     0  0.000000e+00  0.0000000
[10,]  0.00000000  0.000000000 0.000000000     0  0.000000e+00  0.0000000
            [,75]         [,76] [,77]        [,78]       [,79]        [,80]
 [1,]  0.05169205  0.0000000000     0  0.000000000 0.000000000  0.000000000
 [2,]  0.00000000  0.0000000000     0  0.000000000 0.002839831  0.000000000
 [3,]  0.00000000  0.1226062611     0  0.000000000 0.000000000  0.000000000
 [4,]  0.00000000  0.0000000000     0  0.000000000 0.077751724 -0.022449873
 [5,]  0.00000000 -0.2527098736     0  0.000000000 0.000000000  0.000000000
 [6,]  0.00000000  0.0000000000     0  0.000000000 0.000000000  0.000000000
 [7,]  0.00000000 -0.0001023298     0 -0.002875862 0.000000000 -0.003584880
 [8,] -0.04531764  0.0000000000     0 -0.006008101 0.000000000  0.000000000
 [9,]  0.00000000  0.0000000000     0  0.000000000 0.000000000  0.000000000
[10,]  0.00000000  0.0000000000     0  0.000000000 0.000000000  0.006796294
          [,81]         [,82]       [,83]        [,84]       [,85]       [,86]
 [1,] 0.0000000  0.000000e+00 0.001717626  0.000000000  0.00000000  0.00000000
 [2,] 0.1726444  0.000000e+00 0.000000000  0.000000000  0.00000000  0.00000000
 [3,] 0.0000000  0.000000e+00 0.000000000  0.000000000  0.00000000  0.00000000
 [4,] 0.0000000 -6.765985e-05 0.000000000  0.000000000  0.00000000  0.00000000
 [5,] 0.0000000  0.000000e+00 0.142201836  0.000000000  0.00000000  0.00000000
 [6,] 0.0000000  0.000000e+00 0.000000000  0.000000000  0.00000000  0.00000000
 [7,] 0.0000000  0.000000e+00 0.000000000  0.003693889 -0.02983172  0.00000000
 [8,] 0.0000000  0.000000e+00 0.000000000 -0.039373910 -0.05901042  0.01990451
 [9,] 0.0000000  0.000000e+00 0.000000000  0.000000000  0.00000000 -0.15878041
[10,] 0.0000000  0.000000e+00 0.000000000  0.000000000  0.00000000  0.00000000
            [,87]      [,88]       [,89]         [,90] [,91]       [,92]
 [1,] 0.000000000 0.00000000  0.00000000  0.000000e+00     0 0.003553165
 [2,] 0.000000000 0.00000000  0.00000000  3.776645e-05     0 0.000000000
 [3,] 0.000000000 0.00000000  0.00000000  0.000000e+00     0 0.000000000
 [4,] 0.000000000 0.00000000  0.00000000 -1.052364e-01     0 0.000000000
 [5,] 0.000000000 0.02492214  0.00000000  0.000000e+00     0 0.000000000
 [6,] 0.000000000 0.00000000 -0.01380133  0.000000e+00     0 0.000000000
 [7,] 0.079771672 0.00000000  0.00000000  0.000000e+00     0 0.000000000
 [8,] 0.000000000 0.00000000  0.00000000  0.000000e+00     0 0.000000000
 [9,] 0.000000000 0.00000000  0.00000000  0.000000e+00     0 0.000000000
[10,] 0.004806032 0.00000000  0.00000000  0.000000e+00     0 0.000000000
              [,93] [,94]       [,95]      [,96]     [,97]      [,98]
 [1,]  0.0000000000     0  0.00000000 -0.1191621  0.170048 0.00000000
 [2,]  0.0000000000     0  0.00000000  0.0000000  0.000000 0.00000000
 [3,]  0.0000000000     0  0.07843451  0.0000000  0.000000 0.00000000
 [4,]  0.0000000000     0  0.00000000  0.0000000  0.000000 0.00000000
 [5,]  0.0000000000     0  0.00000000  0.0000000  0.000000 0.00000000
 [6,] -0.0025129448     0  0.00000000  0.0000000  0.000000 0.01723884
 [7,]  0.0004557914     0  0.00000000  0.0000000  0.000000 0.00000000
 [8,]  0.0839112639     0  0.00000000  0.0000000  0.000000 0.00000000
 [9,]  0.0000000000     0 -0.12913266  0.0000000 -0.123372 0.00000000
[10,]  0.0000000000     0  0.00000000  0.0000000  0.000000 0.00000000
            [,99] [,100]        [,101] [,102]        [,103]       [,104]
 [1,]  0.00000000      0  0.0000000000      0 -0.0009835531  0.000000000
 [2,]  0.00000000      0 -0.0001052493      0 -0.0015919920  0.020481683
 [3,]  0.00000000      0  0.0000000000      0  0.0000000000  0.000000000
 [4,] -0.05122515      0  0.0000000000      0  0.0000000000  0.000000000
 [5,]  0.00000000      0  0.0000000000      0  0.0000000000  0.000000000
 [6,]  0.00000000      0  0.0000000000      0  0.0000000000  0.000000000
 [7,]  0.00000000      0  0.0000000000      0  0.0000000000  0.000000000
 [8,]  0.00000000      0  0.0000000000      0 -0.0913226714 -0.003457981
 [9,]  0.00000000      0  0.0000000000      0  0.0911315348  0.000000000
[10,]  0.00000000      0 -0.1259107793      0  0.0000000000  0.000000000
           [,105]        [,106]      [,107]       [,108]        [,109] [,110]
 [1,] 0.000000000  0.0000000000  0.00000000  0.000000000 -0.0007943468      0
 [2,] 0.000000000  0.0000000000  0.00000000 -0.000290439  0.0000000000      0
 [3,] 0.000000000  0.0000000000  0.00000000  0.000000000  0.0000000000      0
 [4,] 0.000000000  0.0000000000 -0.03666973  0.000000000  0.0000000000      0
 [5,] 0.024693214  0.0000000000  0.00000000  0.000000000  0.0000000000      0
 [6,] 0.000000000  0.0000000000  0.00000000  0.000000000  0.1369825986      0
 [7,] 0.000000000  0.0000000000  0.02625669  0.000000000  0.0000000000      0
 [8,] 0.002855345 -0.0002389642  0.00000000  0.000000000  0.0000000000      0
 [9,] 0.000000000  0.0000000000  0.00000000  0.000000000  0.0085393088      0
[10,] 0.000000000  0.0000000000  0.00000000  0.000000000 -0.0243871081      0
           [,111]      [,112]     [,113] [,114]      [,115] [,116]
 [1,] 0.000000000  0.00000000 0.00000000      0  0.08857406      0
 [2,] 0.000000000  0.00000000 0.00000000      0  0.00000000      0
 [3,] 0.000000000 -0.06112803 0.00000000      0 -0.24066341      0
 [4,] 0.000000000  0.00000000 0.00000000      0  0.00000000      0
 [5,] 0.006183493  0.00000000 0.00000000      0  0.00000000      0
 [6,] 0.000000000  0.00000000 0.02427056      0  0.00000000      0
 [7,] 0.000000000  0.00000000 0.00000000      0  0.00000000      0
 [8,] 0.000110653  0.00000000 0.00000000      0  0.00000000      0
 [9,] 0.000000000  0.00000000 0.00000000      0  0.00000000      0
[10,] 0.000000000  0.00000000 0.00000000      0  0.00000000      0
             [,117] [,118] [,119]       [,120]        [,121]     [,122]
 [1,]  0.000000e+00      0      0 0.0008843118  0.0000000000 0.00000000
 [2,] -2.096168e-04      0      0 0.0000000000  0.0000000000 0.00000000
 [3,] -4.247903e-05      0      0 0.1148578661  0.0000000000 0.00000000
 [4,]  0.000000e+00      0      0 0.0000000000 -0.0007283951 0.00000000
 [5,]  0.000000e+00      0      0 0.0000000000  0.0000000000 0.00000000
 [6,]  0.000000e+00      0      0 0.0000000000  0.0000000000 0.00000000
 [7,]  9.071674e-02      0      0 0.0000000000  0.0000000000 0.00000000
 [8,]  0.000000e+00      0      0 0.0000000000  0.0000000000 0.00000000
 [9,]  0.000000e+00      0      0 0.0000000000 -0.0292238105 0.00000000
[10,]  0.000000e+00      0      0 0.0000000000  0.0000000000 0.02232668
            [,123]        [,124]      [,125]     [,126]       [,127]
 [1,]  0.000000000  0.000000e+00 -0.05738939 0.00000000  0.000000000
 [2,]  0.000000000  3.968336e-05  0.00000000 0.00000000  0.000000000
 [3,]  0.003839665  0.000000e+00  0.00000000 0.00000000  0.000000000
 [4,] -0.028274715  0.000000e+00  0.00000000 0.00000000  0.153216615
 [5,]  0.000000000  0.000000e+00  0.00000000 0.00000000  0.000000000
 [6,]  0.000000000  0.000000e+00  0.00000000 0.00000000  0.000000000
 [7,]  0.000000000 -1.809855e-03  0.00000000 0.00000000 -0.003189923
 [8,]  0.000000000  0.000000e+00  0.00000000 0.00000000  0.000000000
 [9,]  0.000000000  0.000000e+00  0.00000000 0.01060865  0.000000000
[10,]  0.000000000  0.000000e+00  0.00000000 0.00000000  0.000000000
             [,128]        [,129] [,130]      [,131]      [,132] [,133]
 [1,]  0.0000000000  0.0076821548      0  0.00000000 0.000000000      0
 [2,]  0.0000000000 -0.0008333194      0  0.00000000 0.000000000      0
 [3,]  0.0001751128  0.0000000000      0  0.00000000 0.003239667      0
 [4,]  0.0000000000 -0.2030695623      0  0.00000000 0.000000000      0
 [5,]  0.0000000000  0.0000000000      0  0.00000000 0.000000000      0
 [6,]  0.0000000000  0.0000000000      0 -0.09642048 0.000000000      0
 [7,]  0.0001825659  0.0000000000      0  0.00000000 0.000000000      0
 [8,]  0.0000000000  0.0000000000      0  0.00000000 0.000000000      0
 [9,] -0.0084678798  0.0349810020      0  0.00000000 0.000000000      0
[10,] -0.0189825558  0.0000000000      0  0.00000000 0.000000000      0
            [,134]        [,135] [,136]      [,137]     [,138]        [,139]
 [1,] -0.003899099 -0.0003828909      0 -0.02663217 0.00000000  0.000000e+00
 [2,]  0.000000000  0.0000000000      0  0.00000000 0.00000000 -8.156441e-05
 [3,]  0.000000000  0.0000000000      0  0.00000000 0.04858274  0.000000e+00
 [4,]  0.000000000  0.0000000000      0  0.00000000 0.00000000  0.000000e+00
 [5,]  0.000000000  0.0000000000      0  0.00000000 0.00000000  0.000000e+00
 [6,]  0.000000000  0.0000000000      0 -0.01077238 0.00000000  0.000000e+00
 [7,]  0.001930520 -0.0031629836      0  0.00000000 0.00000000  0.000000e+00
 [8,] -0.118779810  0.0000000000      0  0.00000000 0.00000000  0.000000e+00
 [9,]  0.000000000  0.0000000000      0  0.00000000 0.00000000  0.000000e+00
[10,]  0.000000000  0.0000000000      0  0.00000000 0.00000000  0.000000e+00
            [,140]       [,141]        [,142]      [,143]        [,144]
 [1,] 0.000000e+00 0.0000000000  0.000000e+00  0.00000000  0.0000000000
 [2,] 0.000000e+00 0.0005079955  0.000000e+00  0.00000000  0.0000000000
 [3,] 0.000000e+00 0.0000000000  0.000000e+00  0.00000000  0.0000000000
 [4,] 0.000000e+00 0.0000000000  0.000000e+00  0.00000000  0.0069830596
 [5,] 0.000000e+00 0.0000000000  0.000000e+00  0.00000000  0.0000000000
 [6,] 0.000000e+00 0.0000000000  0.000000e+00  0.00000000  0.0000000000
 [7,] 9.852285e-05 0.0000000000 -5.415204e-05  0.00000000 -0.0004678067
 [8,] 0.000000e+00 0.0000000000  0.000000e+00 -0.08105111  0.0000000000
 [9,] 0.000000e+00 0.0000000000  0.000000e+00  0.00000000 -0.0329345336
[10,] 0.000000e+00 0.0000000000  6.116190e-06  0.00000000  0.0000000000
            [,145]     [,146]      [,147]        [,148]      [,149]      [,150]
 [1,]  0.000000000 0.00000000  0.00000000 -0.0276253029  0.00000000  0.00000000
 [2,]  0.000000000 0.00000000  0.00000000  0.0000000000  0.00361741  0.00000000
 [3,]  0.000000000 0.00000000  0.00000000  0.0000000000  0.00000000  0.00000000
 [4,]  0.000000000 0.00000000  0.00000000  0.0000000000  0.00000000 -0.02190059
 [5,]  0.000000000 0.00000000  0.00000000 -0.0156303663  0.00000000  0.00000000
 [6,]  0.000000000 0.00000000 -0.02027322  0.0004426386  0.00000000  0.00000000
 [7,]  0.000000000 0.00000000  0.00000000  0.0000000000  0.00000000 -0.02984260
 [8,]  0.000000000 0.03868892  0.00000000  0.0000000000 -0.05213589  0.00000000
 [9,] -0.009232646 0.00000000  0.00000000  0.0000000000  0.00000000  0.00000000
[10,]  0.000000000 0.00000000  0.00000000  0.0000000000  0.00000000  0.00000000
          [,151]      [,152] [,153] [,154]       [,155]        [,156]
 [1,] 0.00000000 0.000000000      0      0  0.000000000 -0.0002677575
 [2,] 0.00000000 0.000000000      0      0  0.000000000  0.0000000000
 [3,] 0.01088543 0.000000000      0      0  0.000000000  0.0000000000
 [4,] 0.00000000 0.000000000      0      0  0.000000000  0.0000000000
 [5,] 0.00000000 0.060920641      0      0  0.000000000  0.0003093198
 [6,] 0.00000000 0.010780356      0      0  0.057106364  0.0000000000
 [7,] 0.00000000 0.000000000      0      0 -0.008837958  0.0000000000
 [8,] 0.00000000 0.006492245      0      0  0.000000000  0.0000000000
 [9,] 0.00000000 0.000000000      0      0  0.000000000  0.0000000000
[10,] 0.00000000 0.000000000      0      0  0.000000000  0.0000000000
             [,157]     [,158]        [,159]        [,160] [,161]      [,162]
 [1,]  0.0000000000 0.00000000 -0.1085676765  0.000000e+00      0  0.00000000
 [2,]  0.0000000000 0.06210099  0.0000000000 -3.485704e-05      0  0.00000000
 [3,]  0.0000000000 0.00000000  0.0000000000  0.000000e+00      0  0.00000000
 [4,]  0.0000000000 0.00000000  0.0000000000  0.000000e+00      0  0.00000000
 [5,]  0.0000000000 0.00000000  0.0000000000  0.000000e+00      0  0.00000000
 [6,]  0.0000000000 0.00000000  0.0000000000  0.000000e+00      0  0.00000000
 [7,]  0.0000000000 0.00000000  0.0007341049  7.467654e-03      0  0.00000000
 [8,]  0.0000000000 0.00000000  0.0000000000  0.000000e+00      0  0.00000000
 [9,]  0.0000000000 0.00000000  0.0000000000  0.000000e+00      0  0.00000000
[10,] -0.0006416755 0.00000000  0.0000000000  0.000000e+00      0 -0.02328002
      [,163]        [,164]       [,165]      [,166]      [,167]       [,168]
 [1,]      0 -6.510002e-02  0.000000000  0.00000000  0.00000000 0.000000e+00
 [2,]      0  0.000000e+00 -0.001001362  0.00000000  0.00000000 0.000000e+00
 [3,]      0 -2.063253e-02  0.000000000  0.00000000 -0.05616323 0.000000e+00
 [4,]      0  0.000000e+00  0.000000000  0.00000000  0.00000000 0.000000e+00
 [5,]      0 -8.937205e-05 -0.020153431  0.00000000  0.00000000 0.000000e+00
 [6,]      0  0.000000e+00  0.000000000  0.00000000  0.00000000 4.504682e-03
 [7,]      0  0.000000e+00  0.000000000  0.00000000  0.00000000 0.000000e+00
 [8,]      0  0.000000e+00  0.000000000  0.00000000  0.00000000 1.598470e-01
 [9,]      0  0.000000e+00  0.000000000 -0.08022214  0.00000000 7.837089e-05
[10,]      0  0.000000e+00  0.000000000  0.00000000  0.00000000 0.000000e+00
          [,169]        [,170] [,171]        [,172]       [,173]       [,174]
 [1,] 0.01083683  0.000000e+00      0  0.000000e+00  0.000000000  0.000000000
 [2,] 0.00000000  0.000000e+00      0  0.000000e+00  0.000000000  0.000000000
 [3,] 0.00000000  3.558099e-02      0  0.000000e+00  0.023265551  0.000488499
 [4,] 0.00000000  0.000000e+00      0  0.000000e+00 -0.176934851  0.000000000
 [5,] 0.00000000  0.000000e+00      0  0.000000e+00  0.000000000  0.000000000
 [6,] 0.00000000  0.000000e+00      0  0.000000e+00  0.000000000  0.013188436
 [7,] 0.00000000  0.000000e+00      0  0.000000e+00  0.001982671  0.000000000
 [8,] 0.00000000  0.000000e+00      0  0.000000e+00  0.000000000  0.000000000
 [9,] 0.00000000  0.000000e+00      0 -9.015955e-02  0.000000000  0.000000000
[10,] 0.00000000 -3.366533e-06      0  2.964607e-05  0.000000000 -0.117564607
          [,175]       [,176]     [,177]    [,178] [,179] [,180]       [,181]
 [1,]  0.0000000 0.000000e+00 0.00000000 0.0000000      0      0 6.452936e-05
 [2,]  0.0000000 0.000000e+00 0.00089004 0.0000000      0      0 0.000000e+00
 [3,]  0.0000000 0.000000e+00 0.00000000 0.1175123      0      0 0.000000e+00
 [4,]  0.0000000 0.000000e+00 0.09266394 0.0000000      0      0 0.000000e+00
 [5,]  0.0000000 4.875819e-02 0.07283801 0.0000000      0      0 0.000000e+00
 [6,]  0.0000000 2.312687e-02 0.00000000 0.0000000      0      0 0.000000e+00
 [7,]  0.0000000 5.400968e-05 0.00000000 0.0000000      0      0 1.796153e-01
 [8,]  0.0000000 0.000000e+00 0.00000000 0.0000000      0      0 0.000000e+00
 [9,]  0.0000000 0.000000e+00 0.00000000 0.0000000      0      0 0.000000e+00
[10,] -0.1342403 0.000000e+00 0.00000000 0.0000000      0      0 0.000000e+00
      [,182]      [,183]        [,184]       [,185]     [,186]      [,187]
 [1,]      0  0.04852728  0.000000e+00  0.00000e+00 0.00000000  0.00000000
 [2,]      0  0.00000000  0.000000e+00  0.00000e+00 0.00000000  0.00000000
 [3,]      0  0.00000000 -3.633574e-05  0.00000e+00 0.00000000  0.00000000
 [4,]      0  0.00000000  0.000000e+00  0.00000e+00 0.03631999  0.00000000
 [5,]      0  0.00000000  0.000000e+00  0.00000e+00 0.00000000 -0.09471436
 [6,]      0  0.00000000 -1.830551e-04  0.00000e+00 0.00000000  0.00000000
 [7,]      0 -0.27966058  0.000000e+00  0.00000e+00 0.00000000  0.00000000
 [8,]      0  0.00000000  0.000000e+00 -2.98258e-05 0.00000000  0.00000000
 [9,]      0  0.00000000  0.000000e+00  0.00000e+00 0.00000000 -0.07342250
[10,]      0  0.00000000  0.000000e+00  0.00000e+00 0.00000000  0.00000000
      [,188]      [,189]        [,190]       [,191] [,192]     [,193] [,194]
 [1,]      0  0.00000000  0.0000000000  0.000000000      0 0.00487437      0
 [2,]      0  0.00000000  0.0000000000  0.000000000      0 0.00000000      0
 [3,]      0  0.15650843 -0.0001249180 -0.318365677      0 0.00000000      0
 [4,]      0  0.00000000  0.0008678631  0.000000000      0 0.00000000      0
 [5,]      0 -0.13511735  0.0000000000  0.000000000      0 0.00000000      0
 [6,]      0  0.07580624  0.0000000000  0.003198857      0 0.00000000      0
 [7,]      0  0.00000000  0.0000000000 -0.002248008      0 0.00000000      0
 [8,]      0  0.00000000  0.0000000000  0.000000000      0 0.00000000      0
 [9,]      0  0.00000000  0.0000000000  0.000000000      0 0.00000000      0
[10,]      0  0.00000000  0.0000000000  0.000000000      0 0.00000000      0
            [,195]       [,196]        [,197] [,198]     [,199]        [,200]
 [1,]  0.000000000  0.000000000 -0.0207679019      0 0.02527284  0.0000000000
 [2,]  0.000280547  0.000000000  0.0000000000      0 0.00000000 -0.0003315486
 [3,]  0.000000000  0.000000000  0.0000000000      0 0.00000000  0.0000000000
 [4,]  0.000000000 -0.016844650  0.0008001889      0 0.00000000  0.0000000000
 [5,]  0.000000000  0.000000000  0.0000000000      0 0.00000000  0.0000000000
 [6,]  0.000000000  0.000000000  0.0000000000      0 0.00000000  0.0000000000
 [7,]  0.000000000  0.003752647  0.0000000000      0 0.00000000  0.0000000000
 [8,]  0.000000000  0.000000000  0.0000000000      0 0.00000000  0.0000000000
 [9,] -0.022768101  0.000000000  0.0000000000      0 0.00000000  0.0000000000
[10,]  0.000000000  0.000000000  0.0000000000      0 0.00000000  0.0000000000
            [,201]       [,202]    [,203]     [,204] [,205]   [,206]
 [1,] 0.000000e+00 -0.163352215 0.0000000  0.0000000      0 0.000000
 [2,] 0.000000e+00  0.000000000 0.0000000  0.0000000      0 0.000000
 [3,] 0.000000e+00  0.000000000 0.0000000  0.0000000      0 0.000000
 [4,] 5.343809e-05 -0.005427479 0.0000000 -0.3065844      0 0.000000
 [5,] 0.000000e+00  0.000000000 0.0000000  0.0000000      0 0.136092
 [6,] 0.000000e+00  0.000000000 0.0000000  0.0000000      0 0.000000
 [7,] 0.000000e+00  0.000000000 0.0000000  0.0000000      0 0.000000
 [8,] 0.000000e+00  0.000000000 0.0000000  0.0000000      0 0.000000
 [9,] 0.000000e+00  0.000000000 0.1286246  0.0000000      0 0.000000
[10,] 0.000000e+00  0.000000000 0.0000000  0.0000000      0 0.000000
[1] "Mean"
  [1]  5.581744e-01  1.188590e+00  4.842329e+00  2.633986e+00  1.595525e+00
  [6] -2.107768e-01  1.565298e-02  4.411663e-04  2.312237e-03 -2.758447e-03
 [11]  1.471878e-03  2.706876e-02  2.218502e-03  1.097090e-02  0.000000e+00
 [16] -1.280026e-03  8.327124e-03 -3.574819e-03  0.000000e+00  1.011251e-04
 [21] -1.473741e-02 -3.409451e-02 -1.927087e-03  0.000000e+00 -2.060673e-03
 [26] -3.116457e-03  2.083084e-02 -4.724582e-03  4.786236e-03 -4.828959e-04
 [31] -8.356556e-06 -6.334129e-03  5.826302e-04  3.153201e-03 -5.100740e-03
 [36]  1.706221e-04  1.224661e-02  0.000000e+00 -1.413473e-04 -1.040046e-02
 [41]  1.167170e-02  5.971497e-03  1.578879e-03  2.448037e-03 -1.254405e-03
 [46] -1.678408e-05  0.000000e+00  3.477654e-05 -2.074974e-02  5.662771e-05
 [51] -3.691840e-02  0.000000e+00  0.000000e+00  6.964826e-05 -1.092429e-03
 [56]  0.000000e+00 -3.884646e-03  0.000000e+00 -4.207441e-03  0.000000e+00
 [61]  1.946328e-06 -2.770637e-02  1.284615e-02 -3.920788e-03 -3.041618e-03
 [66] -4.765511e-05  0.000000e+00 -5.833308e-03 -2.131926e-03 -1.230429e-03
 [71]  3.045472e-02  0.000000e+00  1.197864e-05 -1.381253e-02  6.374413e-04
 [76] -1.302059e-02  0.000000e+00 -8.883963e-04  8.059155e-03 -1.923846e-03
 [81]  1.726444e-02 -6.765985e-06  1.439195e-02 -3.568002e-03 -8.884215e-03
 [86] -1.388759e-02  8.457770e-03  2.492214e-03 -1.380133e-03 -1.051987e-02
 [91]  0.000000e+00  3.553165e-04  8.185411e-03  0.000000e+00 -5.069816e-03
 [96] -1.191621e-02  4.667600e-03  1.723884e-03 -5.122515e-03  0.000000e+00
[101] -1.260160e-02  0.000000e+00 -2.766682e-04  1.702370e-03  2.754856e-03
[106] -2.389642e-05 -1.041304e-03 -2.904390e-05  1.203405e-02  0.000000e+00
[111]  6.294146e-04 -6.112803e-03  2.427056e-03  0.000000e+00 -1.520894e-02
[116]  0.000000e+00  9.046464e-03  0.000000e+00  0.000000e+00  1.157422e-02
[121] -2.995221e-03  2.232668e-03 -2.443505e-03 -1.770172e-04 -5.738939e-03
[126]  1.060865e-03  1.500267e-02 -2.709276e-03 -1.612397e-02  0.000000e+00
[131] -9.642048e-03  3.239667e-04  0.000000e+00 -1.207484e-02 -3.545874e-04
[136]  0.000000e+00 -3.740455e-03  4.858274e-03 -8.156441e-06  9.852285e-06
[141]  5.079955e-05 -4.803585e-06 -8.105111e-03 -2.641928e-03 -9.232646e-04
[146]  3.868892e-03 -2.027322e-03 -4.281303e-03 -4.851848e-03 -5.174319e-03
[151]  1.088543e-03  7.819324e-03  0.000000e+00  0.000000e+00  4.826841e-03
[156]  4.156228e-06 -6.416755e-05  6.210099e-03 -1.078336e-02  7.432797e-04
[161]  0.000000e+00 -2.328002e-03  0.000000e+00 -8.582192e-03 -2.115479e-03
[166] -8.022214e-03 -5.616323e-03  1.644300e-02  1.083683e-03  3.557762e-03
[171]  0.000000e+00 -9.012991e-03 -1.516866e-02 -1.038877e-02 -1.342403e-02
[176]  7.193907e-03  1.663920e-02  1.175123e-02  0.000000e+00  0.000000e+00
[181]  1.796798e-02  0.000000e+00 -2.311333e-02 -2.193908e-05 -2.982580e-06
[186]  3.631999e-03 -1.681369e-02  0.000000e+00  9.719732e-03  7.429452e-05
[191] -3.174148e-02  0.000000e+00  4.874370e-04  0.000000e+00 -2.248755e-03
[196] -1.309200e-03 -1.996771e-03  0.000000e+00  2.527284e-03 -3.315486e-05
[201]  5.343809e-06 -1.687797e-02  1.286246e-02 -3.065844e-02  0.000000e+00
[206]  1.360920e-02
[1] "Variance"
  [1] 3.020161e-01 3.686857e-01 2.207961e-01 1.518350e-01 1.666816e-01
  [6] 1.326377e-01 6.464420e-02 4.355029e-02 7.743284e-03 2.075256e-02
 [11] 4.654486e-03 7.391912e-02 7.015520e-03 3.145146e-02 0.000000e+00
 [16] 2.939382e-03 2.463899e-02 1.130457e-02 0.000000e+00 3.197856e-04
 [21] 4.749539e-02 7.185277e-02 3.185419e-02 0.000000e+00 1.455934e-02
 [26] 1.115709e-02 4.892382e-02 3.146552e-02 1.463405e-02 1.076422e-02
 [31] 2.642575e-05 2.710096e-02 1.842438e-03 9.971298e-03 1.617805e-02
 [36] 5.106738e-04 3.872717e-02 0.000000e+00 4.469794e-04 3.288914e-02
 [41] 3.690781e-02 1.888353e-02 4.778182e-03 3.874874e-02 3.966777e-03
 [46] 5.662819e-04 0.000000e+00 1.099786e-04 4.386018e-02 1.790725e-04
 [51] 9.463507e-02 0.000000e+00 0.000000e+00 2.202471e-04 5.034666e-03
 [56] 0.000000e+00 1.226720e-02 0.000000e+00 1.405950e-02 0.000000e+00
 [61] 6.154830e-06 6.003811e-02 4.045478e-02 1.239862e-02 9.618441e-03
 [66] 1.217846e-04 0.000000e+00 1.942601e-02 6.741743e-03 2.877537e-02
 [71] 7.027053e-02 0.000000e+00 3.960745e-05 4.367907e-02 2.290486e-02
 [76] 9.261583e-02 0.000000e+00 2.013162e-03 2.450373e-02 7.645085e-03
 [81] 5.459495e-02 2.139592e-05 4.491106e-02 1.263436e-02 1.995236e-02
 [86] 5.129301e-02 2.510263e-02 7.881073e-03 4.364365e-03 3.328001e-02
 [91] 0.000000e+00 1.123609e-03 2.661999e-02 0.000000e+00 5.007792e-02
 [96] 3.768238e-02 6.985630e-02 5.451401e-03 1.619881e-02 0.000000e+00
[101] 3.981280e-02 0.000000e+00 4.300843e-02 6.687271e-03 7.760409e-03
[106] 7.556711e-05 1.499348e-02 9.184486e-05 4.470189e-02 0.000000e+00
[111] 1.951814e-03 1.933038e-02 7.675024e-03 0.000000e+00 8.396502e-02
[116] 0.000000e+00 2.869608e-02 0.000000e+00 0.000000e+00 3.629124e-02
[121] 9.218630e-03 7.060317e-03 9.156026e-03 5.738563e-04 1.814812e-02
[126] 3.354751e-03 4.857378e-02 6.313167e-03 6.660064e-02 0.000000e+00
[131] 3.049083e-02 1.024473e-03 0.000000e+00 3.751971e-02 9.940796e-04
[136] 0.000000e+00 8.726758e-03 1.536321e-02 2.579293e-05 3.115566e-05
[141] 1.606423e-04 1.744549e-05 2.563061e-02 1.087233e-02 2.919619e-03
[146] 1.223451e-02 6.410955e-03 9.570592e-03 1.665277e-02 1.106788e-02
[151] 3.442276e-03 1.902709e-02 0.000000e+00 0.000000e+00 1.857795e-02
[156] 1.363004e-04 2.029156e-04 1.963806e-02 3.435868e-02 2.362730e-03
[161] 0.000000e+00 7.361788e-03 0.000000e+00 2.088908e-02 6.345698e-03
[166] 2.536847e-02 1.776037e-02 5.040682e-02 3.426907e-03 1.125182e-02
[171] 0.000000e+00 2.851200e-02 5.730064e-02 3.788337e-02 4.245053e-02
[176] 1.631187e-02 3.515702e-02 3.716066e-02 0.000000e+00 0.000000e+00
[181] 5.679707e-02 0.000000e+00 9.142251e-02 5.775063e-05 9.431745e-06
[186] 1.148539e-02 3.579987e-02 0.000000e+00 7.268917e-02 2.815817e-04
[191] 1.007179e-01 0.000000e+00 1.541411e-03 0.000000e+00 7.210302e-03
[196] 5.584548e-03 6.600295e-03 0.000000e+00 7.991975e-03 1.048449e-04
[201] 1.689861e-05 5.149406e-02 4.067467e-02 9.695050e-02 0.000000e+00
[206] 4.303605e-02
[1] "Bias"
  [1] -0.62788371 -0.20760634 -0.03153429 -0.12200463 -0.20223758 -0.57844636
  [7]         Inf         Inf         Inf        -Inf         Inf         Inf
 [13]         Inf         Inf         NaN        -Inf         Inf        -Inf
 [19]         NaN         Inf        -Inf        -Inf        -Inf         NaN
 [25]        -Inf        -Inf         Inf        -Inf         Inf        -Inf
 [31]        -Inf        -Inf         Inf         Inf        -Inf         Inf
 [37]         Inf         NaN        -Inf        -Inf         Inf         Inf
 [43]         Inf         Inf        -Inf        -Inf         NaN         Inf
 [49]        -Inf         Inf        -Inf         NaN         NaN         Inf
 [55]        -Inf         NaN        -Inf         NaN        -Inf         NaN
 [61]         Inf        -Inf         Inf        -Inf        -Inf        -Inf
 [67]         NaN        -Inf        -Inf        -Inf         Inf         NaN
 [73]         Inf        -Inf         Inf        -Inf         NaN        -Inf
 [79]         Inf        -Inf         Inf        -Inf         Inf        -Inf
 [85]        -Inf        -Inf         Inf         Inf        -Inf        -Inf
 [91]         NaN         Inf         Inf         NaN        -Inf        -Inf
 [97]         Inf         Inf        -Inf         NaN        -Inf         NaN
[103]        -Inf         Inf         Inf        -Inf        -Inf        -Inf
[109]         Inf         NaN         Inf        -Inf         Inf         NaN
[115]        -Inf         NaN         Inf         NaN         NaN         Inf
[121]        -Inf         Inf        -Inf        -Inf        -Inf         Inf
[127]         Inf        -Inf        -Inf         NaN        -Inf         Inf
[133]         NaN        -Inf        -Inf         NaN        -Inf         Inf
[139]        -Inf         Inf         Inf        -Inf        -Inf        -Inf
[145]        -Inf         Inf        -Inf        -Inf        -Inf        -Inf
[151]         Inf         Inf         NaN         NaN         Inf         Inf
[157]        -Inf         Inf        -Inf         Inf         NaN        -Inf
[163]         NaN        -Inf        -Inf        -Inf        -Inf         Inf
[169]         Inf         Inf         NaN        -Inf        -Inf        -Inf
[175]        -Inf         Inf         Inf         Inf         NaN         NaN
[181]         Inf         NaN        -Inf        -Inf        -Inf         Inf
[187]        -Inf         NaN         Inf         Inf        -Inf         NaN
[193]         Inf         NaN        -Inf        -Inf        -Inf         NaN
[199]         Inf        -Inf         Inf        -Inf         Inf        -Inf
[205]         NaN         Inf
