[1] "broken"
[1] "broken"
final values in 1th iteration
  [1]  2.933451e-01 -6.880583e-01  4.524337e+00  2.457875e+00  9.482497e-01
  [6]  0.000000e+00  0.000000e+00  0.000000e+00  0.000000e+00  0.000000e+00
 [11]  0.000000e+00  0.000000e+00  0.000000e+00  0.000000e+00  0.000000e+00
 [16]  0.000000e+00  0.000000e+00  0.000000e+00  0.000000e+00  0.000000e+00
 [21]  0.000000e+00  0.000000e+00  0.000000e+00  0.000000e+00  0.000000e+00
 [26]  0.000000e+00  0.000000e+00  0.000000e+00  1.202122e-01  0.000000e+00
 [31]  0.000000e+00  0.000000e+00  0.000000e+00  0.000000e+00 -1.437016e-03
 [36]  0.000000e+00  0.000000e+00  0.000000e+00  0.000000e+00  1.632984e-01
 [41]  0.000000e+00  0.000000e+00  3.180306e-02  0.000000e+00  0.000000e+00
 [46] -6.748730e-02  0.000000e+00  0.000000e+00  0.000000e+00  4.078937e-03
 [51]  0.000000e+00  0.000000e+00  0.000000e+00  0.000000e+00  0.000000e+00
 [56]  0.000000e+00  0.000000e+00  0.000000e+00  2.017892e-02  0.000000e+00
 [61]  0.000000e+00  0.000000e+00  0.000000e+00  0.000000e+00  0.000000e+00
 [66]  0.000000e+00  0.000000e+00  0.000000e+00  0.000000e+00  0.000000e+00
 [71]  0.000000e+00  0.000000e+00  0.000000e+00 -4.217825e-02  0.000000e+00
 [76]  0.000000e+00  0.000000e+00  0.000000e+00  0.000000e+00  0.000000e+00
 [81]  0.000000e+00  0.000000e+00  0.000000e+00  0.000000e+00  0.000000e+00
 [86]  0.000000e+00  0.000000e+00  0.000000e+00  0.000000e+00  0.000000e+00
 [91]  0.000000e+00  0.000000e+00  0.000000e+00  0.000000e+00  0.000000e+00
 [96] -2.218843e-01  0.000000e+00  0.000000e+00  0.000000e+00  0.000000e+00
[101]  0.000000e+00  0.000000e+00  0.000000e+00  0.000000e+00  0.000000e+00
[106]  0.000000e+00  0.000000e+00  0.000000e+00  0.000000e+00  0.000000e+00
[111]  0.000000e+00  0.000000e+00  0.000000e+00  0.000000e+00  0.000000e+00
[116]  0.000000e+00  0.000000e+00  0.000000e+00  0.000000e+00  7.031941e-05
[121]  0.000000e+00  0.000000e+00 -3.802621e-04  0.000000e+00  0.000000e+00
[126]  0.000000e+00  0.000000e+00  0.000000e+00  0.000000e+00  0.000000e+00
[131]  0.000000e+00 -6.442945e-02  0.000000e+00  0.000000e+00  0.000000e+00
[136]  0.000000e+00 -9.826495e-02  0.000000e+00  0.000000e+00  0.000000e+00
[141]  0.000000e+00  0.000000e+00  0.000000e+00  0.000000e+00  0.000000e+00
[146]  0.000000e+00  0.000000e+00  0.000000e+00  0.000000e+00  0.000000e+00
[151]  0.000000e+00 -5.872758e-02  0.000000e+00  0.000000e+00  0.000000e+00
[156]  0.000000e+00  0.000000e+00  0.000000e+00  0.000000e+00  0.000000e+00
[161]  1.148299e-03  0.000000e+00  0.000000e+00 -5.973737e-02  0.000000e+00
[166]  0.000000e+00  0.000000e+00  0.000000e+00  0.000000e+00  0.000000e+00
[171]  0.000000e+00  0.000000e+00  0.000000e+00  0.000000e+00  0.000000e+00
[176]  0.000000e+00  0.000000e+00  1.065672e-01  0.000000e+00  0.000000e+00
[181]  2.874846e-04  0.000000e+00  0.000000e+00  0.000000e+00  0.000000e+00
[186]  0.000000e+00  0.000000e+00  2.446238e-05  0.000000e+00  0.000000e+00
[191]  0.000000e+00  0.000000e+00  0.000000e+00  0.000000e+00  0.000000e+00
[196]  0.000000e+00  0.000000e+00  0.000000e+00  0.000000e+00  0.000000e+00
[201]  0.000000e+00 -6.579631e-02  0.000000e+00  0.000000e+00  0.000000e+00
[206]  0.000000e+00
[1] "broken"
[1] "broken"
[1] "broken"
final values in 2th iteration
  [1]  3.413105e-01 -1.354505e+00  3.776117e+00  1.947830e+00  1.164549e+00
  [6]  0.000000e+00  0.000000e+00  0.000000e+00 -6.637098e-05  0.000000e+00
 [11]  0.000000e+00  0.000000e+00  0.000000e+00  0.000000e+00  0.000000e+00
 [16]  0.000000e+00  0.000000e+00  0.000000e+00  0.000000e+00  0.000000e+00
 [21]  0.000000e+00  6.531711e-02  0.000000e+00  0.000000e+00  0.000000e+00
 [26] -4.790784e-02  4.256717e-02  6.695922e-04  0.000000e+00  0.000000e+00
 [31]  0.000000e+00  0.000000e+00  0.000000e+00  0.000000e+00  0.000000e+00
 [36]  0.000000e+00  0.000000e+00  0.000000e+00  0.000000e+00  0.000000e+00
 [41]  0.000000e+00  5.111256e-04 -4.425365e-04  0.000000e+00  0.000000e+00
 [46]  0.000000e+00  5.330066e-05  0.000000e+00  0.000000e+00  0.000000e+00
 [51]  0.000000e+00  0.000000e+00 -4.227599e-05 -9.264846e-02  0.000000e+00
 [56]  0.000000e+00 -8.044018e-03  1.166810e-04  0.000000e+00  0.000000e+00
 [61]  7.927769e-05  0.000000e+00  0.000000e+00  0.000000e+00  0.000000e+00
 [66]  0.000000e+00  1.941667e-05  0.000000e+00  0.000000e+00  4.402457e-01
 [71]  0.000000e+00  0.000000e+00  0.000000e+00  0.000000e+00  0.000000e+00
 [76]  0.000000e+00  0.000000e+00 -3.446274e-02  0.000000e+00  0.000000e+00
 [81]  2.070668e-03  0.000000e+00 -8.568285e-02  0.000000e+00  0.000000e+00
 [86]  0.000000e+00  0.000000e+00  0.000000e+00  0.000000e+00  0.000000e+00
 [91]  0.000000e+00  0.000000e+00  0.000000e+00  0.000000e+00  0.000000e+00
 [96]  0.000000e+00  0.000000e+00  0.000000e+00 -1.676133e-01  0.000000e+00
[101]  0.000000e+00  0.000000e+00  0.000000e+00  0.000000e+00  0.000000e+00
[106]  0.000000e+00  0.000000e+00 -3.284447e-01  0.000000e+00  0.000000e+00
[111]  0.000000e+00  0.000000e+00 -3.482629e-02  1.165862e-02  0.000000e+00
[116]  0.000000e+00  0.000000e+00  0.000000e+00  0.000000e+00  0.000000e+00
[121]  0.000000e+00  0.000000e+00  0.000000e+00  0.000000e+00  0.000000e+00
[126]  0.000000e+00  7.384742e-02  0.000000e+00  0.000000e+00  0.000000e+00
[131]  0.000000e+00  0.000000e+00  0.000000e+00  0.000000e+00  0.000000e+00
[136]  0.000000e+00 -8.865569e-06  0.000000e+00 -1.007411e-04  0.000000e+00
[141]  0.000000e+00  0.000000e+00  0.000000e+00  0.000000e+00  0.000000e+00
[146]  0.000000e+00  0.000000e+00  0.000000e+00  0.000000e+00  0.000000e+00
[151]  0.000000e+00  0.000000e+00  0.000000e+00  0.000000e+00  0.000000e+00
[156]  0.000000e+00  0.000000e+00  0.000000e+00  0.000000e+00  0.000000e+00
[161]  0.000000e+00  3.860691e-06  0.000000e+00  0.000000e+00 -3.210923e-01
[166]  0.000000e+00  0.000000e+00  6.335860e-02  0.000000e+00  0.000000e+00
[171]  0.000000e+00  0.000000e+00  0.000000e+00  0.000000e+00  0.000000e+00
[176]  0.000000e+00  0.000000e+00  0.000000e+00  0.000000e+00  0.000000e+00
[181]  0.000000e+00  0.000000e+00  0.000000e+00  0.000000e+00  0.000000e+00
[186]  0.000000e+00  0.000000e+00  0.000000e+00  0.000000e+00  0.000000e+00
[191]  0.000000e+00  0.000000e+00  0.000000e+00  0.000000e+00  1.310873e-05
[196]  0.000000e+00  0.000000e+00  0.000000e+00  0.000000e+00  0.000000e+00
[201]  0.000000e+00  0.000000e+00  0.000000e+00  2.944840e-02  0.000000e+00
[206]  3.321519e-02
[1] "broken"
[1] "broken"
[1] "broken"
[1] "broken"
[1] "broken"
[1] "broken"
[1] "broken"
[1] "broken"
final values in 3th iteration
  [1]  2.743359e-01 -5.576666e-01  3.898388e+00  1.873823e+00  1.127855e+00
  [6] -1.938420e-01  0.000000e+00  0.000000e+00  0.000000e+00  0.000000e+00
 [11]  0.000000e+00  3.052704e-01  0.000000e+00  0.000000e+00  0.000000e+00
 [16]  0.000000e+00  0.000000e+00  0.000000e+00  0.000000e+00  0.000000e+00
 [21]  0.000000e+00  0.000000e+00  2.234391e-01  0.000000e+00  0.000000e+00
 [26]  0.000000e+00  0.000000e+00  0.000000e+00  0.000000e+00  0.000000e+00
 [31]  0.000000e+00 -1.136094e-03 -8.364941e-03  0.000000e+00  0.000000e+00
 [36]  0.000000e+00  0.000000e+00  0.000000e+00 -1.033663e-01  2.601223e-06
 [41]  6.053705e-03  0.000000e+00  0.000000e+00  0.000000e+00  0.000000e+00
 [46]  0.000000e+00  0.000000e+00  0.000000e+00  0.000000e+00  0.000000e+00
 [51]  0.000000e+00  0.000000e+00  0.000000e+00  0.000000e+00  0.000000e+00
 [56]  0.000000e+00  0.000000e+00  9.526550e-04  0.000000e+00  0.000000e+00
 [61]  0.000000e+00 -4.892000e-02  0.000000e+00  0.000000e+00  0.000000e+00
 [66] -2.569265e-02  0.000000e+00  0.000000e+00  0.000000e+00  0.000000e+00
 [71]  0.000000e+00  0.000000e+00  0.000000e+00  0.000000e+00  0.000000e+00
 [76]  1.802388e-01  0.000000e+00 -7.671345e-03  0.000000e+00  0.000000e+00
 [81]  0.000000e+00  0.000000e+00  0.000000e+00  0.000000e+00  0.000000e+00
 [86]  0.000000e+00  3.575606e-02  0.000000e+00  0.000000e+00  3.050522e-02
 [91]  0.000000e+00  0.000000e+00  0.000000e+00  0.000000e+00  0.000000e+00
 [96]  0.000000e+00  0.000000e+00  0.000000e+00 -1.241168e-01  1.472393e-02
[101]  0.000000e+00  0.000000e+00  0.000000e+00 -6.006789e-04  0.000000e+00
[106]  0.000000e+00  0.000000e+00  0.000000e+00  0.000000e+00  8.070558e-02
[111] -3.471643e-02  0.000000e+00  0.000000e+00  0.000000e+00 -1.572674e-01
[116]  0.000000e+00  0.000000e+00  0.000000e+00  0.000000e+00  2.853101e-01
[121]  0.000000e+00  0.000000e+00  3.729537e-05  0.000000e+00  0.000000e+00
[126]  0.000000e+00  0.000000e+00  0.000000e+00  0.000000e+00  0.000000e+00
[131]  0.000000e+00  0.000000e+00  0.000000e+00  0.000000e+00  0.000000e+00
[136] -1.405495e-01  0.000000e+00  0.000000e+00  0.000000e+00  0.000000e+00
[141]  0.000000e+00  0.000000e+00  0.000000e+00  0.000000e+00  0.000000e+00
[146]  0.000000e+00  0.000000e+00  0.000000e+00  0.000000e+00  0.000000e+00
[151]  0.000000e+00 -2.596129e-02  5.062812e-06  0.000000e+00  0.000000e+00
[156]  0.000000e+00  0.000000e+00  0.000000e+00  0.000000e+00  0.000000e+00
[161]  0.000000e+00  0.000000e+00  0.000000e+00  0.000000e+00  0.000000e+00
[166]  0.000000e+00 -2.884137e-01  0.000000e+00 -1.318031e-04  0.000000e+00
[171]  0.000000e+00  0.000000e+00  0.000000e+00  0.000000e+00  0.000000e+00
[176]  0.000000e+00  0.000000e+00  1.706319e-02  0.000000e+00  0.000000e+00
[181]  0.000000e+00  0.000000e+00  0.000000e+00  0.000000e+00  0.000000e+00
[186]  0.000000e+00  0.000000e+00  0.000000e+00  3.853231e-03  0.000000e+00
[191] -2.134606e-01  0.000000e+00  0.000000e+00  0.000000e+00  0.000000e+00
[196]  0.000000e+00  0.000000e+00  0.000000e+00  0.000000e+00  0.000000e+00
[201]  0.000000e+00  0.000000e+00  0.000000e+00  0.000000e+00  0.000000e+00
[206]  0.000000e+00
[1] "broken"
[1] "broken"
[1] "broken"
[1] "broken"
[1] "broken"
[1] "broken"
[1] "broken"
[1] "broken"
[1] "broken"
final values in 4th iteration
  [1]  2.549405e-01 -1.019166e+00  3.680620e+00  1.120937e+00  1.136774e+00
  [6]  0.000000e+00  0.000000e+00  2.355550e-01  0.000000e+00  0.000000e+00
 [11]  0.000000e+00  2.688434e-01  0.000000e+00  0.000000e+00  0.000000e+00
 [16]  0.000000e+00  0.000000e+00  0.000000e+00  0.000000e+00  0.000000e+00
 [21]  0.000000e+00 -6.836095e-02  5.365334e-05  0.000000e+00  0.000000e+00
 [26]  0.000000e+00  0.000000e+00  0.000000e+00  0.000000e+00  0.000000e+00
 [31]  0.000000e+00  0.000000e+00  0.000000e+00  0.000000e+00  0.000000e+00
 [36]  0.000000e+00  2.852763e-04  0.000000e+00  0.000000e+00  0.000000e+00
 [41]  0.000000e+00  0.000000e+00  0.000000e+00  1.601256e-01  0.000000e+00
 [46]  0.000000e+00  0.000000e+00  0.000000e+00  0.000000e+00  0.000000e+00
 [51] -4.334653e-04  0.000000e+00 -6.294042e-02  0.000000e+00  0.000000e+00
 [56]  0.000000e+00  0.000000e+00  0.000000e+00  0.000000e+00  0.000000e+00
 [61]  0.000000e+00  0.000000e+00  0.000000e+00  0.000000e+00  0.000000e+00
 [66]  0.000000e+00  0.000000e+00  0.000000e+00  0.000000e+00  0.000000e+00
 [71]  0.000000e+00  0.000000e+00  0.000000e+00  0.000000e+00  0.000000e+00
 [76]  0.000000e+00  0.000000e+00  0.000000e+00  1.019786e-01  0.000000e+00
 [81]  0.000000e+00  0.000000e+00  0.000000e+00  0.000000e+00  0.000000e+00
 [86]  0.000000e+00  0.000000e+00  0.000000e+00  0.000000e+00 -8.204563e-02
 [91]  0.000000e+00  0.000000e+00  0.000000e+00  0.000000e+00  3.938905e-06
 [96]  0.000000e+00  4.198262e-05  0.000000e+00 -3.672571e-02  0.000000e+00
[101]  0.000000e+00  0.000000e+00  0.000000e+00  0.000000e+00  0.000000e+00
[106]  0.000000e+00 -5.092614e-05  0.000000e+00  0.000000e+00  0.000000e+00
[111]  0.000000e+00  3.797959e-05  0.000000e+00  0.000000e+00  0.000000e+00
[116]  0.000000e+00  0.000000e+00 -3.915935e-01  0.000000e+00  0.000000e+00
[121]  0.000000e+00  0.000000e+00 -1.959310e-01  0.000000e+00  0.000000e+00
[126]  0.000000e+00  0.000000e+00  0.000000e+00 -1.672767e-01  0.000000e+00
[131]  0.000000e+00 -6.066527e-04  0.000000e+00  0.000000e+00  0.000000e+00
[136]  0.000000e+00  0.000000e+00  0.000000e+00  0.000000e+00 -2.668344e-01
[141]  0.000000e+00  0.000000e+00  0.000000e+00  0.000000e+00  0.000000e+00
[146]  0.000000e+00  0.000000e+00  0.000000e+00  0.000000e+00  0.000000e+00
[151]  0.000000e+00  0.000000e+00  0.000000e+00  0.000000e+00  0.000000e+00
[156]  0.000000e+00  0.000000e+00  0.000000e+00  0.000000e+00  0.000000e+00
[161]  2.628956e-02  0.000000e+00  1.476208e-02  0.000000e+00  0.000000e+00
[166]  0.000000e+00  0.000000e+00  0.000000e+00  0.000000e+00  2.926618e-05
[171]  0.000000e+00  0.000000e+00  0.000000e+00  0.000000e+00  4.004690e-01
[176]  0.000000e+00  2.678772e-01  0.000000e+00  1.263213e-02  0.000000e+00
[181]  0.000000e+00  0.000000e+00  0.000000e+00  0.000000e+00  0.000000e+00
[186]  1.531840e-02  0.000000e+00  0.000000e+00  0.000000e+00  3.962439e-03
[191]  0.000000e+00  0.000000e+00  0.000000e+00  0.000000e+00  0.000000e+00
[196]  0.000000e+00  0.000000e+00  0.000000e+00  0.000000e+00  0.000000e+00
[201]  1.198527e-04  0.000000e+00  0.000000e+00 -2.535000e-01  6.390115e-02
[206]  0.000000e+00
[1] "broken"
[1] "broken"
[1] "broken"
[1] "broken"
[1] "broken"
[1] "broken"
[1] "broken"
[1] "broken"
[1] "broken"
[1] "broken"
[1] "broken"
[1] "broken"
[1] "broken"
[1] "broken"
[1] "broken"
[1] "broken"
[1] "broken"
[1] "broken"
[1] "broken"
[1] "broken"
[1] "broken"
[1] "broken"
[1] "broken"
[1] "broken"
[1] "broken"
[1] "broken"
[1] "broken"
[1] "broken"
[1] "broken"
[1] "broken"
[1] "broken"
[1] "broken"
[1] "broken"
[1] "broken"
[1] "broken"
[1] "broken"
[1] "broken"
[1] "broken"
[1] "broken"
final values in 5th iteration
  [1]  5.109775e-01 -1.398774e-01  4.486318e+00  2.382734e+00  1.430056e+00
  [6]  0.000000e+00  0.000000e+00 -3.447911e-02  6.716251e-04  0.000000e+00
 [11]  0.000000e+00  0.000000e+00  0.000000e+00  0.000000e+00  0.000000e+00
 [16] -8.048139e-02  0.000000e+00  0.000000e+00  0.000000e+00  0.000000e+00
 [21]  0.000000e+00  0.000000e+00  0.000000e+00  0.000000e+00  0.000000e+00
 [26]  0.000000e+00  0.000000e+00  0.000000e+00  0.000000e+00  0.000000e+00
 [31]  0.000000e+00  0.000000e+00  7.450967e-02  0.000000e+00  0.000000e+00
 [36]  0.000000e+00  0.000000e+00  0.000000e+00  0.000000e+00  0.000000e+00
 [41]  0.000000e+00  0.000000e+00  0.000000e+00  9.922848e-04  0.000000e+00
 [46]  0.000000e+00  0.000000e+00  4.907623e-04  0.000000e+00  0.000000e+00
 [51] -1.174909e-01  0.000000e+00  0.000000e+00  0.000000e+00  0.000000e+00
 [56]  0.000000e+00  0.000000e+00  0.000000e+00  0.000000e+00 -6.758782e-03
 [61]  0.000000e+00  0.000000e+00  0.000000e+00  0.000000e+00  0.000000e+00
 [66]  0.000000e+00  0.000000e+00  0.000000e+00  0.000000e+00 -3.660353e-04
 [71]  0.000000e+00  0.000000e+00  0.000000e+00 -1.393247e-04  0.000000e+00
 [76] -6.345546e-02  0.000000e+00  0.000000e+00 -1.361982e-01  0.000000e+00
 [81]  2.366480e-02  0.000000e+00  1.057875e-01  0.000000e+00  0.000000e+00
 [86]  0.000000e+00  0.000000e+00  4.250241e-04  0.000000e+00  0.000000e+00
 [91]  0.000000e+00 -2.231787e-04 -1.149832e-02  0.000000e+00  0.000000e+00
 [96]  0.000000e+00  0.000000e+00  0.000000e+00  0.000000e+00  0.000000e+00
[101]  0.000000e+00  0.000000e+00  0.000000e+00  0.000000e+00  0.000000e+00
[106]  0.000000e+00  1.334617e-05  0.000000e+00  0.000000e+00  0.000000e+00
[111]  0.000000e+00  0.000000e+00  0.000000e+00  0.000000e+00  0.000000e+00
[116] -1.545554e-02  0.000000e+00  0.000000e+00  0.000000e+00  0.000000e+00
[121]  0.000000e+00  0.000000e+00  0.000000e+00  4.057559e-04  0.000000e+00
[126] -5.903982e-02  0.000000e+00  0.000000e+00  0.000000e+00  0.000000e+00
[131]  0.000000e+00  0.000000e+00  0.000000e+00  0.000000e+00  0.000000e+00
[136]  0.000000e+00  0.000000e+00  1.606097e-04  0.000000e+00  3.098333e-04
[141]  0.000000e+00  0.000000e+00  5.953168e-05  0.000000e+00  0.000000e+00
[146]  0.000000e+00  4.535526e-02 -6.698654e-06  0.000000e+00  0.000000e+00
[151]  0.000000e+00  1.805330e-01  0.000000e+00  1.522859e-04  0.000000e+00
[156]  1.570501e-02  0.000000e+00  0.000000e+00  1.669367e-04  0.000000e+00
[161]  0.000000e+00  0.000000e+00  2.046473e-02  0.000000e+00 -6.533911e-04
[166]  0.000000e+00  0.000000e+00  0.000000e+00  0.000000e+00  2.907627e-04
[171]  0.000000e+00  0.000000e+00  0.000000e+00  0.000000e+00  0.000000e+00
[176]  2.905713e-05  4.628997e-04  0.000000e+00  4.443572e-04  0.000000e+00
[181]  0.000000e+00  0.000000e+00  0.000000e+00  0.000000e+00  0.000000e+00
[186]  0.000000e+00 -2.388832e-02  0.000000e+00 -7.526852e-03  0.000000e+00
[191]  0.000000e+00  0.000000e+00  0.000000e+00  0.000000e+00  0.000000e+00
[196]  0.000000e+00  0.000000e+00  0.000000e+00  0.000000e+00  0.000000e+00
[201]  0.000000e+00  0.000000e+00  0.000000e+00  9.304382e-03  2.702726e-03
[206]  8.918821e-02
[1] "broken"
[1] "broken"
final values in 6th iteration
  [1]  4.225474e-01  5.878846e-01  4.905107e+00  2.499175e+00  1.428947e+00
  [6] -5.052881e-02  0.000000e+00  0.000000e+00 -1.208361e-02  0.000000e+00
 [11]  0.000000e+00  0.000000e+00  0.000000e+00  0.000000e+00  0.000000e+00
 [16]  0.000000e+00  0.000000e+00  0.000000e+00  0.000000e+00  0.000000e+00
 [21]  0.000000e+00  0.000000e+00  0.000000e+00  8.551943e-02 -6.270385e-02
 [26]  0.000000e+00  0.000000e+00  0.000000e+00  0.000000e+00  0.000000e+00
 [31] -2.970491e-06  0.000000e+00  0.000000e+00  0.000000e+00 -1.350053e-01
 [36]  0.000000e+00  0.000000e+00 -8.564791e-02  0.000000e+00  0.000000e+00
 [41]  0.000000e+00  0.000000e+00  0.000000e+00  3.576282e-02  0.000000e+00
 [46]  0.000000e+00  0.000000e+00  0.000000e+00  0.000000e+00  0.000000e+00
 [51] -8.056854e-05  0.000000e+00  0.000000e+00  0.000000e+00  0.000000e+00
 [56]  0.000000e+00  0.000000e+00  0.000000e+00  0.000000e+00  0.000000e+00
 [61]  0.000000e+00 -1.885191e-01  0.000000e+00  0.000000e+00  0.000000e+00
 [66] -5.802851e-02  0.000000e+00  0.000000e+00  0.000000e+00  0.000000e+00
 [71]  0.000000e+00  0.000000e+00  0.000000e+00  0.000000e+00  0.000000e+00
 [76] -4.044148e-04  5.841750e-02  0.000000e+00  0.000000e+00  0.000000e+00
 [81]  0.000000e+00 -1.964616e-03  0.000000e+00  0.000000e+00  0.000000e+00
 [86] -4.353425e-03  0.000000e+00  0.000000e+00  0.000000e+00 -7.068348e-02
 [91]  0.000000e+00  0.000000e+00  0.000000e+00  0.000000e+00  0.000000e+00
 [96]  0.000000e+00  0.000000e+00  0.000000e+00  0.000000e+00  0.000000e+00
[101]  0.000000e+00  0.000000e+00  0.000000e+00  0.000000e+00  0.000000e+00
[106]  0.000000e+00  0.000000e+00  0.000000e+00  0.000000e+00 -4.277895e-03
[111]  0.000000e+00  0.000000e+00  1.411309e-01  0.000000e+00  0.000000e+00
[116]  0.000000e+00  0.000000e+00  0.000000e+00  0.000000e+00  0.000000e+00
[121]  0.000000e+00  0.000000e+00  0.000000e+00  0.000000e+00  0.000000e+00
[126]  0.000000e+00  0.000000e+00  0.000000e+00  0.000000e+00  0.000000e+00
[131]  0.000000e+00  0.000000e+00  0.000000e+00  0.000000e+00  0.000000e+00
[136]  0.000000e+00 -4.048455e-02  0.000000e+00  0.000000e+00  0.000000e+00
[141]  0.000000e+00  0.000000e+00  0.000000e+00  0.000000e+00  0.000000e+00
[146]  0.000000e+00  0.000000e+00  5.617218e-02  0.000000e+00  0.000000e+00
[151]  0.000000e+00  0.000000e+00  0.000000e+00  0.000000e+00  5.914830e-05
[156]  0.000000e+00  0.000000e+00  0.000000e+00  0.000000e+00  0.000000e+00
[161]  0.000000e+00  0.000000e+00  0.000000e+00  0.000000e+00  0.000000e+00
[166]  0.000000e+00  0.000000e+00  0.000000e+00  0.000000e+00  0.000000e+00
[171]  0.000000e+00  0.000000e+00  0.000000e+00  0.000000e+00  0.000000e+00
[176]  4.535841e-04  0.000000e+00  0.000000e+00  0.000000e+00  0.000000e+00
[181]  0.000000e+00  0.000000e+00  0.000000e+00 -1.844199e-01  0.000000e+00
[186]  0.000000e+00  0.000000e+00  0.000000e+00  1.897563e-02  0.000000e+00
[191]  0.000000e+00  0.000000e+00  0.000000e+00  0.000000e+00  0.000000e+00
[196]  0.000000e+00  0.000000e+00  0.000000e+00  0.000000e+00  0.000000e+00
[201]  0.000000e+00  0.000000e+00  0.000000e+00  0.000000e+00  2.402574e-02
[206]  0.000000e+00
[1] "broken"
[1] "broken"
[1] "broken"
[1] "broken"
final values in 7th iteration
  [1]  3.237714e-01  9.956297e-01  4.626592e+00  1.025371e+00  7.252882e-01
  [6]  0.000000e+00  0.000000e+00 -1.195869e-05  0.000000e+00  0.000000e+00
 [11]  0.000000e+00  0.000000e+00  0.000000e+00  0.000000e+00  0.000000e+00
 [16]  0.000000e+00  6.823394e-05  0.000000e+00  0.000000e+00  0.000000e+00
 [21]  0.000000e+00  0.000000e+00  0.000000e+00  0.000000e+00  3.419066e-02
 [26]  0.000000e+00  0.000000e+00 -2.693080e-01  0.000000e+00  0.000000e+00
 [31]  0.000000e+00  0.000000e+00  0.000000e+00  0.000000e+00  0.000000e+00
 [36]  1.315687e-04  0.000000e+00  0.000000e+00  0.000000e+00 -6.100622e-02
 [41]  0.000000e+00  0.000000e+00  0.000000e+00  0.000000e+00  4.531654e-04
 [46]  4.473152e-01  3.680908e-03  0.000000e+00  0.000000e+00  0.000000e+00
 [51]  0.000000e+00  0.000000e+00  0.000000e+00  0.000000e+00  0.000000e+00
 [56]  0.000000e+00  0.000000e+00  0.000000e+00  0.000000e+00  0.000000e+00
 [61]  0.000000e+00  0.000000e+00  0.000000e+00  1.922387e-01  0.000000e+00
 [66]  0.000000e+00  0.000000e+00  0.000000e+00  6.055460e-03  0.000000e+00
 [71]  0.000000e+00  0.000000e+00  0.000000e+00  0.000000e+00  0.000000e+00
 [76]  0.000000e+00  0.000000e+00  0.000000e+00  0.000000e+00  0.000000e+00
 [81]  0.000000e+00  0.000000e+00  0.000000e+00  9.119556e-05  0.000000e+00
 [86]  0.000000e+00  7.224095e-02  0.000000e+00  0.000000e+00  0.000000e+00
 [91] -3.343462e-01  0.000000e+00  0.000000e+00  0.000000e+00  0.000000e+00
 [96]  0.000000e+00  0.000000e+00  0.000000e+00  0.000000e+00  0.000000e+00
[101]  0.000000e+00  0.000000e+00  0.000000e+00  0.000000e+00  0.000000e+00
[106]  0.000000e+00  2.589158e-01  0.000000e+00  0.000000e+00  0.000000e+00
[111]  0.000000e+00 -6.275023e-02  0.000000e+00  0.000000e+00  0.000000e+00
[116]  0.000000e+00  0.000000e+00  0.000000e+00  0.000000e+00  0.000000e+00
[121]  0.000000e+00  0.000000e+00  0.000000e+00  0.000000e+00  0.000000e+00
[126]  0.000000e+00  0.000000e+00  1.850713e-05 -6.715493e-05  0.000000e+00
[131]  0.000000e+00  0.000000e+00  0.000000e+00  7.168969e-02  0.000000e+00
[136]  0.000000e+00  0.000000e+00  0.000000e+00  0.000000e+00  0.000000e+00
[141]  0.000000e+00 -7.573401e-04  0.000000e+00  0.000000e+00  0.000000e+00
[146]  0.000000e+00  0.000000e+00  0.000000e+00  0.000000e+00 -9.062716e-02
[151]  0.000000e+00  0.000000e+00  0.000000e+00  0.000000e+00 -3.526475e-01
[156] -1.194669e-01  0.000000e+00  0.000000e+00  0.000000e+00  4.099445e-02
[161]  0.000000e+00  0.000000e+00  0.000000e+00  0.000000e+00  0.000000e+00
[166]  0.000000e+00  0.000000e+00  0.000000e+00  0.000000e+00  0.000000e+00
[171]  0.000000e+00 -6.717901e-03  0.000000e+00  0.000000e+00  0.000000e+00
[176]  0.000000e+00  0.000000e+00 -1.643230e-05  0.000000e+00  0.000000e+00
[181]  1.087648e-01  0.000000e+00 -8.081066e-07  0.000000e+00  0.000000e+00
[186]  0.000000e+00  0.000000e+00  0.000000e+00 -7.985112e-02  0.000000e+00
[191]  0.000000e+00  0.000000e+00  0.000000e+00  0.000000e+00  0.000000e+00
[196]  0.000000e+00  0.000000e+00  0.000000e+00  0.000000e+00  0.000000e+00
[201]  0.000000e+00  0.000000e+00  0.000000e+00  0.000000e+00  0.000000e+00
[206]  0.000000e+00
[1] "broken"
final values in 8th iteration
  [1]  4.269422e-01  5.767445e-01  4.853542e+00  2.680165e+00  1.675390e+00
  [6] -3.843841e-03  0.000000e+00  1.932570e-02  0.000000e+00  0.000000e+00
 [11]  0.000000e+00  0.000000e+00  0.000000e+00  0.000000e+00  0.000000e+00
 [16]  0.000000e+00  0.000000e+00  0.000000e+00  0.000000e+00  0.000000e+00
 [21]  0.000000e+00  0.000000e+00 -2.183022e-01  0.000000e+00  0.000000e+00
 [26]  0.000000e+00  3.036301e-01  0.000000e+00  0.000000e+00 -8.122986e-02
 [31]  0.000000e+00  0.000000e+00  0.000000e+00  1.168807e-01  0.000000e+00
 [36]  0.000000e+00  0.000000e+00  0.000000e+00  0.000000e+00  0.000000e+00
 [41]  0.000000e+00  0.000000e+00  0.000000e+00  0.000000e+00  0.000000e+00
 [46]  0.000000e+00  0.000000e+00  1.166622e-05  0.000000e+00  0.000000e+00
 [51]  0.000000e+00  0.000000e+00  0.000000e+00  0.000000e+00  0.000000e+00
 [56]  0.000000e+00  0.000000e+00  0.000000e+00  0.000000e+00  0.000000e+00
 [61]  0.000000e+00  0.000000e+00  0.000000e+00  0.000000e+00  0.000000e+00
 [66]  0.000000e+00 -3.399011e-02  0.000000e+00  0.000000e+00  0.000000e+00
 [71]  4.938829e-05  0.000000e+00  0.000000e+00  0.000000e+00  0.000000e+00
 [76]  0.000000e+00  0.000000e+00  0.000000e+00  0.000000e+00  1.411670e-03
 [81]  0.000000e+00  0.000000e+00  0.000000e+00  0.000000e+00 -1.237597e-01
 [86]  0.000000e+00  0.000000e+00  0.000000e+00  0.000000e+00  0.000000e+00
 [91] -2.467300e-04  0.000000e+00  0.000000e+00  0.000000e+00  0.000000e+00
 [96]  4.791218e-02  0.000000e+00  0.000000e+00  0.000000e+00  0.000000e+00
[101]  0.000000e+00  0.000000e+00  0.000000e+00  0.000000e+00  1.308108e-01
[106]  0.000000e+00  0.000000e+00  0.000000e+00  0.000000e+00  0.000000e+00
[111]  0.000000e+00  0.000000e+00  2.919189e-04  0.000000e+00  0.000000e+00
[116]  0.000000e+00 -2.714376e-02  0.000000e+00  0.000000e+00  0.000000e+00
[121]  0.000000e+00 -1.979760e-04  0.000000e+00  0.000000e+00  0.000000e+00
[126]  0.000000e+00  0.000000e+00  0.000000e+00 -2.135963e-02  0.000000e+00
[131] -6.879403e-05  0.000000e+00  0.000000e+00 -4.056442e-02  0.000000e+00
[136]  0.000000e+00  0.000000e+00  0.000000e+00  0.000000e+00  0.000000e+00
[141]  0.000000e+00 -1.213885e-05 -1.251753e-04  0.000000e+00  0.000000e+00
[146]  0.000000e+00  0.000000e+00  0.000000e+00  0.000000e+00 -9.612624e-02
[151]  0.000000e+00  0.000000e+00  0.000000e+00  0.000000e+00  0.000000e+00
[156]  6.958859e-05  0.000000e+00  0.000000e+00  0.000000e+00  0.000000e+00
[161]  0.000000e+00  0.000000e+00  0.000000e+00  0.000000e+00  0.000000e+00
[166]  0.000000e+00  0.000000e+00  0.000000e+00  0.000000e+00  0.000000e+00
[171]  0.000000e+00  0.000000e+00  0.000000e+00  0.000000e+00  0.000000e+00
[176]  0.000000e+00  0.000000e+00  0.000000e+00  0.000000e+00  0.000000e+00
[181]  4.067887e-02  0.000000e+00  0.000000e+00  0.000000e+00 -6.396558e-04
[186]  0.000000e+00  0.000000e+00  0.000000e+00  0.000000e+00  0.000000e+00
[191]  0.000000e+00 -2.259104e-02  0.000000e+00  0.000000e+00  0.000000e+00
[196]  0.000000e+00 -4.985369e-02  0.000000e+00  0.000000e+00  0.000000e+00
[201]  0.000000e+00  0.000000e+00  0.000000e+00  0.000000e+00  0.000000e+00
[206]  0.000000e+00
[1] "broken"
final values in 9th iteration
  [1]  3.276528e-01 -6.934559e-01  4.206240e+00  2.427661e+00  1.390702e+00
  [6] -3.793208e-01  7.294907e-02  0.000000e+00  1.153592e-06  0.000000e+00
 [11]  0.000000e+00  0.000000e+00  0.000000e+00  0.000000e+00  0.000000e+00
 [16]  0.000000e+00  0.000000e+00  0.000000e+00  0.000000e+00  0.000000e+00
 [21]  0.000000e+00  0.000000e+00  0.000000e+00  0.000000e+00  0.000000e+00
 [26]  0.000000e+00  0.000000e+00  0.000000e+00  0.000000e+00  0.000000e+00
 [31]  0.000000e+00  0.000000e+00  0.000000e+00  0.000000e+00  0.000000e+00
 [36]  0.000000e+00  0.000000e+00  0.000000e+00  1.195829e-01 -1.846528e-03
 [41]  0.000000e+00  0.000000e+00  3.192354e-02  0.000000e+00  0.000000e+00
 [46]  0.000000e+00  0.000000e+00  0.000000e+00 -7.916247e-02  0.000000e+00
 [51]  0.000000e+00  0.000000e+00  2.768052e-05  0.000000e+00  0.000000e+00
 [56]  0.000000e+00  0.000000e+00  0.000000e+00  0.000000e+00  0.000000e+00
 [61]  0.000000e+00  0.000000e+00  0.000000e+00 -1.383086e-01  0.000000e+00
 [66]  0.000000e+00  0.000000e+00  0.000000e+00  0.000000e+00  0.000000e+00
 [71]  0.000000e+00  0.000000e+00  0.000000e+00  0.000000e+00  0.000000e+00
 [76]  0.000000e+00  0.000000e+00  0.000000e+00  0.000000e+00  0.000000e+00
 [81]  0.000000e+00  0.000000e+00  0.000000e+00  0.000000e+00  0.000000e+00
 [86]  0.000000e+00  0.000000e+00  0.000000e+00  0.000000e+00  0.000000e+00
 [91] -8.813555e-02  1.015468e-02  0.000000e+00  0.000000e+00 -1.921775e-02
 [96]  0.000000e+00 -1.493460e-01  0.000000e+00  0.000000e+00  0.000000e+00
[101]  0.000000e+00  0.000000e+00  0.000000e+00  0.000000e+00  0.000000e+00
[106]  0.000000e+00  0.000000e+00  0.000000e+00  0.000000e+00  9.919029e-02
[111]  0.000000e+00  0.000000e+00  0.000000e+00  0.000000e+00 -4.786615e-02
[116]  0.000000e+00 -4.416308e-04  0.000000e+00  0.000000e+00  0.000000e+00
[121]  0.000000e+00  0.000000e+00  0.000000e+00  0.000000e+00  0.000000e+00
[126]  1.675803e-04  0.000000e+00  0.000000e+00  0.000000e+00  0.000000e+00
[131]  0.000000e+00  0.000000e+00  0.000000e+00  0.000000e+00  0.000000e+00
[136]  0.000000e+00  0.000000e+00 -9.899600e-06  0.000000e+00  0.000000e+00
[141]  0.000000e+00  0.000000e+00  0.000000e+00  0.000000e+00 -6.105840e-03
[146]  0.000000e+00  0.000000e+00  0.000000e+00  0.000000e+00  0.000000e+00
[151] -3.279515e-04  0.000000e+00  0.000000e+00  0.000000e+00  0.000000e+00
[156]  0.000000e+00  0.000000e+00  0.000000e+00 -2.845591e-03  0.000000e+00
[161]  0.000000e+00  2.840144e-02  0.000000e+00  0.000000e+00  0.000000e+00
[166]  0.000000e+00  0.000000e+00  0.000000e+00  0.000000e+00  0.000000e+00
[171]  0.000000e+00 -1.062227e-04  0.000000e+00  6.552745e-02  0.000000e+00
[176]  0.000000e+00  0.000000e+00  0.000000e+00  0.000000e+00  0.000000e+00
[181]  0.000000e+00  0.000000e+00  0.000000e+00  0.000000e+00  0.000000e+00
[186]  7.280879e-06  0.000000e+00 -4.712160e-03  0.000000e+00  0.000000e+00
[191]  0.000000e+00  0.000000e+00  0.000000e+00  0.000000e+00  0.000000e+00
[196]  0.000000e+00  0.000000e+00  0.000000e+00  0.000000e+00  0.000000e+00
[201]  0.000000e+00  0.000000e+00  0.000000e+00  0.000000e+00  0.000000e+00
[206]  0.000000e+00
[1] "broken"
final values in 10th iteration
  [1]  3.303780e-01  6.595769e-01  4.733373e+00  2.146439e+00  1.650311e+00
  [6]  0.000000e+00 -5.864687e-05  0.000000e+00  0.000000e+00  0.000000e+00
 [11]  0.000000e+00  0.000000e+00  0.000000e+00  0.000000e+00  0.000000e+00
 [16]  0.000000e+00  0.000000e+00 -9.470262e-03  0.000000e+00  2.296536e-03
 [21]  7.677568e-02  0.000000e+00  6.964340e-02  0.000000e+00  0.000000e+00
 [26]  0.000000e+00  0.000000e+00  0.000000e+00  0.000000e+00  7.910679e-04
 [31]  0.000000e+00  1.454504e-01  0.000000e+00  0.000000e+00  0.000000e+00
 [36]  0.000000e+00  0.000000e+00  0.000000e+00  0.000000e+00  0.000000e+00
 [41]  0.000000e+00  0.000000e+00  0.000000e+00  0.000000e+00  0.000000e+00
 [46] -1.761603e-01  0.000000e+00  0.000000e+00  0.000000e+00  0.000000e+00
 [51]  0.000000e+00  0.000000e+00  0.000000e+00  0.000000e+00  0.000000e+00
 [56]  0.000000e+00  0.000000e+00  0.000000e+00  0.000000e+00  0.000000e+00
 [61]  0.000000e+00  0.000000e+00  2.655741e-01  0.000000e+00  0.000000e+00
 [66]  0.000000e+00 -2.408307e-02  0.000000e+00  0.000000e+00  0.000000e+00
 [71]  0.000000e+00  0.000000e+00  0.000000e+00  0.000000e+00  0.000000e+00
 [76]  0.000000e+00  0.000000e+00  0.000000e+00 -4.557823e-04  4.574802e-05
 [81]  0.000000e+00  0.000000e+00  0.000000e+00  0.000000e+00  0.000000e+00
 [86]  0.000000e+00  0.000000e+00  0.000000e+00  0.000000e+00  0.000000e+00
 [91]  0.000000e+00  0.000000e+00  0.000000e+00  0.000000e+00  0.000000e+00
 [96]  0.000000e+00  0.000000e+00  0.000000e+00  0.000000e+00  0.000000e+00
[101] -6.289353e-02  0.000000e+00  0.000000e+00  0.000000e+00  7.070071e-03
[106]  0.000000e+00  0.000000e+00  0.000000e+00  0.000000e+00  0.000000e+00
[111]  0.000000e+00  0.000000e+00  0.000000e+00  0.000000e+00  0.000000e+00
[116]  0.000000e+00  0.000000e+00  0.000000e+00  0.000000e+00  0.000000e+00
[121]  0.000000e+00  0.000000e+00  0.000000e+00  0.000000e+00  0.000000e+00
[126]  0.000000e+00  0.000000e+00  0.000000e+00  0.000000e+00  0.000000e+00
[131]  0.000000e+00  0.000000e+00  0.000000e+00  0.000000e+00  3.445093e-03
[136]  0.000000e+00  0.000000e+00  0.000000e+00 -3.824030e-05  0.000000e+00
[141]  0.000000e+00  2.076944e-01 -9.635003e-02  0.000000e+00  0.000000e+00
[146]  0.000000e+00  0.000000e+00  0.000000e+00  0.000000e+00  0.000000e+00
[151] -3.495231e-01  0.000000e+00  0.000000e+00  0.000000e+00  0.000000e+00
[156]  0.000000e+00 -2.782595e-04  0.000000e+00  0.000000e+00  0.000000e+00
[161]  0.000000e+00  0.000000e+00  0.000000e+00  0.000000e+00  0.000000e+00
[166]  0.000000e+00  0.000000e+00 -3.985169e-04  3.245386e-02  0.000000e+00
[171]  0.000000e+00  0.000000e+00  0.000000e+00 -6.039119e-03 -4.544273e-03
[176]  0.000000e+00  0.000000e+00  0.000000e+00  0.000000e+00  0.000000e+00
[181]  0.000000e+00  0.000000e+00  0.000000e+00  0.000000e+00  0.000000e+00
[186]  0.000000e+00  0.000000e+00  0.000000e+00  1.442936e-01  0.000000e+00
[191]  0.000000e+00  0.000000e+00  0.000000e+00  0.000000e+00 -2.690048e-04
[196]  0.000000e+00  7.277190e-03 -1.539525e-01  0.000000e+00  0.000000e+00
[201]  0.000000e+00  0.000000e+00  0.000000e+00  1.872391e-01  0.000000e+00
[206]  0.000000e+00
           [,1]       [,2]     [,3]     [,4]      [,5]         [,6]
 [1,] 0.2933451 -0.6880583 4.524337 2.457875 0.9482497  0.000000000
 [2,] 0.3413105 -1.3545054 3.776117 1.947830 1.1645489  0.000000000
 [3,] 0.2743359 -0.5576666 3.898388 1.873823 1.1278548 -0.193841955
 [4,] 0.2549405 -1.0191661 3.680620 1.120937 1.1367743  0.000000000
 [5,] 0.5109775 -0.1398774 4.486318 2.382734 1.4300556  0.000000000
 [6,] 0.4225474  0.5878846 4.905107 2.499175 1.4289475 -0.050528813
 [7,] 0.3237714  0.9956297 4.626592 1.025371 0.7252882  0.000000000
 [8,] 0.4269422  0.5767445 4.853542 2.680165 1.6753900 -0.003843841
 [9,] 0.3276528 -0.6934559 4.206240 2.427661 1.3907024 -0.379320767
[10,] 0.3303780  0.6595769 4.733373 2.146439 1.6503115  0.000000000
               [,7]          [,8]          [,9] [,10] [,11]     [,12] [,13]
 [1,]  0.000000e+00  0.000000e+00  0.000000e+00     0     0 0.0000000     0
 [2,]  0.000000e+00  0.000000e+00 -6.637098e-05     0     0 0.0000000     0
 [3,]  0.000000e+00  0.000000e+00  0.000000e+00     0     0 0.3052704     0
 [4,]  0.000000e+00  2.355550e-01  0.000000e+00     0     0 0.2688434     0
 [5,]  0.000000e+00 -3.447911e-02  6.716251e-04     0     0 0.0000000     0
 [6,]  0.000000e+00  0.000000e+00 -1.208361e-02     0     0 0.0000000     0
 [7,]  0.000000e+00 -1.195869e-05  0.000000e+00     0     0 0.0000000     0
 [8,]  0.000000e+00  1.932570e-02  0.000000e+00     0     0 0.0000000     0
 [9,]  7.294907e-02  0.000000e+00  1.153592e-06     0     0 0.0000000     0
[10,] -5.864687e-05  0.000000e+00  0.000000e+00     0     0 0.0000000     0
      [,14] [,15]       [,16]        [,17]        [,18] [,19]       [,20]
 [1,]     0     0  0.00000000 0.000000e+00  0.000000000     0 0.000000000
 [2,]     0     0  0.00000000 0.000000e+00  0.000000000     0 0.000000000
 [3,]     0     0  0.00000000 0.000000e+00  0.000000000     0 0.000000000
 [4,]     0     0  0.00000000 0.000000e+00  0.000000000     0 0.000000000
 [5,]     0     0 -0.08048139 0.000000e+00  0.000000000     0 0.000000000
 [6,]     0     0  0.00000000 0.000000e+00  0.000000000     0 0.000000000
 [7,]     0     0  0.00000000 6.823394e-05  0.000000000     0 0.000000000
 [8,]     0     0  0.00000000 0.000000e+00  0.000000000     0 0.000000000
 [9,]     0     0  0.00000000 0.000000e+00  0.000000000     0 0.000000000
[10,]     0     0  0.00000000 0.000000e+00 -0.009470262     0 0.002296536
           [,21]       [,22]         [,23]      [,24]       [,25]       [,26]
 [1,] 0.00000000  0.00000000  0.000000e+00 0.00000000  0.00000000  0.00000000
 [2,] 0.00000000  0.06531711  0.000000e+00 0.00000000  0.00000000 -0.04790784
 [3,] 0.00000000  0.00000000  2.234391e-01 0.00000000  0.00000000  0.00000000
 [4,] 0.00000000 -0.06836095  5.365334e-05 0.00000000  0.00000000  0.00000000
 [5,] 0.00000000  0.00000000  0.000000e+00 0.00000000  0.00000000  0.00000000
 [6,] 0.00000000  0.00000000  0.000000e+00 0.08551943 -0.06270385  0.00000000
 [7,] 0.00000000  0.00000000  0.000000e+00 0.00000000  0.03419066  0.00000000
 [8,] 0.00000000  0.00000000 -2.183022e-01 0.00000000  0.00000000  0.00000000
 [9,] 0.00000000  0.00000000  0.000000e+00 0.00000000  0.00000000  0.00000000
[10,] 0.07677568  0.00000000  6.964340e-02 0.00000000  0.00000000  0.00000000
           [,27]         [,28]     [,29]         [,30]         [,31]
 [1,] 0.00000000  0.0000000000 0.1202122  0.0000000000  0.000000e+00
 [2,] 0.04256717  0.0006695922 0.0000000  0.0000000000  0.000000e+00
 [3,] 0.00000000  0.0000000000 0.0000000  0.0000000000  0.000000e+00
 [4,] 0.00000000  0.0000000000 0.0000000  0.0000000000  0.000000e+00
 [5,] 0.00000000  0.0000000000 0.0000000  0.0000000000  0.000000e+00
 [6,] 0.00000000  0.0000000000 0.0000000  0.0000000000 -2.970491e-06
 [7,] 0.00000000 -0.2693079658 0.0000000  0.0000000000  0.000000e+00
 [8,] 0.30363013  0.0000000000 0.0000000 -0.0812298589  0.000000e+00
 [9,] 0.00000000  0.0000000000 0.0000000  0.0000000000  0.000000e+00
[10,] 0.00000000  0.0000000000 0.0000000  0.0007910679  0.000000e+00
             [,32]        [,33]     [,34]        [,35]        [,36]
 [1,]  0.000000000  0.000000000 0.0000000 -0.001437016 0.0000000000
 [2,]  0.000000000  0.000000000 0.0000000  0.000000000 0.0000000000
 [3,] -0.001136094 -0.008364941 0.0000000  0.000000000 0.0000000000
 [4,]  0.000000000  0.000000000 0.0000000  0.000000000 0.0000000000
 [5,]  0.000000000  0.074509670 0.0000000  0.000000000 0.0000000000
 [6,]  0.000000000  0.000000000 0.0000000 -0.135005331 0.0000000000
 [7,]  0.000000000  0.000000000 0.0000000  0.000000000 0.0001315687
 [8,]  0.000000000  0.000000000 0.1168807  0.000000000 0.0000000000
 [9,]  0.000000000  0.000000000 0.0000000  0.000000000 0.0000000000
[10,]  0.145450357  0.000000000 0.0000000  0.000000000 0.0000000000
             [,37]       [,38]      [,39]         [,40]       [,41]
 [1,] 0.0000000000  0.00000000  0.0000000  1.632984e-01 0.000000000
 [2,] 0.0000000000  0.00000000  0.0000000  0.000000e+00 0.000000000
 [3,] 0.0000000000  0.00000000 -0.1033663  2.601223e-06 0.006053705
 [4,] 0.0002852763  0.00000000  0.0000000  0.000000e+00 0.000000000
 [5,] 0.0000000000  0.00000000  0.0000000  0.000000e+00 0.000000000
 [6,] 0.0000000000 -0.08564791  0.0000000  0.000000e+00 0.000000000
 [7,] 0.0000000000  0.00000000  0.0000000 -6.100622e-02 0.000000000
 [8,] 0.0000000000  0.00000000  0.0000000  0.000000e+00 0.000000000
 [9,] 0.0000000000  0.00000000  0.1195829 -1.846528e-03 0.000000000
[10,] 0.0000000000  0.00000000  0.0000000  0.000000e+00 0.000000000
             [,42]         [,43]        [,44]        [,45]      [,46]
 [1,] 0.0000000000  0.0318030558 0.0000000000 0.0000000000 -0.0674873
 [2,] 0.0005111256 -0.0004425365 0.0000000000 0.0000000000  0.0000000
 [3,] 0.0000000000  0.0000000000 0.0000000000 0.0000000000  0.0000000
 [4,] 0.0000000000  0.0000000000 0.1601256074 0.0000000000  0.0000000
 [5,] 0.0000000000  0.0000000000 0.0009922848 0.0000000000  0.0000000
 [6,] 0.0000000000  0.0000000000 0.0357628247 0.0000000000  0.0000000
 [7,] 0.0000000000  0.0000000000 0.0000000000 0.0004531654  0.4473152
 [8,] 0.0000000000  0.0000000000 0.0000000000 0.0000000000  0.0000000
 [9,] 0.0000000000  0.0319235404 0.0000000000 0.0000000000  0.0000000
[10,] 0.0000000000  0.0000000000 0.0000000000 0.0000000000 -0.1761603
             [,47]        [,48]       [,49]       [,50]         [,51] [,52]
 [1,] 0.000000e+00 0.000000e+00  0.00000000 0.004078937  0.000000e+00     0
 [2,] 5.330066e-05 0.000000e+00  0.00000000 0.000000000  0.000000e+00     0
 [3,] 0.000000e+00 0.000000e+00  0.00000000 0.000000000  0.000000e+00     0
 [4,] 0.000000e+00 0.000000e+00  0.00000000 0.000000000 -4.334653e-04     0
 [5,] 0.000000e+00 4.907623e-04  0.00000000 0.000000000 -1.174909e-01     0
 [6,] 0.000000e+00 0.000000e+00  0.00000000 0.000000000 -8.056854e-05     0
 [7,] 3.680908e-03 0.000000e+00  0.00000000 0.000000000  0.000000e+00     0
 [8,] 0.000000e+00 1.166622e-05  0.00000000 0.000000000  0.000000e+00     0
 [9,] 0.000000e+00 0.000000e+00 -0.07916247 0.000000000  0.000000e+00     0
[10,] 0.000000e+00 0.000000e+00  0.00000000 0.000000000  0.000000e+00     0
              [,53]       [,54] [,55] [,56]        [,57]       [,58]      [,59]
 [1,]  0.000000e+00  0.00000000     0     0  0.000000000 0.000000000 0.02017892
 [2,] -4.227599e-05 -0.09264846     0     0 -0.008044018 0.000116681 0.00000000
 [3,]  0.000000e+00  0.00000000     0     0  0.000000000 0.000952655 0.00000000
 [4,] -6.294042e-02  0.00000000     0     0  0.000000000 0.000000000 0.00000000
 [5,]  0.000000e+00  0.00000000     0     0  0.000000000 0.000000000 0.00000000
 [6,]  0.000000e+00  0.00000000     0     0  0.000000000 0.000000000 0.00000000
 [7,]  0.000000e+00  0.00000000     0     0  0.000000000 0.000000000 0.00000000
 [8,]  0.000000e+00  0.00000000     0     0  0.000000000 0.000000000 0.00000000
 [9,]  2.768052e-05  0.00000000     0     0  0.000000000 0.000000000 0.00000000
[10,]  0.000000e+00  0.00000000     0     0  0.000000000 0.000000000 0.00000000
             [,60]        [,61]      [,62]     [,63]      [,64] [,65]
 [1,]  0.000000000 0.000000e+00  0.0000000 0.0000000  0.0000000     0
 [2,]  0.000000000 7.927769e-05  0.0000000 0.0000000  0.0000000     0
 [3,]  0.000000000 0.000000e+00 -0.0489200 0.0000000  0.0000000     0
 [4,]  0.000000000 0.000000e+00  0.0000000 0.0000000  0.0000000     0
 [5,] -0.006758782 0.000000e+00  0.0000000 0.0000000  0.0000000     0
 [6,]  0.000000000 0.000000e+00 -0.1885191 0.0000000  0.0000000     0
 [7,]  0.000000000 0.000000e+00  0.0000000 0.0000000  0.1922387     0
 [8,]  0.000000000 0.000000e+00  0.0000000 0.0000000  0.0000000     0
 [9,]  0.000000000 0.000000e+00  0.0000000 0.0000000 -0.1383086     0
[10,]  0.000000000 0.000000e+00  0.0000000 0.2655741  0.0000000     0
            [,66]         [,67] [,68]      [,69]         [,70]        [,71]
 [1,]  0.00000000  0.000000e+00     0 0.00000000  0.0000000000 0.000000e+00
 [2,]  0.00000000  1.941667e-05     0 0.00000000  0.4402457481 0.000000e+00
 [3,] -0.02569265  0.000000e+00     0 0.00000000  0.0000000000 0.000000e+00
 [4,]  0.00000000  0.000000e+00     0 0.00000000  0.0000000000 0.000000e+00
 [5,]  0.00000000  0.000000e+00     0 0.00000000 -0.0003660353 0.000000e+00
 [6,] -0.05802851  0.000000e+00     0 0.00000000  0.0000000000 0.000000e+00
 [7,]  0.00000000  0.000000e+00     0 0.00605546  0.0000000000 0.000000e+00
 [8,]  0.00000000 -3.399011e-02     0 0.00000000  0.0000000000 4.938829e-05
 [9,]  0.00000000  0.000000e+00     0 0.00000000  0.0000000000 0.000000e+00
[10,]  0.00000000 -2.408307e-02     0 0.00000000  0.0000000000 0.000000e+00
      [,72] [,73]         [,74] [,75]         [,76]     [,77]        [,78]
 [1,]     0     0 -0.0421782480     0  0.0000000000 0.0000000  0.000000000
 [2,]     0     0  0.0000000000     0  0.0000000000 0.0000000 -0.034462741
 [3,]     0     0  0.0000000000     0  0.1802388115 0.0000000 -0.007671345
 [4,]     0     0  0.0000000000     0  0.0000000000 0.0000000  0.000000000
 [5,]     0     0 -0.0001393247     0 -0.0634554639 0.0000000  0.000000000
 [6,]     0     0  0.0000000000     0 -0.0004044148 0.0584175  0.000000000
 [7,]     0     0  0.0000000000     0  0.0000000000 0.0000000  0.000000000
 [8,]     0     0  0.0000000000     0  0.0000000000 0.0000000  0.000000000
 [9,]     0     0  0.0000000000     0  0.0000000000 0.0000000  0.000000000
[10,]     0     0  0.0000000000     0  0.0000000000 0.0000000  0.000000000
              [,79]        [,80]       [,81]        [,82]       [,83]
 [1,]  0.0000000000 0.000000e+00 0.000000000  0.000000000  0.00000000
 [2,]  0.0000000000 0.000000e+00 0.002070668  0.000000000 -0.08568285
 [3,]  0.0000000000 0.000000e+00 0.000000000  0.000000000  0.00000000
 [4,]  0.1019786260 0.000000e+00 0.000000000  0.000000000  0.00000000
 [5,] -0.1361981630 0.000000e+00 0.023664803  0.000000000  0.10578750
 [6,]  0.0000000000 0.000000e+00 0.000000000 -0.001964616  0.00000000
 [7,]  0.0000000000 0.000000e+00 0.000000000  0.000000000  0.00000000
 [8,]  0.0000000000 1.411670e-03 0.000000000  0.000000000  0.00000000
 [9,]  0.0000000000 0.000000e+00 0.000000000  0.000000000  0.00000000
[10,] -0.0004557823 4.574802e-05 0.000000000  0.000000000  0.00000000
             [,84]      [,85]        [,86]      [,87]        [,88] [,89]
 [1,] 0.000000e+00  0.0000000  0.000000000 0.00000000 0.0000000000     0
 [2,] 0.000000e+00  0.0000000  0.000000000 0.00000000 0.0000000000     0
 [3,] 0.000000e+00  0.0000000  0.000000000 0.03575606 0.0000000000     0
 [4,] 0.000000e+00  0.0000000  0.000000000 0.00000000 0.0000000000     0
 [5,] 0.000000e+00  0.0000000  0.000000000 0.00000000 0.0004250241     0
 [6,] 0.000000e+00  0.0000000 -0.004353425 0.00000000 0.0000000000     0
 [7,] 9.119556e-05  0.0000000  0.000000000 0.07224095 0.0000000000     0
 [8,] 0.000000e+00 -0.1237597  0.000000000 0.00000000 0.0000000000     0
 [9,] 0.000000e+00  0.0000000  0.000000000 0.00000000 0.0000000000     0
[10,] 0.000000e+00  0.0000000  0.000000000 0.00000000 0.0000000000     0
            [,90]       [,91]         [,92]       [,93] [,94]         [,95]
 [1,]  0.00000000  0.00000000  0.0000000000  0.00000000     0  0.000000e+00
 [2,]  0.00000000  0.00000000  0.0000000000  0.00000000     0  0.000000e+00
 [3,]  0.03050522  0.00000000  0.0000000000  0.00000000     0  0.000000e+00
 [4,] -0.08204563  0.00000000  0.0000000000  0.00000000     0  3.938905e-06
 [5,]  0.00000000  0.00000000 -0.0002231787 -0.01149832     0  0.000000e+00
 [6,] -0.07068348  0.00000000  0.0000000000  0.00000000     0  0.000000e+00
 [7,]  0.00000000 -0.33434624  0.0000000000  0.00000000     0  0.000000e+00
 [8,]  0.00000000 -0.00024673  0.0000000000  0.00000000     0  0.000000e+00
 [9,]  0.00000000 -0.08813555  0.0101546786  0.00000000     0 -1.921775e-02
[10,]  0.00000000  0.00000000  0.0000000000  0.00000000     0  0.000000e+00
            [,96]         [,97] [,98]       [,99]     [,100]      [,101] [,102]
 [1,] -0.22188433  0.000000e+00     0  0.00000000 0.00000000  0.00000000      0
 [2,]  0.00000000  0.000000e+00     0 -0.16761326 0.00000000  0.00000000      0
 [3,]  0.00000000  0.000000e+00     0 -0.12411679 0.01472393  0.00000000      0
 [4,]  0.00000000  4.198262e-05     0 -0.03672571 0.00000000  0.00000000      0
 [5,]  0.00000000  0.000000e+00     0  0.00000000 0.00000000  0.00000000      0
 [6,]  0.00000000  0.000000e+00     0  0.00000000 0.00000000  0.00000000      0
 [7,]  0.00000000  0.000000e+00     0  0.00000000 0.00000000  0.00000000      0
 [8,]  0.04791218  0.000000e+00     0  0.00000000 0.00000000  0.00000000      0
 [9,]  0.00000000 -1.493460e-01     0  0.00000000 0.00000000  0.00000000      0
[10,]  0.00000000  0.000000e+00     0  0.00000000 0.00000000 -0.06289353      0
      [,103]        [,104]      [,105] [,106]        [,107]     [,108] [,109]
 [1,]      0  0.0000000000 0.000000000      0  0.000000e+00  0.0000000      0
 [2,]      0  0.0000000000 0.000000000      0  0.000000e+00 -0.3284447      0
 [3,]      0 -0.0006006789 0.000000000      0  0.000000e+00  0.0000000      0
 [4,]      0  0.0000000000 0.000000000      0 -5.092614e-05  0.0000000      0
 [5,]      0  0.0000000000 0.000000000      0  1.334617e-05  0.0000000      0
 [6,]      0  0.0000000000 0.000000000      0  0.000000e+00  0.0000000      0
 [7,]      0  0.0000000000 0.000000000      0  2.589158e-01  0.0000000      0
 [8,]      0  0.0000000000 0.130810849      0  0.000000e+00  0.0000000      0
 [9,]      0  0.0000000000 0.000000000      0  0.000000e+00  0.0000000      0
[10,]      0  0.0000000000 0.007070071      0  0.000000e+00  0.0000000      0
            [,110]      [,111]        [,112]        [,113]     [,114]
 [1,]  0.000000000  0.00000000  0.000000e+00  0.0000000000 0.00000000
 [2,]  0.000000000  0.00000000  0.000000e+00 -0.0348262889 0.01165862
 [3,]  0.080705578 -0.03471643  0.000000e+00  0.0000000000 0.00000000
 [4,]  0.000000000  0.00000000  3.797959e-05  0.0000000000 0.00000000
 [5,]  0.000000000  0.00000000  0.000000e+00  0.0000000000 0.00000000
 [6,] -0.004277895  0.00000000  0.000000e+00  0.1411308902 0.00000000
 [7,]  0.000000000  0.00000000 -6.275023e-02  0.0000000000 0.00000000
 [8,]  0.000000000  0.00000000  0.000000e+00  0.0002919189 0.00000000
 [9,]  0.099190288  0.00000000  0.000000e+00  0.0000000000 0.00000000
[10,]  0.000000000  0.00000000  0.000000e+00  0.0000000000 0.00000000
           [,115]      [,116]        [,117]     [,118] [,119]       [,120]
 [1,]  0.00000000  0.00000000  0.0000000000  0.0000000      0 7.031941e-05
 [2,]  0.00000000  0.00000000  0.0000000000  0.0000000      0 0.000000e+00
 [3,] -0.15726743  0.00000000  0.0000000000  0.0000000      0 2.853101e-01
 [4,]  0.00000000  0.00000000  0.0000000000 -0.3915935      0 0.000000e+00
 [5,]  0.00000000 -0.01545554  0.0000000000  0.0000000      0 0.000000e+00
 [6,]  0.00000000  0.00000000  0.0000000000  0.0000000      0 0.000000e+00
 [7,]  0.00000000  0.00000000  0.0000000000  0.0000000      0 0.000000e+00
 [8,]  0.00000000  0.00000000 -0.0271437600  0.0000000      0 0.000000e+00
 [9,] -0.04786615  0.00000000 -0.0004416308  0.0000000      0 0.000000e+00
[10,]  0.00000000  0.00000000  0.0000000000  0.0000000      0 0.000000e+00
      [,121]       [,122]        [,123]       [,124] [,125]        [,126]
 [1,]      0  0.000000000 -3.802621e-04 0.0000000000      0  0.0000000000
 [2,]      0  0.000000000  0.000000e+00 0.0000000000      0  0.0000000000
 [3,]      0  0.000000000  3.729537e-05 0.0000000000      0  0.0000000000
 [4,]      0  0.000000000 -1.959310e-01 0.0000000000      0  0.0000000000
 [5,]      0  0.000000000  0.000000e+00 0.0004057559      0 -0.0590398168
 [6,]      0  0.000000000  0.000000e+00 0.0000000000      0  0.0000000000
 [7,]      0  0.000000000  0.000000e+00 0.0000000000      0  0.0000000000
 [8,]      0 -0.000197976  0.000000e+00 0.0000000000      0  0.0000000000
 [9,]      0  0.000000000  0.000000e+00 0.0000000000      0  0.0001675803
[10,]      0  0.000000000  0.000000e+00 0.0000000000      0  0.0000000000
          [,127]       [,128]        [,129] [,130]        [,131]        [,132]
 [1,] 0.00000000 0.000000e+00  0.000000e+00      0  0.000000e+00 -0.0644294538
 [2,] 0.07384742 0.000000e+00  0.000000e+00      0  0.000000e+00  0.0000000000
 [3,] 0.00000000 0.000000e+00  0.000000e+00      0  0.000000e+00  0.0000000000
 [4,] 0.00000000 0.000000e+00 -1.672767e-01      0  0.000000e+00 -0.0006066527
 [5,] 0.00000000 0.000000e+00  0.000000e+00      0  0.000000e+00  0.0000000000
 [6,] 0.00000000 0.000000e+00  0.000000e+00      0  0.000000e+00  0.0000000000
 [7,] 0.00000000 1.850713e-05 -6.715493e-05      0  0.000000e+00  0.0000000000
 [8,] 0.00000000 0.000000e+00 -2.135963e-02      0 -6.879403e-05  0.0000000000
 [9,] 0.00000000 0.000000e+00  0.000000e+00      0  0.000000e+00  0.0000000000
[10,] 0.00000000 0.000000e+00  0.000000e+00      0  0.000000e+00  0.0000000000
      [,133]      [,134]      [,135]     [,136]        [,137]        [,138]
 [1,]      0  0.00000000 0.000000000  0.0000000 -9.826495e-02  0.0000000000
 [2,]      0  0.00000000 0.000000000  0.0000000 -8.865569e-06  0.0000000000
 [3,]      0  0.00000000 0.000000000 -0.1405495  0.000000e+00  0.0000000000
 [4,]      0  0.00000000 0.000000000  0.0000000  0.000000e+00  0.0000000000
 [5,]      0  0.00000000 0.000000000  0.0000000  0.000000e+00  0.0001606097
 [6,]      0  0.00000000 0.000000000  0.0000000 -4.048455e-02  0.0000000000
 [7,]      0  0.07168969 0.000000000  0.0000000  0.000000e+00  0.0000000000
 [8,]      0 -0.04056442 0.000000000  0.0000000  0.000000e+00  0.0000000000
 [9,]      0  0.00000000 0.000000000  0.0000000  0.000000e+00 -0.0000098996
[10,]      0  0.00000000 0.003445093  0.0000000  0.000000e+00  0.0000000000
             [,139]        [,140] [,141]        [,142]        [,143] [,144]
 [1,]  0.0000000000  0.0000000000      0  0.000000e+00  0.000000e+00      0
 [2,] -0.0001007411  0.0000000000      0  0.000000e+00  0.000000e+00      0
 [3,]  0.0000000000  0.0000000000      0  0.000000e+00  0.000000e+00      0
 [4,]  0.0000000000 -0.2668344117      0  0.000000e+00  0.000000e+00      0
 [5,]  0.0000000000  0.0003098333      0  0.000000e+00  5.953168e-05      0
 [6,]  0.0000000000  0.0000000000      0  0.000000e+00  0.000000e+00      0
 [7,]  0.0000000000  0.0000000000      0 -7.573401e-04  0.000000e+00      0
 [8,]  0.0000000000  0.0000000000      0 -1.213885e-05 -1.251753e-04      0
 [9,]  0.0000000000  0.0000000000      0  0.000000e+00  0.000000e+00      0
[10,] -0.0000382403  0.0000000000      0  2.076944e-01 -9.635003e-02      0
           [,145] [,146]     [,147]        [,148] [,149]      [,150]
 [1,]  0.00000000      0 0.00000000  0.000000e+00      0  0.00000000
 [2,]  0.00000000      0 0.00000000  0.000000e+00      0  0.00000000
 [3,]  0.00000000      0 0.00000000  0.000000e+00      0  0.00000000
 [4,]  0.00000000      0 0.00000000  0.000000e+00      0  0.00000000
 [5,]  0.00000000      0 0.04535526 -6.698654e-06      0  0.00000000
 [6,]  0.00000000      0 0.00000000  5.617218e-02      0  0.00000000
 [7,]  0.00000000      0 0.00000000  0.000000e+00      0 -0.09062716
 [8,]  0.00000000      0 0.00000000  0.000000e+00      0 -0.09612624
 [9,] -0.00610584      0 0.00000000  0.000000e+00      0  0.00000000
[10,]  0.00000000      0 0.00000000  0.000000e+00      0  0.00000000
             [,151]      [,152]       [,153]       [,154]        [,155]
 [1,]  0.0000000000 -0.05872758 0.000000e+00 0.0000000000  0.0000000000
 [2,]  0.0000000000  0.00000000 0.000000e+00 0.0000000000  0.0000000000
 [3,]  0.0000000000 -0.02596129 5.062812e-06 0.0000000000  0.0000000000
 [4,]  0.0000000000  0.00000000 0.000000e+00 0.0000000000  0.0000000000
 [5,]  0.0000000000  0.18053299 0.000000e+00 0.0001522859  0.0000000000
 [6,]  0.0000000000  0.00000000 0.000000e+00 0.0000000000  0.0000591483
 [7,]  0.0000000000  0.00000000 0.000000e+00 0.0000000000 -0.3526475137
 [8,]  0.0000000000  0.00000000 0.000000e+00 0.0000000000  0.0000000000
 [9,] -0.0003279515  0.00000000 0.000000e+00 0.0000000000  0.0000000000
[10,] -0.3495231196  0.00000000 0.000000e+00 0.0000000000  0.0000000000
             [,156]        [,157] [,158]        [,159]     [,160]      [,161]
 [1,]  0.000000e+00  0.0000000000      0  0.0000000000 0.00000000 0.001148299
 [2,]  0.000000e+00  0.0000000000      0  0.0000000000 0.00000000 0.000000000
 [3,]  0.000000e+00  0.0000000000      0  0.0000000000 0.00000000 0.000000000
 [4,]  0.000000e+00  0.0000000000      0  0.0000000000 0.00000000 0.026289565
 [5,]  1.570501e-02  0.0000000000      0  0.0001669367 0.00000000 0.000000000
 [6,]  0.000000e+00  0.0000000000      0  0.0000000000 0.00000000 0.000000000
 [7,] -1.194669e-01  0.0000000000      0  0.0000000000 0.04099445 0.000000000
 [8,]  6.958859e-05  0.0000000000      0  0.0000000000 0.00000000 0.000000000
 [9,]  0.000000e+00  0.0000000000      0 -0.0028455909 0.00000000 0.000000000
[10,]  0.000000e+00 -0.0002782595      0  0.0000000000 0.00000000 0.000000000
            [,162]     [,163]      [,164]        [,165] [,166]     [,167]
 [1,] 0.000000e+00 0.00000000 -0.05973737  0.0000000000      0  0.0000000
 [2,] 3.860691e-06 0.00000000  0.00000000 -0.3210923413      0  0.0000000
 [3,] 0.000000e+00 0.00000000  0.00000000  0.0000000000      0 -0.2884137
 [4,] 0.000000e+00 0.01476208  0.00000000  0.0000000000      0  0.0000000
 [5,] 0.000000e+00 0.02046473  0.00000000 -0.0006533911      0  0.0000000
 [6,] 0.000000e+00 0.00000000  0.00000000  0.0000000000      0  0.0000000
 [7,] 0.000000e+00 0.00000000  0.00000000  0.0000000000      0  0.0000000
 [8,] 0.000000e+00 0.00000000  0.00000000  0.0000000000      0  0.0000000
 [9,] 2.840144e-02 0.00000000  0.00000000  0.0000000000      0  0.0000000
[10,] 0.000000e+00 0.00000000  0.00000000  0.0000000000      0  0.0000000
             [,168]        [,169]       [,170] [,171]        [,172] [,173]
 [1,]  0.0000000000  0.0000000000 0.000000e+00      0  0.0000000000      0
 [2,]  0.0633585955  0.0000000000 0.000000e+00      0  0.0000000000      0
 [3,]  0.0000000000 -0.0001318031 0.000000e+00      0  0.0000000000      0
 [4,]  0.0000000000  0.0000000000 2.926618e-05      0  0.0000000000      0
 [5,]  0.0000000000  0.0000000000 2.907627e-04      0  0.0000000000      0
 [6,]  0.0000000000  0.0000000000 0.000000e+00      0  0.0000000000      0
 [7,]  0.0000000000  0.0000000000 0.000000e+00      0 -0.0067179014      0
 [8,]  0.0000000000  0.0000000000 0.000000e+00      0  0.0000000000      0
 [9,]  0.0000000000  0.0000000000 0.000000e+00      0 -0.0001062227      0
[10,] -0.0003985169  0.0324538623 0.000000e+00      0  0.0000000000      0
            [,174]       [,175]       [,176]       [,177]        [,178]
 [1,]  0.000000000  0.000000000 0.000000e+00 0.0000000000  0.1065671583
 [2,]  0.000000000  0.000000000 0.000000e+00 0.0000000000  0.0000000000
 [3,]  0.000000000  0.000000000 0.000000e+00 0.0000000000  0.0170631865
 [4,]  0.000000000  0.400469014 0.000000e+00 0.2678772266  0.0000000000
 [5,]  0.000000000  0.000000000 2.905713e-05 0.0004628997  0.0000000000
 [6,]  0.000000000  0.000000000 4.535841e-04 0.0000000000  0.0000000000
 [7,]  0.000000000  0.000000000 0.000000e+00 0.0000000000 -0.0000164323
 [8,]  0.000000000  0.000000000 0.000000e+00 0.0000000000  0.0000000000
 [9,]  0.065527450  0.000000000 0.000000e+00 0.0000000000  0.0000000000
[10,] -0.006039119 -0.004544273 0.000000e+00 0.0000000000  0.0000000000
            [,179] [,180]       [,181] [,182]        [,183]     [,184]
 [1,] 0.0000000000      0 0.0002874846      0  0.000000e+00  0.0000000
 [2,] 0.0000000000      0 0.0000000000      0  0.000000e+00  0.0000000
 [3,] 0.0000000000      0 0.0000000000      0  0.000000e+00  0.0000000
 [4,] 0.0126321320      0 0.0000000000      0  0.000000e+00  0.0000000
 [5,] 0.0004443572      0 0.0000000000      0  0.000000e+00  0.0000000
 [6,] 0.0000000000      0 0.0000000000      0  0.000000e+00 -0.1844199
 [7,] 0.0000000000      0 0.1087647684      0 -8.081066e-07  0.0000000
 [8,] 0.0000000000      0 0.0406788697      0  0.000000e+00  0.0000000
 [9,] 0.0000000000      0 0.0000000000      0  0.000000e+00  0.0000000
[10,] 0.0000000000      0 0.0000000000      0  0.000000e+00  0.0000000
             [,185]       [,186]      [,187]        [,188]       [,189]
 [1,]  0.0000000000 0.000000e+00  0.00000000  2.446238e-05  0.000000000
 [2,]  0.0000000000 0.000000e+00  0.00000000  0.000000e+00  0.000000000
 [3,]  0.0000000000 0.000000e+00  0.00000000  0.000000e+00  0.003853231
 [4,]  0.0000000000 1.531840e-02  0.00000000  0.000000e+00  0.000000000
 [5,]  0.0000000000 0.000000e+00 -0.02388832  0.000000e+00 -0.007526852
 [6,]  0.0000000000 0.000000e+00  0.00000000  0.000000e+00  0.018975626
 [7,]  0.0000000000 0.000000e+00  0.00000000  0.000000e+00 -0.079851125
 [8,] -0.0006396558 0.000000e+00  0.00000000  0.000000e+00  0.000000000
 [9,]  0.0000000000 7.280879e-06  0.00000000 -4.712160e-03  0.000000000
[10,]  0.0000000000 0.000000e+00  0.00000000  0.000000e+00  0.144293604
           [,190]     [,191]      [,192] [,193] [,194]        [,195] [,196]
 [1,] 0.000000000  0.0000000  0.00000000      0      0  0.000000e+00      0
 [2,] 0.000000000  0.0000000  0.00000000      0      0  1.310873e-05      0
 [3,] 0.000000000 -0.2134606  0.00000000      0      0  0.000000e+00      0
 [4,] 0.003962439  0.0000000  0.00000000      0      0  0.000000e+00      0
 [5,] 0.000000000  0.0000000  0.00000000      0      0  0.000000e+00      0
 [6,] 0.000000000  0.0000000  0.00000000      0      0  0.000000e+00      0
 [7,] 0.000000000  0.0000000  0.00000000      0      0  0.000000e+00      0
 [8,] 0.000000000  0.0000000 -0.02259104      0      0  0.000000e+00      0
 [9,] 0.000000000  0.0000000  0.00000000      0      0  0.000000e+00      0
[10,] 0.000000000  0.0000000  0.00000000      0      0 -2.690048e-04      0
           [,197]     [,198] [,199] [,200]       [,201]      [,202] [,203]
 [1,]  0.00000000  0.0000000      0      0 0.0000000000 -0.06579631      0
 [2,]  0.00000000  0.0000000      0      0 0.0000000000  0.00000000      0
 [3,]  0.00000000  0.0000000      0      0 0.0000000000  0.00000000      0
 [4,]  0.00000000  0.0000000      0      0 0.0001198527  0.00000000      0
 [5,]  0.00000000  0.0000000      0      0 0.0000000000  0.00000000      0
 [6,]  0.00000000  0.0000000      0      0 0.0000000000  0.00000000      0
 [7,]  0.00000000  0.0000000      0      0 0.0000000000  0.00000000      0
 [8,] -0.04985369  0.0000000      0      0 0.0000000000  0.00000000      0
 [9,]  0.00000000  0.0000000      0      0 0.0000000000  0.00000000      0
[10,]  0.00727719 -0.1539525      0      0 0.0000000000  0.00000000      0
            [,204]      [,205]     [,206]
 [1,]  0.000000000 0.000000000 0.00000000
 [2,]  0.029448400 0.000000000 0.03321519
 [3,]  0.000000000 0.000000000 0.00000000
 [4,] -0.253500000 0.063901147 0.00000000
 [5,]  0.009304382 0.002702726 0.08918821
 [6,]  0.000000000 0.024025739 0.00000000
 [7,]  0.000000000 0.000000000 0.00000000
 [8,]  0.000000000 0.000000000 0.00000000
 [9,]  0.000000000 0.000000000 0.00000000
[10,]  0.187239052 0.000000000 0.00000000
[1] "Mean"
  [1]  3.506201e-01 -1.632894e-01  4.369063e+00  2.056201e+00  1.267812e+00
  [6] -6.275354e-02  7.289042e-03  2.203896e-02 -1.147720e-03  0.000000e+00
 [11]  0.000000e+00  5.741138e-02  0.000000e+00  0.000000e+00  0.000000e+00
 [16] -8.048139e-03  6.823394e-06 -9.470262e-04  0.000000e+00  2.296536e-04
 [21]  7.677568e-03 -3.043833e-04  7.483391e-03  8.551943e-03 -2.851319e-03
 [26] -4.790784e-03  3.461973e-02 -2.686384e-02  1.202122e-02 -8.043879e-03
 [31] -2.970491e-07  1.443143e-02  6.614473e-03  1.168807e-02 -1.364423e-02
 [36]  1.315687e-05  2.852763e-05 -8.564791e-03  1.621668e-03  1.004482e-02
 [41]  6.053705e-04  5.111256e-05  6.328406e-03  1.968807e-02  4.531654e-05
 [46]  2.036677e-02  3.734209e-04  5.024285e-05 -7.916247e-03  4.078937e-04
 [51] -1.180049e-02  0.000000e+00 -6.295502e-03 -9.264846e-03  0.000000e+00
 [56]  0.000000e+00 -8.044018e-04  1.069336e-04  2.017892e-03 -6.758782e-04
 [61]  7.927769e-06 -2.374391e-02  2.655741e-02  5.393008e-03  0.000000e+00
 [66] -8.372116e-03 -5.805376e-03  0.000000e+00  6.055460e-04  4.398797e-02
 [71]  4.938829e-06  0.000000e+00  0.000000e+00 -4.231757e-03  0.000000e+00
 [76]  1.163789e-02  5.841750e-03 -4.213409e-03 -3.467532e-03  1.457418e-04
 [81]  2.573547e-03 -1.964616e-04  2.010465e-03  9.119556e-06 -1.237597e-02
 [86] -4.353425e-04  1.079970e-02  4.250241e-05  0.000000e+00 -1.222239e-02
 [91] -4.227285e-02  9.931500e-04 -1.149832e-03  0.000000e+00 -1.921381e-03
 [96] -1.739721e-02 -1.493040e-02  0.000000e+00 -3.284558e-02  1.472393e-03
[101] -6.289353e-03  0.000000e+00  0.000000e+00 -6.006789e-05  1.378809e-02
[106]  0.000000e+00  2.588782e-02 -3.284447e-02  0.000000e+00  1.756180e-02
[111] -3.471643e-03 -6.271225e-03  1.065965e-02  1.165862e-03 -2.051336e-02
[116] -1.545554e-03 -2.758539e-03 -3.915935e-02  0.000000e+00  2.853804e-02
[121]  0.000000e+00 -1.979760e-05 -1.962740e-02  4.057559e-05  0.000000e+00
[126] -5.887224e-03  7.384742e-03  1.850713e-06 -1.887035e-02  0.000000e+00
[131] -6.879403e-06 -6.503611e-03  0.000000e+00  3.112527e-03  3.445093e-04
[136] -1.405495e-02 -1.387584e-02  1.507101e-05 -1.389814e-05 -2.665246e-02
[141]  0.000000e+00  2.069249e-02 -9.641567e-03  0.000000e+00 -6.105840e-04
[146]  0.000000e+00  4.535526e-03  5.616548e-03  0.000000e+00 -1.867534e-02
[151] -3.498511e-02  9.584412e-03  5.062812e-07  1.522859e-05 -3.525884e-02
[156] -1.036923e-02 -2.782595e-05  0.000000e+00 -2.678654e-04  4.099445e-03
[161]  2.743786e-03  2.840530e-03  3.522680e-03 -5.973737e-03 -3.217457e-02
[166]  0.000000e+00 -2.884137e-02  6.296008e-03  3.232206e-03  3.200288e-05
[171]  0.000000e+00 -6.824124e-04  0.000000e+00  5.948833e-03  3.959247e-02
[176]  4.826412e-05  2.683401e-02  1.236139e-02  1.307649e-03  0.000000e+00
[181]  1.497311e-02  0.000000e+00 -8.081066e-08 -1.844199e-02 -6.396558e-05
[186]  1.532568e-03 -2.388832e-03 -4.687698e-04  7.974448e-03  3.962439e-04
[191] -2.134606e-02 -2.259104e-03  0.000000e+00  0.000000e+00 -2.558961e-05
[196]  0.000000e+00 -4.257650e-03 -1.539525e-02  0.000000e+00  0.000000e+00
[201]  1.198527e-05 -6.579631e-03  0.000000e+00 -2.750817e-03  9.062961e-03
[206]  1.224034e-02
[1] "Variance"
  [1] 7.938104e-02 8.162363e-01 4.512390e-01 5.756141e-01 3.025245e-01
  [6] 1.267749e-01 2.307059e-02 7.615138e-02 3.848471e-03 0.000000e+00
 [11] 0.000000e+00 1.213380e-01 0.000000e+00 0.000000e+00 0.000000e+00
 [16] 2.545045e-02 2.157747e-05 2.994760e-03 0.000000e+00 7.262283e-04
 [21] 2.427860e-02 3.151475e-02 1.063908e-01 2.704362e-02 2.361608e-02
 [26] 1.514979e-02 9.546260e-02 8.518644e-02 3.801443e-02 2.571613e-02
 [31] 9.393518e-07 4.603674e-02 2.400035e-02 3.696094e-02 4.264433e-02
 [36] 4.160566e-05 9.021229e-05 2.708425e-02 5.266073e-02 5.713779e-02
 [41] 1.914350e-03 1.616321e-04 1.345881e-02 5.060080e-02 1.433035e-04
 [46] 1.603918e-01 1.162253e-03 1.548262e-04 2.503337e-02 1.289873e-03
 [51] 3.713607e-02 0.000000e+00 1.990300e-02 2.929802e-02 0.000000e+00
 [56] 0.000000e+00 2.543742e-03 2.994102e-04 6.381135e-03 2.137315e-03
 [61] 2.506981e-05 5.990259e-02 8.398190e-02 7.873596e-02 0.000000e+00
 [66] 1.922526e-02 1.246461e-02 0.000000e+00 1.914905e-03 1.392308e-01
 [71] 1.561795e-05 0.000000e+00 0.000000e+00 1.333311e-02 0.000000e+00
 [76] 6.250190e-02 1.847324e-02 1.089853e-02 5.659756e-02 4.450342e-04
 [81] 7.439229e-03 6.212662e-04 4.532859e-02 2.883857e-05 3.913626e-02
 [86] 1.376674e-03 2.433770e-02 1.344044e-04 0.000000e+00 3.522048e-02
 [91] 1.062938e-01 3.219797e-03 3.636088e-03 0.000000e+00 6.077326e-03
 [96] 7.341026e-02 4.722882e-02 0.000000e+00 6.151752e-02 4.656115e-03
[101] 1.988868e-02 0.000000e+00 0.000000e+00 1.899513e-04 4.117760e-02
[106] 0.000000e+00 8.187768e-02 1.038633e-01 0.000000e+00 3.842198e-02
[111] 1.097830e-02 1.984470e-02 4.713409e-02 3.686779e-03 5.035015e-02
[116] 4.887471e-03 8.569217e-03 1.238328e-01 0.000000e+00 9.022051e-02
[121] 0.000000e+00 6.260550e-05 6.194689e-02 1.283113e-04 0.000000e+00
[126] 1.867599e-02 2.335260e-02 5.852468e-06 5.257463e-02 0.000000e+00
[131] 2.175458e-05 2.035396e-02 0.000000e+00 2.726008e-02 1.089434e-03
[136] 4.444566e-02 3.226558e-02 5.123165e-05 3.279484e-05 8.439139e-02
[141] 0.000000e+00 6.570619e-02 3.046628e-02 0.000000e+00 1.930836e-03
[146] 0.000000e+00 1.434259e-02 1.776344e-02 0.000000e+00 3.939240e-02
[151] 1.105174e-01 6.306651e-02 1.601002e-06 4.815703e-05 1.115190e-01
[156] 3.864912e-02 8.799339e-05 0.000000e+00 9.072386e-04 1.296358e-02
[161] 8.281010e-03 8.981187e-03 7.547120e-03 1.889061e-02 1.015156e-01
[166] 0.000000e+00 9.120442e-02 2.005014e-02 1.026753e-02 9.138295e-05
[171] 0.000000e+00 2.120917e-03 0.000000e+00 2.101965e-02 1.268071e-01
[176] 1.427074e-04 8.469408e-02 3.353219e-02 3.981468e-03 0.000000e+00
[181] 3.534385e-02 0.000000e+00 2.555458e-07 5.831870e-02 2.022769e-04
[186] 4.843848e-03 7.554149e-03 1.490995e-03 5.476465e-02 1.253033e-03
[191] 6.750217e-02 7.143913e-03 0.000000e+00 0.000000e+00 8.562656e-05
[196] 0.000000e+00 1.618323e-02 4.868404e-02 0.000000e+00 0.000000e+00
[201] 3.790074e-05 2.080662e-02 0.000000e+00 1.055140e-01 2.067345e-02
[206] 2.898185e-02
[1] "Bias"
  [1] -0.7662532 -1.1088596 -0.1261873 -0.3145997 -0.3660939 -0.8744929
  [7]        Inf        Inf       -Inf        NaN        NaN        Inf
 [13]        NaN        NaN        NaN       -Inf        Inf       -Inf
 [19]        NaN        Inf        Inf       -Inf        Inf        Inf
 [25]       -Inf       -Inf        Inf       -Inf        Inf       -Inf
 [31]       -Inf        Inf        Inf        Inf       -Inf        Inf
 [37]        Inf       -Inf        Inf        Inf        Inf        Inf
 [43]        Inf        Inf        Inf        Inf        Inf        Inf
 [49]       -Inf        Inf       -Inf        NaN       -Inf       -Inf
 [55]        NaN        NaN       -Inf        Inf        Inf       -Inf
 [61]        Inf       -Inf        Inf        Inf        NaN       -Inf
 [67]       -Inf        NaN        Inf        Inf        Inf        NaN
 [73]        NaN       -Inf        NaN        Inf        Inf       -Inf
 [79]       -Inf        Inf        Inf       -Inf        Inf        Inf
 [85]       -Inf       -Inf        Inf        Inf        NaN       -Inf
 [91]       -Inf        Inf       -Inf        NaN       -Inf       -Inf
 [97]       -Inf        NaN       -Inf        Inf       -Inf        NaN
[103]        NaN       -Inf        Inf        NaN        Inf       -Inf
[109]        NaN        Inf       -Inf       -Inf        Inf        Inf
[115]       -Inf       -Inf       -Inf       -Inf        NaN        Inf
[121]        NaN       -Inf       -Inf        Inf        NaN       -Inf
[127]        Inf        Inf       -Inf        NaN       -Inf       -Inf
[133]        NaN        Inf        Inf       -Inf       -Inf        Inf
[139]       -Inf       -Inf        NaN        Inf       -Inf        NaN
[145]       -Inf        NaN        Inf        Inf        NaN       -Inf
[151]       -Inf        Inf        Inf        Inf       -Inf       -Inf
[157]       -Inf        NaN       -Inf        Inf        Inf        Inf
[163]        Inf       -Inf       -Inf        NaN       -Inf        Inf
[169]        Inf        Inf        NaN       -Inf        NaN        Inf
[175]        Inf        Inf        Inf        Inf        Inf        NaN
[181]        Inf        NaN       -Inf       -Inf       -Inf        Inf
[187]       -Inf       -Inf        Inf        Inf       -Inf       -Inf
[193]        NaN        NaN       -Inf        NaN       -Inf       -Inf
[199]        NaN        NaN        Inf       -Inf        NaN       -Inf
[205]        Inf        Inf
[1] "Bias"
  [1] -0.7662532 -1.1088596 -0.1261873 -0.3145997 -0.3660939 -0.8744929
  [7]        Inf        Inf       -Inf        NaN        NaN        Inf
 [13]        NaN        NaN        NaN       -Inf        Inf       -Inf
 [19]        NaN        Inf        Inf       -Inf        Inf        Inf
 [25]       -Inf       -Inf        Inf       -Inf        Inf       -Inf
 [31]       -Inf        Inf        Inf        Inf       -Inf        Inf
 [37]        Inf       -Inf        Inf        Inf        Inf        Inf
 [43]        Inf        Inf        Inf        Inf        Inf        Inf
 [49]       -Inf        Inf       -Inf        NaN       -Inf       -Inf
 [55]        NaN        NaN       -Inf        Inf        Inf       -Inf
 [61]        Inf       -Inf        Inf        Inf        NaN       -Inf
 [67]       -Inf        NaN        Inf        Inf        Inf        NaN
 [73]        NaN       -Inf        NaN        Inf        Inf       -Inf
 [79]       -Inf        Inf        Inf       -Inf        Inf        Inf
 [85]       -Inf       -Inf        Inf        Inf        NaN       -Inf
 [91]       -Inf        Inf       -Inf        NaN       -Inf       -Inf
 [97]       -Inf        NaN       -Inf        Inf       -Inf        NaN
[103]        NaN       -Inf        Inf        NaN        Inf       -Inf
[109]        NaN        Inf       -Inf       -Inf        Inf        Inf
[115]       -Inf       -Inf       -Inf       -Inf        NaN        Inf
[121]        NaN       -Inf       -Inf        Inf        NaN       -Inf
[127]        Inf        Inf       -Inf        NaN       -Inf       -Inf
[133]        NaN        Inf        Inf       -Inf       -Inf        Inf
[139]       -Inf       -Inf        NaN        Inf       -Inf        NaN
[145]       -Inf        NaN        Inf        Inf        NaN       -Inf
[151]       -Inf        Inf        Inf        Inf       -Inf       -Inf
[157]       -Inf        NaN       -Inf        Inf        Inf        Inf
[163]        Inf       -Inf       -Inf        NaN       -Inf        Inf
[169]        Inf        Inf        NaN       -Inf        NaN        Inf
[175]        Inf        Inf        Inf        Inf        Inf        NaN
[181]        Inf        NaN       -Inf       -Inf       -Inf        Inf
[187]       -Inf       -Inf        Inf        Inf       -Inf       -Inf
[193]        NaN        NaN       -Inf        NaN       -Inf       -Inf
[199]        NaN        NaN        Inf       -Inf        NaN       -Inf
[205]        Inf        Inf
