[1] "broken"
final values in 1th iteration
  [1]  3.283174e-01  7.990543e-01  4.977328e+00  2.528945e+00  1.606661e+00
  [6] -2.035070e-01  0.000000e+00  2.762579e-02  0.000000e+00  0.000000e+00
 [11]  0.000000e+00  0.000000e+00  0.000000e+00  0.000000e+00  0.000000e+00
 [16]  0.000000e+00  0.000000e+00  0.000000e+00  0.000000e+00  0.000000e+00
 [21]  0.000000e+00  0.000000e+00  0.000000e+00  0.000000e+00  0.000000e+00
 [26]  0.000000e+00  0.000000e+00  0.000000e+00  6.405660e-07  0.000000e+00
 [31]  0.000000e+00  0.000000e+00  0.000000e+00  0.000000e+00  0.000000e+00
 [36]  0.000000e+00  0.000000e+00  0.000000e+00  0.000000e+00  0.000000e+00
 [41]  0.000000e+00  0.000000e+00  9.157748e-04  0.000000e+00  0.000000e+00
 [46]  0.000000e+00  0.000000e+00  0.000000e+00  0.000000e+00  2.002808e-02
 [51]  0.000000e+00  0.000000e+00  0.000000e+00  0.000000e+00  0.000000e+00
 [56]  0.000000e+00  0.000000e+00  0.000000e+00  1.419601e-04  0.000000e+00
 [61]  1.021509e-03  0.000000e+00  0.000000e+00  0.000000e+00  0.000000e+00
 [66]  0.000000e+00  0.000000e+00  0.000000e+00  0.000000e+00  0.000000e+00
 [71]  0.000000e+00  0.000000e+00 -5.384229e-05  0.000000e+00  5.112111e-02
 [76]  0.000000e+00  0.000000e+00  0.000000e+00  0.000000e+00  0.000000e+00
 [81]  0.000000e+00  0.000000e+00  6.520265e-05  0.000000e+00  0.000000e+00
 [86]  0.000000e+00  0.000000e+00  0.000000e+00  0.000000e+00  0.000000e+00
 [91]  0.000000e+00  0.000000e+00  0.000000e+00  0.000000e+00  0.000000e+00
 [96] -1.178853e-01  1.324852e-01  0.000000e+00  0.000000e+00  0.000000e+00
[101]  0.000000e+00  0.000000e+00 -1.015263e-04  0.000000e+00  0.000000e+00
[106]  0.000000e+00  0.000000e+00  0.000000e+00 -1.380986e-02  0.000000e+00
[111] -3.690758e-05  0.000000e+00  0.000000e+00  0.000000e+00  3.707585e-02
[116]  0.000000e+00  0.000000e+00  0.000000e+00  0.000000e+00  0.000000e+00
[121]  0.000000e+00  0.000000e+00  0.000000e+00  0.000000e+00 -2.939382e-02
[126]  0.000000e+00  0.000000e+00  0.000000e+00  0.000000e+00  0.000000e+00
[131]  0.000000e+00  0.000000e+00  0.000000e+00 -6.178886e-03 -1.931192e-04
[136]  0.000000e+00 -6.248508e-02  0.000000e+00  0.000000e+00  0.000000e+00
[141]  0.000000e+00  0.000000e+00  0.000000e+00  0.000000e+00  0.000000e+00
[146]  0.000000e+00  0.000000e+00 -2.228572e-02  0.000000e+00  0.000000e+00
[151]  0.000000e+00  0.000000e+00  0.000000e+00  0.000000e+00  0.000000e+00
[156] -3.668175e-03  0.000000e+00  0.000000e+00 -7.713391e-02  0.000000e+00
[161]  0.000000e+00  0.000000e+00  0.000000e+00 -4.055448e-02  0.000000e+00
[166]  0.000000e+00  0.000000e+00  0.000000e+00  2.661517e-02  0.000000e+00
[171]  0.000000e+00  0.000000e+00  0.000000e+00  0.000000e+00  0.000000e+00
[176]  0.000000e+00  0.000000e+00  0.000000e+00  0.000000e+00  0.000000e+00
[181]  0.000000e+00  0.000000e+00  1.517107e-02  0.000000e+00  0.000000e+00
[186]  0.000000e+00  0.000000e+00  0.000000e+00  0.000000e+00  0.000000e+00
[191]  0.000000e+00  0.000000e+00  6.468171e-05  0.000000e+00  0.000000e+00
[196]  0.000000e+00 -1.985163e-02  0.000000e+00  0.000000e+00  0.000000e+00
[201]  0.000000e+00 -1.258720e-01  0.000000e+00  0.000000e+00  0.000000e+00
[206]  0.000000e+00
[1] "broken"
[1] "broken"
[1] "broken"
[1] "broken"
final values in 2th iteration
  [1]  8.206824e-01  1.214997e+00  4.685776e+00  2.735103e+00  1.697558e+00
  [6] -3.128562e-01  0.000000e+00  0.000000e+00  0.000000e+00  0.000000e+00
 [11]  0.000000e+00  0.000000e+00  0.000000e+00  0.000000e+00  0.000000e+00
 [16]  0.000000e+00  2.060601e-03  0.000000e+00  0.000000e+00  0.000000e+00
 [21] -2.178173e-04  0.000000e+00 -6.079218e-03  0.000000e+00  0.000000e+00
 [26] -8.332684e-03  3.005675e-03  0.000000e+00  0.000000e+00  0.000000e+00
 [31]  0.000000e+00  0.000000e+00  0.000000e+00  0.000000e+00  1.539779e-05
 [36]  0.000000e+00  0.000000e+00  0.000000e+00  0.000000e+00  0.000000e+00
 [41]  0.000000e+00  0.000000e+00  0.000000e+00  1.066628e-03  0.000000e+00
 [46] -1.964461e-04  0.000000e+00  0.000000e+00  0.000000e+00  0.000000e+00
 [51]  0.000000e+00  0.000000e+00  0.000000e+00  0.000000e+00  0.000000e+00
 [56]  0.000000e+00  0.000000e+00  0.000000e+00  0.000000e+00  0.000000e+00
 [61]  0.000000e+00  0.000000e+00  0.000000e+00  0.000000e+00  0.000000e+00
 [66]  0.000000e+00  0.000000e+00  0.000000e+00  0.000000e+00  3.836356e-02
 [71]  0.000000e+00  0.000000e+00  0.000000e+00  0.000000e+00  0.000000e+00
 [76]  0.000000e+00  0.000000e+00  0.000000e+00  1.459334e-02  0.000000e+00
 [81]  1.259878e-01  0.000000e+00  0.000000e+00  0.000000e+00  0.000000e+00
 [86]  0.000000e+00  0.000000e+00  0.000000e+00  0.000000e+00  0.000000e+00
 [91]  0.000000e+00  0.000000e+00  0.000000e+00  0.000000e+00  0.000000e+00
 [96]  0.000000e+00  0.000000e+00  0.000000e+00  0.000000e+00  0.000000e+00
[101]  0.000000e+00  0.000000e+00 -7.151908e-03  9.427805e-04  0.000000e+00
[106]  0.000000e+00  0.000000e+00  0.000000e+00  0.000000e+00  0.000000e+00
[111]  0.000000e+00  0.000000e+00  0.000000e+00  0.000000e+00  0.000000e+00
[116]  0.000000e+00 -3.663311e-05  0.000000e+00  0.000000e+00  0.000000e+00
[121]  0.000000e+00  0.000000e+00  0.000000e+00  0.000000e+00  0.000000e+00
[126]  0.000000e+00  0.000000e+00  0.000000e+00 -2.141291e-04  0.000000e+00
[131]  0.000000e+00  0.000000e+00  0.000000e+00  0.000000e+00  0.000000e+00
[136]  0.000000e+00  0.000000e+00  0.000000e+00  0.000000e+00  0.000000e+00
[141]  9.564829e-05  0.000000e+00  0.000000e+00  0.000000e+00 -3.192947e-06
[146]  0.000000e+00  0.000000e+00  0.000000e+00  1.651151e-03  0.000000e+00
[151]  0.000000e+00  0.000000e+00  0.000000e+00  0.000000e+00  0.000000e+00
[156]  0.000000e+00  0.000000e+00  5.127822e-02  0.000000e+00  0.000000e+00
[161]  0.000000e+00  0.000000e+00  0.000000e+00  0.000000e+00 -2.478836e-03
[166]  0.000000e+00  0.000000e+00  0.000000e+00  0.000000e+00  0.000000e+00
[171]  0.000000e+00  0.000000e+00  0.000000e+00  0.000000e+00  0.000000e+00
[176]  0.000000e+00  5.436784e-05  0.000000e+00  0.000000e+00  0.000000e+00
[181]  0.000000e+00  0.000000e+00  0.000000e+00  0.000000e+00  0.000000e+00
[186]  0.000000e+00  0.000000e+00  0.000000e+00  0.000000e+00  0.000000e+00
[191]  0.000000e+00  0.000000e+00  0.000000e+00  0.000000e+00  1.336670e-04
[196]  0.000000e+00  0.000000e+00  0.000000e+00  0.000000e+00  0.000000e+00
[201]  0.000000e+00  0.000000e+00 -3.027201e-05  0.000000e+00  0.000000e+00
[206]  0.000000e+00
[1] "broken"
final values in 3th iteration
  [1]  3.053159e-01  7.374402e-01  4.546240e+00  2.721630e+00  1.581088e+00
  [6] -3.503518e-01  0.000000e+00  0.000000e+00  0.000000e+00 -1.953117e-02
 [11]  0.000000e+00  3.431821e-02  0.000000e+00  0.000000e+00  0.000000e+00
 [16] -8.581486e-04  0.000000e+00  0.000000e+00  0.000000e+00  0.000000e+00
 [21]  9.772707e-03 -7.895795e-02  4.480544e-02  0.000000e+00  0.000000e+00
 [26]  1.172043e-03  0.000000e+00  0.000000e+00  0.000000e+00  0.000000e+00
 [31]  0.000000e+00 -5.560280e-02  0.000000e+00  0.000000e+00  0.000000e+00
 [36]  0.000000e+00  0.000000e+00  0.000000e+00  0.000000e+00  0.000000e+00
 [41]  0.000000e+00  4.720722e-02  0.000000e+00  0.000000e+00  0.000000e+00
 [46]  0.000000e+00  0.000000e+00  0.000000e+00  0.000000e+00  0.000000e+00
 [51]  0.000000e+00  0.000000e+00  0.000000e+00  0.000000e+00  0.000000e+00
 [56]  0.000000e+00  0.000000e+00  0.000000e+00  0.000000e+00  0.000000e+00
 [61]  0.000000e+00 -7.367316e-02  0.000000e+00  0.000000e+00  0.000000e+00
 [66]  0.000000e+00  0.000000e+00  0.000000e+00  0.000000e+00 -2.698390e-02
 [71]  0.000000e+00  0.000000e+00  0.000000e+00 -1.073619e-01  0.000000e+00
 [76]  8.111967e-02  0.000000e+00  0.000000e+00  0.000000e+00  0.000000e+00
 [81]  0.000000e+00  0.000000e+00  0.000000e+00  0.000000e+00  0.000000e+00
 [86]  0.000000e+00  0.000000e+00  0.000000e+00  0.000000e+00  0.000000e+00
 [91]  0.000000e+00  0.000000e+00  0.000000e+00  0.000000e+00  5.110693e-02
 [96]  0.000000e+00  0.000000e+00  0.000000e+00  0.000000e+00  0.000000e+00
[101]  0.000000e+00  0.000000e+00  0.000000e+00  0.000000e+00  0.000000e+00
[106]  0.000000e+00  0.000000e+00  0.000000e+00  0.000000e+00  0.000000e+00
[111]  0.000000e+00 -4.570488e-02  0.000000e+00  0.000000e+00 -1.761826e-01
[116]  0.000000e+00 -5.111536e-06  0.000000e+00  0.000000e+00  7.522180e-02
[121]  0.000000e+00  0.000000e+00  0.000000e+00  0.000000e+00  0.000000e+00
[126]  0.000000e+00  0.000000e+00  0.000000e+00  0.000000e+00  0.000000e+00
[131]  0.000000e+00  0.000000e+00  0.000000e+00  0.000000e+00  0.000000e+00
[136]  0.000000e+00  0.000000e+00  3.062337e-02  0.000000e+00  0.000000e+00
[141]  0.000000e+00  0.000000e+00  0.000000e+00  0.000000e+00  0.000000e+00
[146]  0.000000e+00  0.000000e+00  0.000000e+00  0.000000e+00  0.000000e+00
[151]  0.000000e+00  0.000000e+00  0.000000e+00  0.000000e+00  0.000000e+00
[156]  0.000000e+00  0.000000e+00  0.000000e+00  0.000000e+00  0.000000e+00
[161]  0.000000e+00  0.000000e+00  0.000000e+00 -4.207973e-03  0.000000e+00
[166]  0.000000e+00 -3.491707e-02  0.000000e+00  0.000000e+00  2.827711e-02
[171]  0.000000e+00  0.000000e+00  8.669562e-03  0.000000e+00  0.000000e+00
[176]  0.000000e+00  0.000000e+00  7.648852e-02  0.000000e+00  0.000000e+00
[181]  0.000000e+00  0.000000e+00  0.000000e+00  0.000000e+00  0.000000e+00
[186]  0.000000e+00  0.000000e+00  0.000000e+00  1.028853e-01  0.000000e+00
[191] -2.352920e-01  0.000000e+00  0.000000e+00  0.000000e+00  0.000000e+00
[196]  0.000000e+00  0.000000e+00  0.000000e+00  0.000000e+00  0.000000e+00
[201]  0.000000e+00  0.000000e+00  0.000000e+00  0.000000e+00  0.000000e+00
[206]  0.000000e+00
[1] "broken"
final values in 4th iteration
  [1]  3.190722e-01  1.340215e+00  4.735869e+00  2.547875e+00  1.707854e+00
  [6] -3.685984e-01  0.000000e+00  0.000000e+00  0.000000e+00  0.000000e+00
 [11]  8.988422e-03  1.319331e-01  0.000000e+00  4.659078e-02  0.000000e+00
 [16]  0.000000e+00  0.000000e+00  0.000000e+00  0.000000e+00  0.000000e+00
 [21]  0.000000e+00  0.000000e+00  3.081953e-04  0.000000e+00  0.000000e+00
 [26]  0.000000e+00  0.000000e+00  0.000000e+00  0.000000e+00  0.000000e+00
 [31]  0.000000e+00  0.000000e+00  0.000000e+00  0.000000e+00  0.000000e+00
 [36]  0.000000e+00  9.654381e-02  0.000000e+00  0.000000e+00  0.000000e+00
 [41]  0.000000e+00  0.000000e+00  0.000000e+00  1.178933e-02  0.000000e+00
 [46]  0.000000e+00  0.000000e+00 -9.036263e-04  0.000000e+00  0.000000e+00
 [51]  0.000000e+00  0.000000e+00  0.000000e+00  0.000000e+00  1.674607e-02
 [56]  0.000000e+00  0.000000e+00  0.000000e+00  0.000000e+00  0.000000e+00
 [61]  0.000000e+00  0.000000e+00  0.000000e+00  0.000000e+00  0.000000e+00
 [66]  0.000000e+00  0.000000e+00 -3.664532e-02  0.000000e+00  0.000000e+00
 [71]  0.000000e+00  0.000000e+00  0.000000e+00  0.000000e+00  0.000000e+00
 [76]  0.000000e+00  0.000000e+00  0.000000e+00  5.038807e-02  0.000000e+00
 [81]  0.000000e+00  0.000000e+00  0.000000e+00  0.000000e+00  0.000000e+00
 [86]  0.000000e+00  0.000000e+00  0.000000e+00  0.000000e+00 -4.376904e-02
 [91]  0.000000e+00  0.000000e+00  0.000000e+00  0.000000e+00  0.000000e+00
 [96]  0.000000e+00  0.000000e+00  0.000000e+00 -4.171122e-02  0.000000e+00
[101]  0.000000e+00  0.000000e+00  0.000000e+00  0.000000e+00  0.000000e+00
[106]  0.000000e+00 -4.562956e-02  0.000000e+00  0.000000e+00  0.000000e+00
[111]  0.000000e+00  0.000000e+00  0.000000e+00  0.000000e+00  0.000000e+00
[116]  0.000000e+00  0.000000e+00  0.000000e+00  0.000000e+00  0.000000e+00
[121] -1.606523e-02  0.000000e+00 -3.993126e-02  0.000000e+00  0.000000e+00
[126]  0.000000e+00  5.515091e-02  0.000000e+00 -1.279895e-01  0.000000e+00
[131]  0.000000e+00  0.000000e+00  0.000000e+00  0.000000e+00  0.000000e+00
[136]  0.000000e+00  0.000000e+00  0.000000e+00  0.000000e+00  0.000000e+00
[141]  0.000000e+00  0.000000e+00  0.000000e+00  3.236750e-05  0.000000e+00
[146]  0.000000e+00  0.000000e+00  0.000000e+00  0.000000e+00 -2.149288e-03
[151]  0.000000e+00  0.000000e+00  0.000000e+00  0.000000e+00  0.000000e+00
[156]  0.000000e+00  0.000000e+00  0.000000e+00  0.000000e+00  0.000000e+00
[161]  0.000000e+00  0.000000e+00  0.000000e+00  0.000000e+00  0.000000e+00
[166]  0.000000e+00  0.000000e+00  0.000000e+00  0.000000e+00  0.000000e+00
[171]  0.000000e+00  0.000000e+00 -9.927469e-02  0.000000e+00  0.000000e+00
[176]  0.000000e+00  1.166806e-01  0.000000e+00  0.000000e+00  0.000000e+00
[181]  0.000000e+00  0.000000e+00  0.000000e+00  0.000000e+00  0.000000e+00
[186]  4.225355e-02  0.000000e+00  0.000000e+00  0.000000e+00  1.084201e-05
[191]  0.000000e+00  0.000000e+00  0.000000e+00  0.000000e+00  0.000000e+00
[196] -2.237875e-02  0.000000e+00  0.000000e+00  0.000000e+00  0.000000e+00
[201]  0.000000e+00  0.000000e+00  0.000000e+00 -2.135757e-01  0.000000e+00
[206]  0.000000e+00
[1] "broken"
final values in 5th iteration
  [1]  4.157420e-01  1.342217e+00  4.960652e+00  2.834238e+00  1.684823e+00
  [6] -1.709414e-01  0.000000e+00  0.000000e+00  0.000000e+00  6.903659e-03
 [11]  0.000000e+00  0.000000e+00  0.000000e+00  0.000000e+00  0.000000e+00
 [16] -3.636580e-02  0.000000e+00  0.000000e+00  0.000000e+00  0.000000e+00
 [21]  0.000000e+00  0.000000e+00  0.000000e+00  0.000000e+00  0.000000e+00
 [26]  0.000000e+00  5.578523e-04  2.846303e-02  0.000000e+00  0.000000e+00
 [31]  0.000000e+00  0.000000e+00  0.000000e+00  0.000000e+00  0.000000e+00
 [36]  0.000000e+00  0.000000e+00  0.000000e+00  0.000000e+00  0.000000e+00
 [41]  0.000000e+00  0.000000e+00  0.000000e+00  1.010098e-01  0.000000e+00
 [46]  0.000000e+00  0.000000e+00  0.000000e+00  0.000000e+00  0.000000e+00
 [51] -5.874500e-02  0.000000e+00  0.000000e+00  0.000000e+00  0.000000e+00
 [56]  0.000000e+00  0.000000e+00  0.000000e+00  0.000000e+00  0.000000e+00
 [61]  0.000000e+00  0.000000e+00  0.000000e+00  0.000000e+00  0.000000e+00
 [66]  0.000000e+00  0.000000e+00  0.000000e+00  0.000000e+00  0.000000e+00
 [71]  1.443782e-01  0.000000e+00  0.000000e+00  0.000000e+00  9.853647e-06
 [76] -1.308742e-01  0.000000e+00  0.000000e+00  0.000000e+00  0.000000e+00
 [81]  0.000000e+00  0.000000e+00  8.451380e-02  0.000000e+00  0.000000e+00
 [86]  0.000000e+00  0.000000e+00  0.000000e+00  0.000000e+00  0.000000e+00
 [91]  0.000000e+00  0.000000e+00  0.000000e+00  0.000000e+00 -3.808547e-05
 [96]  0.000000e+00  0.000000e+00  0.000000e+00  0.000000e+00  0.000000e+00
[101]  0.000000e+00 -4.727092e-05  0.000000e+00  0.000000e+00  0.000000e+00
[106]  0.000000e+00  0.000000e+00  0.000000e+00  0.000000e+00  0.000000e+00
[111]  0.000000e+00  0.000000e+00  0.000000e+00  0.000000e+00  0.000000e+00
[116]  0.000000e+00  0.000000e+00  0.000000e+00  0.000000e+00  0.000000e+00
[121]  0.000000e+00  0.000000e+00  0.000000e+00  0.000000e+00  0.000000e+00
[126]  0.000000e+00  0.000000e+00  0.000000e+00  0.000000e+00  0.000000e+00
[131]  0.000000e+00  0.000000e+00  0.000000e+00  0.000000e+00  0.000000e+00
[136]  0.000000e+00  0.000000e+00  0.000000e+00  0.000000e+00  0.000000e+00
[141]  0.000000e+00  0.000000e+00  0.000000e+00  0.000000e+00  0.000000e+00
[146]  0.000000e+00  0.000000e+00 -7.604477e-04  0.000000e+00  0.000000e+00
[151]  0.000000e+00  4.225936e-02  0.000000e+00  0.000000e+00  0.000000e+00
[156]  0.000000e+00  0.000000e+00  0.000000e+00  0.000000e+00  0.000000e+00
[161]  4.152229e-02  0.000000e+00  0.000000e+00  0.000000e+00 -1.770132e-02
[166]  0.000000e+00  0.000000e+00  0.000000e+00  0.000000e+00  0.000000e+00
[171]  0.000000e+00  0.000000e+00  0.000000e+00  0.000000e+00  0.000000e+00
[176]  1.419055e-03  1.156028e-02  0.000000e+00  0.000000e+00  0.000000e+00
[181]  0.000000e+00  0.000000e+00  0.000000e+00  0.000000e+00  5.363100e-04
[186]  0.000000e+00 -6.787919e-02  0.000000e+00 -5.718896e-02  0.000000e+00
[191]  0.000000e+00  0.000000e+00  0.000000e+00  0.000000e+00  0.000000e+00
[196]  0.000000e+00  0.000000e+00  0.000000e+00  0.000000e+00  0.000000e+00
[201]  0.000000e+00  0.000000e+00  1.504524e-02  0.000000e+00  0.000000e+00
[206]  8.256774e-02
[1] "broken"
final values in 6th iteration
  [1]  4.204745e-01  1.369248e+00  5.024598e+00  2.751622e+00  1.639713e+00
  [6] -3.478236e-01  0.000000e+00  0.000000e+00  0.000000e+00  0.000000e+00
 [11]  0.000000e+00  0.000000e+00  0.000000e+00  0.000000e+00  0.000000e+00
 [16]  0.000000e+00  5.876691e-02  0.000000e+00  0.000000e+00  0.000000e+00
 [21] -1.015242e-01  0.000000e+00  0.000000e+00  0.000000e+00 -8.898481e-03
 [26]  0.000000e+00  0.000000e+00  0.000000e+00  0.000000e+00 -2.685608e-04
 [31]  0.000000e+00  0.000000e+00  0.000000e+00  0.000000e+00 -2.834632e-02
 [36]  0.000000e+00  0.000000e+00  0.000000e+00  0.000000e+00  0.000000e+00
 [41]  0.000000e+00  0.000000e+00  0.000000e+00  0.000000e+00  0.000000e+00
 [46]  0.000000e+00  0.000000e+00  0.000000e+00  0.000000e+00  0.000000e+00
 [51] -2.066776e-01  0.000000e+00  0.000000e+00  0.000000e+00  0.000000e+00
 [56]  0.000000e+00  0.000000e+00  0.000000e+00  0.000000e+00  0.000000e+00
 [61]  0.000000e+00 -1.149410e-01  7.528716e-02  0.000000e+00  0.000000e+00
 [66]  0.000000e+00  0.000000e+00  0.000000e+00  0.000000e+00  0.000000e+00
 [71]  0.000000e+00  0.000000e+00  0.000000e+00  0.000000e+00  0.000000e+00
 [76]  0.000000e+00  0.000000e+00  0.000000e+00  0.000000e+00  0.000000e+00
 [81]  0.000000e+00  0.000000e+00  0.000000e+00  0.000000e+00  0.000000e+00
 [86]  0.000000e+00  0.000000e+00  0.000000e+00 -1.189776e-02  0.000000e+00
 [91]  0.000000e+00  0.000000e+00 -2.011629e-03  0.000000e+00  0.000000e+00
 [96]  0.000000e+00  0.000000e+00  1.117415e-02  0.000000e+00  0.000000e+00
[101]  0.000000e+00  0.000000e+00  0.000000e+00  0.000000e+00  0.000000e+00
[106]  0.000000e+00  0.000000e+00  0.000000e+00  9.174519e-02  0.000000e+00
[111]  0.000000e+00  0.000000e+00  5.744633e-03  0.000000e+00  0.000000e+00
[116]  0.000000e+00  0.000000e+00  0.000000e+00  0.000000e+00  0.000000e+00
[121]  0.000000e+00  0.000000e+00  0.000000e+00  0.000000e+00  0.000000e+00
[126]  0.000000e+00  0.000000e+00  0.000000e+00  0.000000e+00  0.000000e+00
[131] -5.386392e-02  0.000000e+00  0.000000e+00  0.000000e+00  0.000000e+00
[136]  0.000000e+00 -5.102140e-05  0.000000e+00  0.000000e+00  0.000000e+00
[141]  0.000000e+00  0.000000e+00  0.000000e+00  0.000000e+00  0.000000e+00
[146]  0.000000e+00 -1.004375e-02  2.611001e-04  0.000000e+00  0.000000e+00
[151]  0.000000e+00  4.110827e-04  0.000000e+00  0.000000e+00  3.264811e-02
[156]  0.000000e+00  0.000000e+00  0.000000e+00  0.000000e+00  0.000000e+00
[161]  0.000000e+00  0.000000e+00  0.000000e+00  0.000000e+00  0.000000e+00
[166]  0.000000e+00  0.000000e+00  4.983894e-05  0.000000e+00  0.000000e+00
[171]  0.000000e+00  0.000000e+00  0.000000e+00  9.271141e-05  0.000000e+00
[176]  1.241397e-02  0.000000e+00  0.000000e+00  0.000000e+00  0.000000e+00
[181]  0.000000e+00  0.000000e+00  0.000000e+00  0.000000e+00  0.000000e+00
[186]  0.000000e+00  0.000000e+00  0.000000e+00  4.404809e-02  0.000000e+00
[191]  1.587904e-03  0.000000e+00  0.000000e+00  0.000000e+00  0.000000e+00
[196]  0.000000e+00  0.000000e+00  0.000000e+00  0.000000e+00  0.000000e+00
[201]  0.000000e+00  0.000000e+00  0.000000e+00  0.000000e+00  0.000000e+00
[206]  0.000000e+00
[1] "broken"
[1] "broken"
[1] "broken"
[1] "broken"
[1] "broken"
[1] "broken"
[1] "broken"
[1] "broken"
final values in 7th iteration
  [1]  4.828286e-01  1.654241e+00  4.968040e+00  2.552938e+00  1.551466e+00
  [6] -1.431789e-01  0.000000e+00 -6.841279e-02 -2.320578e-04  0.000000e+00
 [11]  0.000000e+00  0.000000e+00  8.254169e-02  0.000000e+00  0.000000e+00
 [16]  0.000000e+00  0.000000e+00  0.000000e+00  0.000000e+00  2.561748e-02
 [21]  3.691611e-03 -9.844354e-02  0.000000e+00  0.000000e+00  0.000000e+00
 [26]  0.000000e+00  0.000000e+00 -8.364760e-07  1.456759e-03  0.000000e+00
 [31] -7.775587e-05  0.000000e+00  0.000000e+00  0.000000e+00  0.000000e+00
 [36]  1.071736e-02  0.000000e+00  0.000000e+00  0.000000e+00 -9.967627e-02
 [41]  0.000000e+00  0.000000e+00  3.295319e-05 -1.494315e-02  0.000000e+00
 [46]  1.480823e-02  0.000000e+00  5.969980e-07  0.000000e+00  0.000000e+00
 [51]  0.000000e+00  0.000000e+00  0.000000e+00  3.206031e-05  0.000000e+00
 [56]  0.000000e+00  0.000000e+00  0.000000e+00 -2.708308e-02  0.000000e+00
 [61]  0.000000e+00  0.000000e+00  0.000000e+00  0.000000e+00 -5.041708e-02
 [66] -7.053536e-04  0.000000e+00  0.000000e+00  0.000000e+00  0.000000e+00
 [71]  0.000000e+00  0.000000e+00  0.000000e+00  0.000000e+00  0.000000e+00
 [76] -3.663777e-05  0.000000e+00 -7.960941e-04  0.000000e+00 -2.776331e-02
 [81]  0.000000e+00  0.000000e+00  0.000000e+00  2.208564e-02 -6.575544e-02
 [86]  0.000000e+00  1.755540e-02  0.000000e+00  0.000000e+00  0.000000e+00
 [91]  0.000000e+00  0.000000e+00  5.562643e-05  0.000000e+00  0.000000e+00
 [96]  0.000000e+00  0.000000e+00  0.000000e+00  0.000000e+00  0.000000e+00
[101]  0.000000e+00  0.000000e+00  0.000000e+00  0.000000e+00  0.000000e+00
[106]  0.000000e+00  3.987788e-02  0.000000e+00  0.000000e+00  0.000000e+00
[111]  0.000000e+00  0.000000e+00  0.000000e+00  0.000000e+00  0.000000e+00
[116]  0.000000e+00  3.397755e-02  0.000000e+00  0.000000e+00  0.000000e+00
[121]  0.000000e+00  0.000000e+00  0.000000e+00 -1.680447e-06  0.000000e+00
[126]  0.000000e+00 -3.206489e-04  3.185001e-05  0.000000e+00  0.000000e+00
[131]  0.000000e+00  0.000000e+00  0.000000e+00  1.927671e-06 -3.367937e-03
[136]  0.000000e+00  0.000000e+00  0.000000e+00  0.000000e+00  2.050473e-04
[141]  0.000000e+00  0.000000e+00  0.000000e+00  0.000000e+00  0.000000e+00
[146]  0.000000e+00  0.000000e+00  0.000000e+00  0.000000e+00 -2.729016e-02
[151]  0.000000e+00  0.000000e+00  0.000000e+00  0.000000e+00 -3.727104e-02
[156]  0.000000e+00  0.000000e+00  0.000000e+00  1.268457e-04  1.481080e-02
[161]  0.000000e+00  0.000000e+00  0.000000e+00  0.000000e+00 -2.493960e-06
[166]  0.000000e+00  0.000000e+00  0.000000e+00  0.000000e+00  0.000000e+00
[171]  0.000000e+00  0.000000e+00  8.050147e-04  0.000000e+00  0.000000e+00
[176]  0.000000e+00  0.000000e+00  0.000000e+00  0.000000e+00  0.000000e+00
[181]  1.154924e-01  0.000000e+00 -2.038257e-01  0.000000e+00  0.000000e+00
[186]  0.000000e+00  0.000000e+00  0.000000e+00  0.000000e+00  0.000000e+00
[191] -2.915868e-03  0.000000e+00  0.000000e+00  0.000000e+00  0.000000e+00
[196]  1.457596e-02  0.000000e+00  0.000000e+00  0.000000e+00  0.000000e+00
[201]  0.000000e+00  0.000000e+00  0.000000e+00  0.000000e+00  0.000000e+00
[206]  0.000000e+00
[1] "broken"
final values in 8th iteration
  [1]  4.375131e-01  1.231055e+00  4.918845e+00  2.812529e+00  1.853386e+00
  [6] -3.480144e-01  0.000000e+00  5.477918e-02  0.000000e+00  0.000000e+00
 [11]  0.000000e+00  0.000000e+00  0.000000e+00  0.000000e+00  0.000000e+00
 [16]  0.000000e+00  0.000000e+00  0.000000e+00  0.000000e+00  0.000000e+00
 [21]  0.000000e+00 -1.019860e-02 -5.143342e-02  0.000000e+00  0.000000e+00
 [26]  0.000000e+00  1.131350e-01 -3.754029e-02  0.000000e+00  0.000000e+00
 [31]  0.000000e+00  0.000000e+00  2.387285e-06  1.280931e-02  0.000000e+00
 [36]  0.000000e+00  0.000000e+00  0.000000e+00  0.000000e+00  0.000000e+00
 [41]  0.000000e+00  0.000000e+00  0.000000e+00 -3.011315e-02  0.000000e+00
 [46]  0.000000e+00  0.000000e+00  0.000000e+00 -7.065714e-02  0.000000e+00
 [51]  0.000000e+00  0.000000e+00  0.000000e+00  0.000000e+00  0.000000e+00
 [56]  0.000000e+00  0.000000e+00  0.000000e+00  0.000000e+00  0.000000e+00
 [61]  0.000000e+00  0.000000e+00  0.000000e+00  0.000000e+00  0.000000e+00
 [66]  0.000000e+00  0.000000e+00  0.000000e+00  0.000000e+00 -1.845829e-03
 [71]  5.821050e-02  0.000000e+00  0.000000e+00  0.000000e+00 -3.758525e-02
 [76]  0.000000e+00  0.000000e+00  0.000000e+00  0.000000e+00  0.000000e+00
 [81]  0.000000e+00  0.000000e+00  0.000000e+00 -1.304388e-02 -3.116046e-02
 [86]  3.176153e-03  0.000000e+00  0.000000e+00  0.000000e+00  0.000000e+00
 [91]  0.000000e+00  0.000000e+00  5.872863e-02  0.000000e+00  0.000000e+00
 [96]  0.000000e+00  0.000000e+00  0.000000e+00  0.000000e+00  0.000000e+00
[101]  0.000000e+00  0.000000e+00 -4.261525e-02 -2.214461e-05  2.061694e-02
[106]  0.000000e+00  0.000000e+00  0.000000e+00  0.000000e+00  0.000000e+00
[111]  0.000000e+00  0.000000e+00  0.000000e+00  0.000000e+00  0.000000e+00
[116]  0.000000e+00  0.000000e+00  0.000000e+00  0.000000e+00  0.000000e+00
[121]  0.000000e+00  0.000000e+00  0.000000e+00  0.000000e+00  0.000000e+00
[126]  0.000000e+00  0.000000e+00  0.000000e+00  0.000000e+00  0.000000e+00
[131]  0.000000e+00  0.000000e+00  0.000000e+00 -6.364411e-02  0.000000e+00
[136]  0.000000e+00  0.000000e+00  0.000000e+00  0.000000e+00  0.000000e+00
[141]  0.000000e+00  0.000000e+00 -4.072178e-02  0.000000e+00  0.000000e+00
[146]  1.457415e-02  0.000000e+00  0.000000e+00 -2.370042e-02  0.000000e+00
[151]  0.000000e+00  4.647789e-03  0.000000e+00  0.000000e+00  0.000000e+00
[156]  0.000000e+00  0.000000e+00  0.000000e+00  0.000000e+00  0.000000e+00
[161]  0.000000e+00  0.000000e+00  0.000000e+00  0.000000e+00  0.000000e+00
[166]  0.000000e+00  0.000000e+00  8.878214e-02  0.000000e+00  0.000000e+00
[171]  0.000000e+00  0.000000e+00  0.000000e+00  0.000000e+00  0.000000e+00
[176]  0.000000e+00  0.000000e+00  0.000000e+00  0.000000e+00  0.000000e+00
[181]  0.000000e+00  0.000000e+00  0.000000e+00  0.000000e+00 -3.557964e-03
[186]  0.000000e+00  0.000000e+00  0.000000e+00  0.000000e+00  0.000000e+00
[191]  0.000000e+00  0.000000e+00  0.000000e+00  0.000000e+00  0.000000e+00
[196]  0.000000e+00  0.000000e+00  0.000000e+00  0.000000e+00  0.000000e+00
[201]  0.000000e+00  0.000000e+00  0.000000e+00  0.000000e+00  0.000000e+00
[206]  0.000000e+00
final values in 9th iteration
  [1]  3.745683e-01  1.560396e+00  4.862155e+00  2.988737e+00  1.712568e+00
  [6] -2.167114e-01  1.198683e-01  0.000000e+00  0.000000e+00  0.000000e+00
 [11]  0.000000e+00  0.000000e+00  0.000000e+00  0.000000e+00  0.000000e+00
 [16]  0.000000e+00  0.000000e+00  0.000000e+00  0.000000e+00  0.000000e+00
 [21]  0.000000e+00  0.000000e+00  0.000000e+00  0.000000e+00  0.000000e+00
 [26]  0.000000e+00  0.000000e+00  0.000000e+00  0.000000e+00  0.000000e+00
 [31]  0.000000e+00  0.000000e+00  0.000000e+00  0.000000e+00  0.000000e+00
 [36]  0.000000e+00  0.000000e+00  0.000000e+00  0.000000e+00  0.000000e+00
 [41]  8.556792e-02  0.000000e+00  0.000000e+00  0.000000e+00  0.000000e+00
 [46]  0.000000e+00  0.000000e+00  0.000000e+00 -7.019254e-02  0.000000e+00
 [51]  0.000000e+00  0.000000e+00  0.000000e+00  0.000000e+00  0.000000e+00
 [56]  0.000000e+00 -1.671519e-02  0.000000e+00  0.000000e+00  0.000000e+00
 [61] -5.779055e-05  0.000000e+00  0.000000e+00  0.000000e+00  0.000000e+00
 [66]  0.000000e+00  0.000000e+00  0.000000e+00 -5.594470e-03 -2.279521e-02
 [71]  0.000000e+00  0.000000e+00  0.000000e+00  0.000000e+00  0.000000e+00
 [76]  0.000000e+00  0.000000e+00  0.000000e+00  0.000000e+00  0.000000e+00
 [81]  0.000000e+00  0.000000e+00  0.000000e+00  0.000000e+00  0.000000e+00
 [86] -9.163747e-02  0.000000e+00  0.000000e+00  0.000000e+00  0.000000e+00
 [91]  0.000000e+00  0.000000e+00  0.000000e+00  0.000000e+00 -8.417578e-02
 [96]  0.000000e+00 -7.789353e-02  0.000000e+00  0.000000e+00  0.000000e+00
[101]  0.000000e+00  0.000000e+00  3.035920e-02  0.000000e+00  0.000000e+00
[106]  0.000000e+00  0.000000e+00  0.000000e+00  1.891604e-04  0.000000e+00
[111]  0.000000e+00  0.000000e+00  0.000000e+00  0.000000e+00  0.000000e+00
[116]  0.000000e+00  0.000000e+00  0.000000e+00  0.000000e+00  0.000000e+00
[121] -1.607041e-02  0.000000e+00  0.000000e+00  0.000000e+00  0.000000e+00
[126]  0.000000e+00  0.000000e+00  0.000000e+00  3.323727e-02  0.000000e+00
[131]  0.000000e+00  0.000000e+00  0.000000e+00  0.000000e+00  0.000000e+00
[136]  0.000000e+00  0.000000e+00  0.000000e+00  0.000000e+00  0.000000e+00
[141]  0.000000e+00  0.000000e+00  0.000000e+00 -3.527550e-02  0.000000e+00
[146]  0.000000e+00  0.000000e+00  0.000000e+00  0.000000e+00  0.000000e+00
[151]  0.000000e+00  0.000000e+00  0.000000e+00  0.000000e+00  0.000000e+00
[156]  0.000000e+00  0.000000e+00  0.000000e+00  0.000000e+00  0.000000e+00
[161]  0.000000e+00  0.000000e+00  0.000000e+00  0.000000e+00  0.000000e+00
[166] -3.973050e-02  0.000000e+00  0.000000e+00  0.000000e+00  0.000000e+00
[171]  0.000000e+00 -4.416976e-02  0.000000e+00  0.000000e+00  0.000000e+00
[176]  0.000000e+00  0.000000e+00  0.000000e+00  0.000000e+00  0.000000e+00
[181]  0.000000e+00  0.000000e+00  0.000000e+00  0.000000e+00  0.000000e+00
[186]  0.000000e+00 -3.140779e-02  0.000000e+00  0.000000e+00  0.000000e+00
[191]  0.000000e+00  0.000000e+00  0.000000e+00  0.000000e+00 -3.874085e-06
[196]  0.000000e+00  0.000000e+00  0.000000e+00  0.000000e+00  0.000000e+00
[201]  0.000000e+00  0.000000e+00  4.795270e-02  0.000000e+00  0.000000e+00
[206]  0.000000e+00
[1] "broken"
[1] "broken"
final values in 10th iteration
  [1]  5.521561e-01  1.463356e+00  5.013589e+00  2.729807e+00  1.935886e+00
  [6] -3.234822e-01 -3.287610e-02  0.000000e+00  0.000000e+00  0.000000e+00
 [11]  0.000000e+00  0.000000e+00  0.000000e+00  0.000000e+00  0.000000e+00
 [16]  2.900411e-03  0.000000e+00  0.000000e+00  0.000000e+00  0.000000e+00
 [21]  0.000000e+00  0.000000e+00  0.000000e+00  0.000000e+00  0.000000e+00
 [26]  0.000000e+00  0.000000e+00  0.000000e+00  5.844819e-06  1.217524e-02
 [31]  0.000000e+00  2.301741e-02  0.000000e+00  0.000000e+00  0.000000e+00
 [36]  0.000000e+00  0.000000e+00  0.000000e+00  0.000000e+00  0.000000e+00
 [41]  0.000000e+00  0.000000e+00  0.000000e+00  0.000000e+00  0.000000e+00
 [46]  0.000000e+00  0.000000e+00  0.000000e+00  0.000000e+00  0.000000e+00
 [51]  0.000000e+00  0.000000e+00  0.000000e+00  0.000000e+00  0.000000e+00
 [56]  0.000000e+00  0.000000e+00  0.000000e+00  0.000000e+00  0.000000e+00
 [61]  0.000000e+00  0.000000e+00  2.496519e-04 -2.538497e-02  0.000000e+00
 [66]  0.000000e+00  0.000000e+00  0.000000e+00  0.000000e+00  0.000000e+00
 [71]  0.000000e+00  0.000000e+00  0.000000e+00  0.000000e+00  0.000000e+00
 [76]  0.000000e+00  0.000000e+00  0.000000e+00  0.000000e+00  8.861775e-03
 [81]  1.122821e-06  0.000000e+00  0.000000e+00  0.000000e+00  0.000000e+00
 [86]  0.000000e+00  2.585453e-03  0.000000e+00  0.000000e+00  0.000000e+00
 [91]  0.000000e+00  0.000000e+00  0.000000e+00  0.000000e+00  0.000000e+00
 [96]  0.000000e+00  0.000000e+00  0.000000e+00  0.000000e+00  0.000000e+00
[101] -9.583760e-02  0.000000e+00  0.000000e+00  0.000000e+00  1.854497e-05
[106]  0.000000e+00  0.000000e+00  0.000000e+00 -1.849223e-02  0.000000e+00
[111]  0.000000e+00  0.000000e+00  0.000000e+00  0.000000e+00  0.000000e+00
[116]  0.000000e+00  0.000000e+00  0.000000e+00  0.000000e+00  1.179707e-04
[121]  0.000000e+00  2.310732e-02  0.000000e+00  0.000000e+00  0.000000e+00
[126]  0.000000e+00  0.000000e+00 -1.899760e-02  0.000000e+00  0.000000e+00
[131]  0.000000e+00  0.000000e+00  0.000000e+00  0.000000e+00  0.000000e+00
[136]  0.000000e+00  0.000000e+00  0.000000e+00  0.000000e+00  0.000000e+00
[141]  0.000000e+00  0.000000e+00  0.000000e+00  0.000000e+00  0.000000e+00
[146]  0.000000e+00  0.000000e+00  0.000000e+00  0.000000e+00  0.000000e+00
[151]  0.000000e+00  0.000000e+00  0.000000e+00  0.000000e+00  0.000000e+00
[156]  0.000000e+00 -4.590960e-06  0.000000e+00  0.000000e+00  0.000000e+00
[161]  0.000000e+00 -1.431995e-02  0.000000e+00  0.000000e+00  0.000000e+00
[166]  0.000000e+00  0.000000e+00  0.000000e+00  0.000000e+00  0.000000e+00
[171]  0.000000e+00  0.000000e+00  0.000000e+00 -8.126240e-02 -9.396446e-02
[176]  0.000000e+00  0.000000e+00  0.000000e+00  0.000000e+00  0.000000e+00
[181]  0.000000e+00  0.000000e+00  0.000000e+00  0.000000e+00  0.000000e+00
[186]  0.000000e+00  0.000000e+00  0.000000e+00  0.000000e+00  0.000000e+00
[191]  0.000000e+00  0.000000e+00  0.000000e+00  0.000000e+00  0.000000e+00
[196]  0.000000e+00  0.000000e+00  0.000000e+00  0.000000e+00  0.000000e+00
[201]  0.000000e+00  0.000000e+00  0.000000e+00  0.000000e+00  0.000000e+00
[206]  0.000000e+00
           [,1]      [,2]     [,3]     [,4]     [,5]       [,6]       [,7]
 [1,] 0.3283174 0.7990543 4.977328 2.528945 1.606661 -0.2035070  0.0000000
 [2,] 0.8206824 1.2149975 4.685776 2.735103 1.697558 -0.3128562  0.0000000
 [3,] 0.3053159 0.7374402 4.546240 2.721630 1.581088 -0.3503518  0.0000000
 [4,] 0.3190722 1.3402151 4.735869 2.547875 1.707854 -0.3685984  0.0000000
 [5,] 0.4157420 1.3422167 4.960652 2.834238 1.684823 -0.1709414  0.0000000
 [6,] 0.4204745 1.3692481 5.024598 2.751622 1.639713 -0.3478236  0.0000000
 [7,] 0.4828286 1.6542411 4.968040 2.552938 1.551466 -0.1431789  0.0000000
 [8,] 0.4375131 1.2310547 4.918845 2.812529 1.853386 -0.3480144  0.0000000
 [9,] 0.3745683 1.5603963 4.862155 2.988737 1.712568 -0.2167114  0.1198683
[10,] 0.5521561 1.4633562 5.013589 2.729807 1.935886 -0.3234822 -0.0328761
             [,8]          [,9]        [,10]       [,11]      [,12]      [,13]
 [1,]  0.02762579  0.0000000000  0.000000000 0.000000000 0.00000000 0.00000000
 [2,]  0.00000000  0.0000000000  0.000000000 0.000000000 0.00000000 0.00000000
 [3,]  0.00000000  0.0000000000 -0.019531171 0.000000000 0.03431821 0.00000000
 [4,]  0.00000000  0.0000000000  0.000000000 0.008988422 0.13193311 0.00000000
 [5,]  0.00000000  0.0000000000  0.006903659 0.000000000 0.00000000 0.00000000
 [6,]  0.00000000  0.0000000000  0.000000000 0.000000000 0.00000000 0.00000000
 [7,] -0.06841279 -0.0002320578  0.000000000 0.000000000 0.00000000 0.08254169
 [8,]  0.05477918  0.0000000000  0.000000000 0.000000000 0.00000000 0.00000000
 [9,]  0.00000000  0.0000000000  0.000000000 0.000000000 0.00000000 0.00000000
[10,]  0.00000000  0.0000000000  0.000000000 0.000000000 0.00000000 0.00000000
           [,14] [,15]         [,16]       [,17] [,18] [,19]      [,20]
 [1,] 0.00000000     0  0.0000000000 0.000000000     0     0 0.00000000
 [2,] 0.00000000     0  0.0000000000 0.002060601     0     0 0.00000000
 [3,] 0.00000000     0 -0.0008581486 0.000000000     0     0 0.00000000
 [4,] 0.04659078     0  0.0000000000 0.000000000     0     0 0.00000000
 [5,] 0.00000000     0 -0.0363658043 0.000000000     0     0 0.00000000
 [6,] 0.00000000     0  0.0000000000 0.058766911     0     0 0.00000000
 [7,] 0.00000000     0  0.0000000000 0.000000000     0     0 0.02561748
 [8,] 0.00000000     0  0.0000000000 0.000000000     0     0 0.00000000
 [9,] 0.00000000     0  0.0000000000 0.000000000     0     0 0.00000000
[10,] 0.00000000     0  0.0029004113 0.000000000     0     0 0.00000000
              [,21]       [,22]         [,23] [,24]        [,25]        [,26]
 [1,]  0.0000000000  0.00000000  0.0000000000     0  0.000000000  0.000000000
 [2,] -0.0002178173  0.00000000 -0.0060792182     0  0.000000000 -0.008332684
 [3,]  0.0097727073 -0.07895795  0.0448054401     0  0.000000000  0.001172043
 [4,]  0.0000000000  0.00000000  0.0003081953     0  0.000000000  0.000000000
 [5,]  0.0000000000  0.00000000  0.0000000000     0  0.000000000  0.000000000
 [6,] -0.1015241977  0.00000000  0.0000000000     0 -0.008898481  0.000000000
 [7,]  0.0036916107 -0.09844354  0.0000000000     0  0.000000000  0.000000000
 [8,]  0.0000000000 -0.01019860 -0.0514334171     0  0.000000000  0.000000000
 [9,]  0.0000000000  0.00000000  0.0000000000     0  0.000000000  0.000000000
[10,]  0.0000000000  0.00000000  0.0000000000     0  0.000000000  0.000000000
             [,27]         [,28]        [,29]         [,30]         [,31]
 [1,] 0.0000000000  0.000000e+00 6.405660e-07  0.0000000000  0.000000e+00
 [2,] 0.0030056752  0.000000e+00 0.000000e+00  0.0000000000  0.000000e+00
 [3,] 0.0000000000  0.000000e+00 0.000000e+00  0.0000000000  0.000000e+00
 [4,] 0.0000000000  0.000000e+00 0.000000e+00  0.0000000000  0.000000e+00
 [5,] 0.0005578523  2.846303e-02 0.000000e+00  0.0000000000  0.000000e+00
 [6,] 0.0000000000  0.000000e+00 0.000000e+00 -0.0002685608  0.000000e+00
 [7,] 0.0000000000 -8.364760e-07 1.456759e-03  0.0000000000 -7.775587e-05
 [8,] 0.1131349900 -3.754029e-02 0.000000e+00  0.0000000000  0.000000e+00
 [9,] 0.0000000000  0.000000e+00 0.000000e+00  0.0000000000  0.000000e+00
[10,] 0.0000000000  0.000000e+00 5.844819e-06  0.0121752433  0.000000e+00
            [,32]        [,33]      [,34]         [,35]      [,36]      [,37]
 [1,]  0.00000000 0.000000e+00 0.00000000  0.000000e+00 0.00000000 0.00000000
 [2,]  0.00000000 0.000000e+00 0.00000000  1.539779e-05 0.00000000 0.00000000
 [3,] -0.05560280 0.000000e+00 0.00000000  0.000000e+00 0.00000000 0.00000000
 [4,]  0.00000000 0.000000e+00 0.00000000  0.000000e+00 0.00000000 0.09654381
 [5,]  0.00000000 0.000000e+00 0.00000000  0.000000e+00 0.00000000 0.00000000
 [6,]  0.00000000 0.000000e+00 0.00000000 -2.834632e-02 0.00000000 0.00000000
 [7,]  0.00000000 0.000000e+00 0.00000000  0.000000e+00 0.01071736 0.00000000
 [8,]  0.00000000 2.387285e-06 0.01280931  0.000000e+00 0.00000000 0.00000000
 [9,]  0.00000000 0.000000e+00 0.00000000  0.000000e+00 0.00000000 0.00000000
[10,]  0.02301741 0.000000e+00 0.00000000  0.000000e+00 0.00000000 0.00000000
      [,38] [,39]       [,40]      [,41]      [,42]        [,43]        [,44]
 [1,]     0     0  0.00000000 0.00000000 0.00000000 9.157748e-04  0.000000000
 [2,]     0     0  0.00000000 0.00000000 0.00000000 0.000000e+00  0.001066628
 [3,]     0     0  0.00000000 0.00000000 0.04720722 0.000000e+00  0.000000000
 [4,]     0     0  0.00000000 0.00000000 0.00000000 0.000000e+00  0.011789328
 [5,]     0     0  0.00000000 0.00000000 0.00000000 0.000000e+00  0.101009757
 [6,]     0     0  0.00000000 0.00000000 0.00000000 0.000000e+00  0.000000000
 [7,]     0     0 -0.09967627 0.00000000 0.00000000 3.295319e-05 -0.014943147
 [8,]     0     0  0.00000000 0.00000000 0.00000000 0.000000e+00 -0.030113152
 [9,]     0     0  0.00000000 0.08556792 0.00000000 0.000000e+00  0.000000000
[10,]     0     0  0.00000000 0.00000000 0.00000000 0.000000e+00  0.000000000
      [,45]         [,46] [,47]         [,48]       [,49]      [,50]      [,51]
 [1,]     0  0.0000000000     0  0.000000e+00  0.00000000 0.02002808  0.0000000
 [2,]     0 -0.0001964461     0  0.000000e+00  0.00000000 0.00000000  0.0000000
 [3,]     0  0.0000000000     0  0.000000e+00  0.00000000 0.00000000  0.0000000
 [4,]     0  0.0000000000     0 -9.036263e-04  0.00000000 0.00000000  0.0000000
 [5,]     0  0.0000000000     0  0.000000e+00  0.00000000 0.00000000 -0.0587450
 [6,]     0  0.0000000000     0  0.000000e+00  0.00000000 0.00000000 -0.2066776
 [7,]     0  0.0148082295     0  5.969980e-07  0.00000000 0.00000000  0.0000000
 [8,]     0  0.0000000000     0  0.000000e+00 -0.07065714 0.00000000  0.0000000
 [9,]     0  0.0000000000     0  0.000000e+00 -0.07019254 0.00000000  0.0000000
[10,]     0  0.0000000000     0  0.000000e+00  0.00000000 0.00000000  0.0000000
      [,52] [,53]        [,54]      [,55] [,56]       [,57] [,58]         [,59]
 [1,]     0     0 0.000000e+00 0.00000000     0  0.00000000     0  0.0001419601
 [2,]     0     0 0.000000e+00 0.00000000     0  0.00000000     0  0.0000000000
 [3,]     0     0 0.000000e+00 0.00000000     0  0.00000000     0  0.0000000000
 [4,]     0     0 0.000000e+00 0.01674607     0  0.00000000     0  0.0000000000
 [5,]     0     0 0.000000e+00 0.00000000     0  0.00000000     0  0.0000000000
 [6,]     0     0 0.000000e+00 0.00000000     0  0.00000000     0  0.0000000000
 [7,]     0     0 3.206031e-05 0.00000000     0  0.00000000     0 -0.0270830765
 [8,]     0     0 0.000000e+00 0.00000000     0  0.00000000     0  0.0000000000
 [9,]     0     0 0.000000e+00 0.00000000     0 -0.01671519     0  0.0000000000
[10,]     0     0 0.000000e+00 0.00000000     0  0.00000000     0  0.0000000000
      [,60]         [,61]       [,62]        [,63]       [,64]       [,65]
 [1,]     0  1.021509e-03  0.00000000 0.0000000000  0.00000000  0.00000000
 [2,]     0  0.000000e+00  0.00000000 0.0000000000  0.00000000  0.00000000
 [3,]     0  0.000000e+00 -0.07367316 0.0000000000  0.00000000  0.00000000
 [4,]     0  0.000000e+00  0.00000000 0.0000000000  0.00000000  0.00000000
 [5,]     0  0.000000e+00  0.00000000 0.0000000000  0.00000000  0.00000000
 [6,]     0  0.000000e+00 -0.11494105 0.0752871630  0.00000000  0.00000000
 [7,]     0  0.000000e+00  0.00000000 0.0000000000  0.00000000 -0.05041708
 [8,]     0  0.000000e+00  0.00000000 0.0000000000  0.00000000  0.00000000
 [9,]     0 -5.779055e-05  0.00000000 0.0000000000  0.00000000  0.00000000
[10,]     0  0.000000e+00  0.00000000 0.0002496519 -0.02538497  0.00000000
              [,66] [,67]       [,68]       [,69]        [,70]     [,71] [,72]
 [1,]  0.0000000000     0  0.00000000  0.00000000  0.000000000 0.0000000     0
 [2,]  0.0000000000     0  0.00000000  0.00000000  0.038363561 0.0000000     0
 [3,]  0.0000000000     0  0.00000000  0.00000000 -0.026983899 0.0000000     0
 [4,]  0.0000000000     0 -0.03664532  0.00000000  0.000000000 0.0000000     0
 [5,]  0.0000000000     0  0.00000000  0.00000000  0.000000000 0.1443782     0
 [6,]  0.0000000000     0  0.00000000  0.00000000  0.000000000 0.0000000     0
 [7,] -0.0007053536     0  0.00000000  0.00000000  0.000000000 0.0000000     0
 [8,]  0.0000000000     0  0.00000000  0.00000000 -0.001845829 0.0582105     0
 [9,]  0.0000000000     0  0.00000000 -0.00559447 -0.022795210 0.0000000     0
[10,]  0.0000000000     0  0.00000000  0.00000000  0.000000000 0.0000000     0
              [,73]      [,74]         [,75]         [,76] [,77]         [,78]
 [1,] -5.384229e-05  0.0000000  5.112111e-02  0.000000e+00     0  0.0000000000
 [2,]  0.000000e+00  0.0000000  0.000000e+00  0.000000e+00     0  0.0000000000
 [3,]  0.000000e+00 -0.1073619  0.000000e+00  8.111967e-02     0  0.0000000000
 [4,]  0.000000e+00  0.0000000  0.000000e+00  0.000000e+00     0  0.0000000000
 [5,]  0.000000e+00  0.0000000  9.853647e-06 -1.308742e-01     0  0.0000000000
 [6,]  0.000000e+00  0.0000000  0.000000e+00  0.000000e+00     0  0.0000000000
 [7,]  0.000000e+00  0.0000000  0.000000e+00 -3.663777e-05     0 -0.0007960941
 [8,]  0.000000e+00  0.0000000 -3.758525e-02  0.000000e+00     0  0.0000000000
 [9,]  0.000000e+00  0.0000000  0.000000e+00  0.000000e+00     0  0.0000000000
[10,]  0.000000e+00  0.0000000  0.000000e+00  0.000000e+00     0  0.0000000000
           [,79]        [,80]        [,81] [,82]        [,83]       [,84]
 [1,] 0.00000000  0.000000000 0.000000e+00     0 6.520265e-05  0.00000000
 [2,] 0.01459334  0.000000000 1.259878e-01     0 0.000000e+00  0.00000000
 [3,] 0.00000000  0.000000000 0.000000e+00     0 0.000000e+00  0.00000000
 [4,] 0.05038807  0.000000000 0.000000e+00     0 0.000000e+00  0.00000000
 [5,] 0.00000000  0.000000000 0.000000e+00     0 8.451380e-02  0.00000000
 [6,] 0.00000000  0.000000000 0.000000e+00     0 0.000000e+00  0.00000000
 [7,] 0.00000000 -0.027763310 0.000000e+00     0 0.000000e+00  0.02208564
 [8,] 0.00000000  0.000000000 0.000000e+00     0 0.000000e+00 -0.01304388
 [9,] 0.00000000  0.000000000 0.000000e+00     0 0.000000e+00  0.00000000
[10,] 0.00000000  0.008861775 1.122821e-06     0 0.000000e+00  0.00000000
            [,85]        [,86]       [,87] [,88]       [,89]       [,90] [,91]
 [1,]  0.00000000  0.000000000 0.000000000     0  0.00000000  0.00000000     0
 [2,]  0.00000000  0.000000000 0.000000000     0  0.00000000  0.00000000     0
 [3,]  0.00000000  0.000000000 0.000000000     0  0.00000000  0.00000000     0
 [4,]  0.00000000  0.000000000 0.000000000     0  0.00000000 -0.04376904     0
 [5,]  0.00000000  0.000000000 0.000000000     0  0.00000000  0.00000000     0
 [6,]  0.00000000  0.000000000 0.000000000     0 -0.01189776  0.00000000     0
 [7,] -0.06575544  0.000000000 0.017555398     0  0.00000000  0.00000000     0
 [8,] -0.03116046  0.003176153 0.000000000     0  0.00000000  0.00000000     0
 [9,]  0.00000000 -0.091637473 0.000000000     0  0.00000000  0.00000000     0
[10,]  0.00000000  0.000000000 0.002585453     0  0.00000000  0.00000000     0
      [,92]         [,93] [,94]         [,95]      [,96]       [,97]      [,98]
 [1,]     0  0.000000e+00     0  0.000000e+00 -0.1178853  0.13248517 0.00000000
 [2,]     0  0.000000e+00     0  0.000000e+00  0.0000000  0.00000000 0.00000000
 [3,]     0  0.000000e+00     0  5.110693e-02  0.0000000  0.00000000 0.00000000
 [4,]     0  0.000000e+00     0  0.000000e+00  0.0000000  0.00000000 0.00000000
 [5,]     0  0.000000e+00     0 -3.808547e-05  0.0000000  0.00000000 0.00000000
 [6,]     0 -2.011629e-03     0  0.000000e+00  0.0000000  0.00000000 0.01117415
 [7,]     0  5.562643e-05     0  0.000000e+00  0.0000000  0.00000000 0.00000000
 [8,]     0  5.872863e-02     0  0.000000e+00  0.0000000  0.00000000 0.00000000
 [9,]     0  0.000000e+00     0 -8.417578e-02  0.0000000 -0.07789353 0.00000000
[10,]     0  0.000000e+00     0  0.000000e+00  0.0000000  0.00000000 0.00000000
            [,99] [,100]     [,101]        [,102]        [,103]        [,104]
 [1,]  0.00000000      0  0.0000000  0.000000e+00 -0.0001015263  0.000000e+00
 [2,]  0.00000000      0  0.0000000  0.000000e+00 -0.0071519085  9.427805e-04
 [3,]  0.00000000      0  0.0000000  0.000000e+00  0.0000000000  0.000000e+00
 [4,] -0.04171122      0  0.0000000  0.000000e+00  0.0000000000  0.000000e+00
 [5,]  0.00000000      0  0.0000000 -4.727092e-05  0.0000000000  0.000000e+00
 [6,]  0.00000000      0  0.0000000  0.000000e+00  0.0000000000  0.000000e+00
 [7,]  0.00000000      0  0.0000000  0.000000e+00  0.0000000000  0.000000e+00
 [8,]  0.00000000      0  0.0000000  0.000000e+00 -0.0426152512 -2.214461e-05
 [9,]  0.00000000      0  0.0000000  0.000000e+00  0.0303591979  0.000000e+00
[10,]  0.00000000      0 -0.0958376  0.000000e+00  0.0000000000  0.000000e+00
            [,105] [,106]      [,107] [,108]        [,109] [,110]        [,111]
 [1,] 0.000000e+00      0  0.00000000      0 -0.0138098592      0 -3.690758e-05
 [2,] 0.000000e+00      0  0.00000000      0  0.0000000000      0  0.000000e+00
 [3,] 0.000000e+00      0  0.00000000      0  0.0000000000      0  0.000000e+00
 [4,] 0.000000e+00      0 -0.04562956      0  0.0000000000      0  0.000000e+00
 [5,] 0.000000e+00      0  0.00000000      0  0.0000000000      0  0.000000e+00
 [6,] 0.000000e+00      0  0.00000000      0  0.0917451922      0  0.000000e+00
 [7,] 0.000000e+00      0  0.03987788      0  0.0000000000      0  0.000000e+00
 [8,] 2.061694e-02      0  0.00000000      0  0.0000000000      0  0.000000e+00
 [9,] 0.000000e+00      0  0.00000000      0  0.0001891604      0  0.000000e+00
[10,] 1.854497e-05      0  0.00000000      0 -0.0184922343      0  0.000000e+00
           [,112]      [,113] [,114]      [,115] [,116]        [,117] [,118]
 [1,]  0.00000000 0.000000000      0  0.03707585      0  0.000000e+00      0
 [2,]  0.00000000 0.000000000      0  0.00000000      0 -3.663311e-05      0
 [3,] -0.04570488 0.000000000      0 -0.17618258      0 -5.111536e-06      0
 [4,]  0.00000000 0.000000000      0  0.00000000      0  0.000000e+00      0
 [5,]  0.00000000 0.000000000      0  0.00000000      0  0.000000e+00      0
 [6,]  0.00000000 0.005744633      0  0.00000000      0  0.000000e+00      0
 [7,]  0.00000000 0.000000000      0  0.00000000      0  3.397755e-02      0
 [8,]  0.00000000 0.000000000      0  0.00000000      0  0.000000e+00      0
 [9,]  0.00000000 0.000000000      0  0.00000000      0  0.000000e+00      0
[10,]  0.00000000 0.000000000      0  0.00000000      0  0.000000e+00      0
      [,119]       [,120]      [,121]     [,122]      [,123]        [,124]
 [1,]      0 0.0000000000  0.00000000 0.00000000  0.00000000  0.000000e+00
 [2,]      0 0.0000000000  0.00000000 0.00000000  0.00000000  0.000000e+00
 [3,]      0 0.0752217981  0.00000000 0.00000000  0.00000000  0.000000e+00
 [4,]      0 0.0000000000 -0.01606523 0.00000000 -0.03993126  0.000000e+00
 [5,]      0 0.0000000000  0.00000000 0.00000000  0.00000000  0.000000e+00
 [6,]      0 0.0000000000  0.00000000 0.00000000  0.00000000  0.000000e+00
 [7,]      0 0.0000000000  0.00000000 0.00000000  0.00000000 -1.680447e-06
 [8,]      0 0.0000000000  0.00000000 0.00000000  0.00000000  0.000000e+00
 [9,]      0 0.0000000000 -0.01607041 0.00000000  0.00000000  0.000000e+00
[10,]      0 0.0001179707  0.00000000 0.02310732  0.00000000  0.000000e+00
           [,125] [,126]        [,127]        [,128]        [,129] [,130]
 [1,] -0.02939382      0  0.0000000000  0.000000e+00  0.0000000000      0
 [2,]  0.00000000      0  0.0000000000  0.000000e+00 -0.0002141291      0
 [3,]  0.00000000      0  0.0000000000  0.000000e+00  0.0000000000      0
 [4,]  0.00000000      0  0.0551509108  0.000000e+00 -0.1279895424      0
 [5,]  0.00000000      0  0.0000000000  0.000000e+00  0.0000000000      0
 [6,]  0.00000000      0  0.0000000000  0.000000e+00  0.0000000000      0
 [7,]  0.00000000      0 -0.0003206489  3.185001e-05  0.0000000000      0
 [8,]  0.00000000      0  0.0000000000  0.000000e+00  0.0000000000      0
 [9,]  0.00000000      0  0.0000000000  0.000000e+00  0.0332372731      0
[10,]  0.00000000      0  0.0000000000 -1.899760e-02  0.0000000000      0
           [,131] [,132] [,133]        [,134]        [,135] [,136]
 [1,]  0.00000000      0      0 -6.178886e-03 -0.0001931192      0
 [2,]  0.00000000      0      0  0.000000e+00  0.0000000000      0
 [3,]  0.00000000      0      0  0.000000e+00  0.0000000000      0
 [4,]  0.00000000      0      0  0.000000e+00  0.0000000000      0
 [5,]  0.00000000      0      0  0.000000e+00  0.0000000000      0
 [6,] -0.05386392      0      0  0.000000e+00  0.0000000000      0
 [7,]  0.00000000      0      0  1.927671e-06 -0.0033679373      0
 [8,]  0.00000000      0      0 -6.364411e-02  0.0000000000      0
 [9,]  0.00000000      0      0  0.000000e+00  0.0000000000      0
[10,]  0.00000000      0      0  0.000000e+00  0.0000000000      0
             [,137]     [,138] [,139]       [,140]       [,141] [,142]
 [1,] -0.0624850754 0.00000000      0 0.0000000000 0.000000e+00      0
 [2,]  0.0000000000 0.00000000      0 0.0000000000 9.564829e-05      0
 [3,]  0.0000000000 0.03062337      0 0.0000000000 0.000000e+00      0
 [4,]  0.0000000000 0.00000000      0 0.0000000000 0.000000e+00      0
 [5,]  0.0000000000 0.00000000      0 0.0000000000 0.000000e+00      0
 [6,] -0.0000510214 0.00000000      0 0.0000000000 0.000000e+00      0
 [7,]  0.0000000000 0.00000000      0 0.0002050473 0.000000e+00      0
 [8,]  0.0000000000 0.00000000      0 0.0000000000 0.000000e+00      0
 [9,]  0.0000000000 0.00000000      0 0.0000000000 0.000000e+00      0
[10,]  0.0000000000 0.00000000      0 0.0000000000 0.000000e+00      0
           [,143]       [,144]        [,145]     [,146]      [,147]
 [1,]  0.00000000  0.00000e+00  0.000000e+00 0.00000000  0.00000000
 [2,]  0.00000000  0.00000e+00 -3.192947e-06 0.00000000  0.00000000
 [3,]  0.00000000  0.00000e+00  0.000000e+00 0.00000000  0.00000000
 [4,]  0.00000000  3.23675e-05  0.000000e+00 0.00000000  0.00000000
 [5,]  0.00000000  0.00000e+00  0.000000e+00 0.00000000  0.00000000
 [6,]  0.00000000  0.00000e+00  0.000000e+00 0.00000000 -0.01004375
 [7,]  0.00000000  0.00000e+00  0.000000e+00 0.00000000  0.00000000
 [8,] -0.04072178  0.00000e+00  0.000000e+00 0.01457415  0.00000000
 [9,]  0.00000000 -3.52755e-02  0.000000e+00 0.00000000  0.00000000
[10,]  0.00000000  0.00000e+00  0.000000e+00 0.00000000  0.00000000
             [,148]       [,149]       [,150] [,151]       [,152] [,153] [,154]
 [1,] -0.0222857209  0.000000000  0.000000000      0 0.0000000000      0      0
 [2,]  0.0000000000  0.001651151  0.000000000      0 0.0000000000      0      0
 [3,]  0.0000000000  0.000000000  0.000000000      0 0.0000000000      0      0
 [4,]  0.0000000000  0.000000000 -0.002149288      0 0.0000000000      0      0
 [5,] -0.0007604477  0.000000000  0.000000000      0 0.0422593600      0      0
 [6,]  0.0002611001  0.000000000  0.000000000      0 0.0004110827      0      0
 [7,]  0.0000000000  0.000000000 -0.027290156      0 0.0000000000      0      0
 [8,]  0.0000000000 -0.023700421  0.000000000      0 0.0046477889      0      0
 [9,]  0.0000000000  0.000000000  0.000000000      0 0.0000000000      0      0
[10,]  0.0000000000  0.000000000  0.000000000      0 0.0000000000      0      0
           [,155]       [,156]       [,157]     [,158]        [,159]    [,160]
 [1,]  0.00000000 -0.003668175  0.00000e+00 0.00000000 -0.0771339060 0.0000000
 [2,]  0.00000000  0.000000000  0.00000e+00 0.05127822  0.0000000000 0.0000000
 [3,]  0.00000000  0.000000000  0.00000e+00 0.00000000  0.0000000000 0.0000000
 [4,]  0.00000000  0.000000000  0.00000e+00 0.00000000  0.0000000000 0.0000000
 [5,]  0.00000000  0.000000000  0.00000e+00 0.00000000  0.0000000000 0.0000000
 [6,]  0.03264811  0.000000000  0.00000e+00 0.00000000  0.0000000000 0.0000000
 [7,] -0.03727104  0.000000000  0.00000e+00 0.00000000  0.0001268457 0.0148108
 [8,]  0.00000000  0.000000000  0.00000e+00 0.00000000  0.0000000000 0.0000000
 [9,]  0.00000000  0.000000000  0.00000e+00 0.00000000  0.0000000000 0.0000000
[10,]  0.00000000  0.000000000 -4.59096e-06 0.00000000  0.0000000000 0.0000000
          [,161]      [,162] [,163]       [,164]        [,165]     [,166]
 [1,] 0.00000000  0.00000000      0 -0.040554481  0.000000e+00  0.0000000
 [2,] 0.00000000  0.00000000      0  0.000000000 -2.478836e-03  0.0000000
 [3,] 0.00000000  0.00000000      0 -0.004207973  0.000000e+00  0.0000000
 [4,] 0.00000000  0.00000000      0  0.000000000  0.000000e+00  0.0000000
 [5,] 0.04152229  0.00000000      0  0.000000000 -1.770132e-02  0.0000000
 [6,] 0.00000000  0.00000000      0  0.000000000  0.000000e+00  0.0000000
 [7,] 0.00000000  0.00000000      0  0.000000000 -2.493960e-06  0.0000000
 [8,] 0.00000000  0.00000000      0  0.000000000  0.000000e+00  0.0000000
 [9,] 0.00000000  0.00000000      0  0.000000000  0.000000e+00 -0.0397305
[10,] 0.00000000 -0.01431995      0  0.000000000  0.000000e+00  0.0000000
           [,167]       [,168]     [,169]     [,170] [,171]      [,172]
 [1,]  0.00000000 0.000000e+00 0.02661517 0.00000000      0  0.00000000
 [2,]  0.00000000 0.000000e+00 0.00000000 0.00000000      0  0.00000000
 [3,] -0.03491707 0.000000e+00 0.00000000 0.02827711      0  0.00000000
 [4,]  0.00000000 0.000000e+00 0.00000000 0.00000000      0  0.00000000
 [5,]  0.00000000 0.000000e+00 0.00000000 0.00000000      0  0.00000000
 [6,]  0.00000000 4.983894e-05 0.00000000 0.00000000      0  0.00000000
 [7,]  0.00000000 0.000000e+00 0.00000000 0.00000000      0  0.00000000
 [8,]  0.00000000 8.878214e-02 0.00000000 0.00000000      0  0.00000000
 [9,]  0.00000000 0.000000e+00 0.00000000 0.00000000      0 -0.04416976
[10,]  0.00000000 0.000000e+00 0.00000000 0.00000000      0  0.00000000
             [,173]        [,174]      [,175]      [,176]       [,177]
 [1,]  0.0000000000  0.000000e+00  0.00000000 0.000000000 0.000000e+00
 [2,]  0.0000000000  0.000000e+00  0.00000000 0.000000000 5.436784e-05
 [3,]  0.0086695619  0.000000e+00  0.00000000 0.000000000 0.000000e+00
 [4,] -0.0992746889  0.000000e+00  0.00000000 0.000000000 1.166806e-01
 [5,]  0.0000000000  0.000000e+00  0.00000000 0.001419055 1.156028e-02
 [6,]  0.0000000000  9.271141e-05  0.00000000 0.012413968 0.000000e+00
 [7,]  0.0008050147  0.000000e+00  0.00000000 0.000000000 0.000000e+00
 [8,]  0.0000000000  0.000000e+00  0.00000000 0.000000000 0.000000e+00
 [9,]  0.0000000000  0.000000e+00  0.00000000 0.000000000 0.000000e+00
[10,]  0.0000000000 -8.126240e-02 -0.09396446 0.000000000 0.000000e+00
          [,178] [,179] [,180]    [,181] [,182]      [,183] [,184]       [,185]
 [1,] 0.00000000      0      0 0.0000000      0  0.01517107      0  0.000000000
 [2,] 0.00000000      0      0 0.0000000      0  0.00000000      0  0.000000000
 [3,] 0.07648852      0      0 0.0000000      0  0.00000000      0  0.000000000
 [4,] 0.00000000      0      0 0.0000000      0  0.00000000      0  0.000000000
 [5,] 0.00000000      0      0 0.0000000      0  0.00000000      0  0.000536310
 [6,] 0.00000000      0      0 0.0000000      0  0.00000000      0  0.000000000
 [7,] 0.00000000      0      0 0.1154924      0 -0.20382566      0  0.000000000
 [8,] 0.00000000      0      0 0.0000000      0  0.00000000      0 -0.003557964
 [9,] 0.00000000      0      0 0.0000000      0  0.00000000      0  0.000000000
[10,] 0.00000000      0      0 0.0000000      0  0.00000000      0  0.000000000
          [,186]      [,187] [,188]      [,189]       [,190]       [,191]
 [1,] 0.00000000  0.00000000      0  0.00000000 0.000000e+00  0.000000000
 [2,] 0.00000000  0.00000000      0  0.00000000 0.000000e+00  0.000000000
 [3,] 0.00000000  0.00000000      0  0.10288532 0.000000e+00 -0.235291954
 [4,] 0.04225355  0.00000000      0  0.00000000 1.084201e-05  0.000000000
 [5,] 0.00000000 -0.06787919      0 -0.05718896 0.000000e+00  0.000000000
 [6,] 0.00000000  0.00000000      0  0.04404809 0.000000e+00  0.001587904
 [7,] 0.00000000  0.00000000      0  0.00000000 0.000000e+00 -0.002915868
 [8,] 0.00000000  0.00000000      0  0.00000000 0.000000e+00  0.000000000
 [9,] 0.00000000 -0.03140779      0  0.00000000 0.000000e+00  0.000000000
[10,] 0.00000000  0.00000000      0  0.00000000 0.000000e+00  0.000000000
      [,192]       [,193] [,194]        [,195]      [,196]      [,197] [,198]
 [1,]      0 6.468171e-05      0  0.000000e+00  0.00000000 -0.01985163      0
 [2,]      0 0.000000e+00      0  1.336670e-04  0.00000000  0.00000000      0
 [3,]      0 0.000000e+00      0  0.000000e+00  0.00000000  0.00000000      0
 [4,]      0 0.000000e+00      0  0.000000e+00 -0.02237875  0.00000000      0
 [5,]      0 0.000000e+00      0  0.000000e+00  0.00000000  0.00000000      0
 [6,]      0 0.000000e+00      0  0.000000e+00  0.00000000  0.00000000      0
 [7,]      0 0.000000e+00      0  0.000000e+00  0.01457596  0.00000000      0
 [8,]      0 0.000000e+00      0  0.000000e+00  0.00000000  0.00000000      0
 [9,]      0 0.000000e+00      0 -3.874085e-06  0.00000000  0.00000000      0
[10,]      0 0.000000e+00      0  0.000000e+00  0.00000000  0.00000000      0
      [,199] [,200] [,201]    [,202]        [,203]     [,204] [,205]     [,206]
 [1,]      0      0      0 -0.125872  0.000000e+00  0.0000000      0 0.00000000
 [2,]      0      0      0  0.000000 -3.027201e-05  0.0000000      0 0.00000000
 [3,]      0      0      0  0.000000  0.000000e+00  0.0000000      0 0.00000000
 [4,]      0      0      0  0.000000  0.000000e+00 -0.2135757      0 0.00000000
 [5,]      0      0      0  0.000000  1.504524e-02  0.0000000      0 0.08256774
 [6,]      0      0      0  0.000000  0.000000e+00  0.0000000      0 0.00000000
 [7,]      0      0      0  0.000000  0.000000e+00  0.0000000      0 0.00000000
 [8,]      0      0      0  0.000000  0.000000e+00  0.0000000      0 0.00000000
 [9,]      0      0      0  0.000000  4.795270e-02  0.0000000      0 0.00000000
[10,]      0      0      0  0.000000  0.000000e+00  0.0000000      0 0.00000000
[1] "Mean"
  [1]  4.456670e-01  1.271222e+00  4.869309e+00  2.720342e+00  1.697100e+00
  [6] -2.785465e-01  8.699220e-03  1.399219e-03 -2.320578e-05 -1.262751e-03
 [11]  8.988422e-04  1.662513e-02  8.254169e-03  4.659078e-03  0.000000e+00
 [16] -3.432354e-03  6.082751e-03  0.000000e+00  0.000000e+00  2.561748e-03
 [21] -8.827770e-03 -1.876001e-02 -1.239900e-03  0.000000e+00 -8.898481e-04
 [26] -7.160641e-04  1.166985e-02 -9.078094e-04  1.463245e-04  1.190668e-03
 [31] -7.775587e-06 -3.258539e-03  2.387285e-07  1.280931e-03 -2.833092e-03
 [36]  1.071736e-03  9.654381e-03  0.000000e+00  0.000000e+00 -9.967627e-03
 [41]  8.556792e-03  4.720722e-03  9.487280e-05  6.880941e-03  0.000000e+00
 [46]  1.461178e-03  0.000000e+00 -9.030293e-05 -1.408497e-02  2.002808e-03
 [51] -2.654226e-02  0.000000e+00  0.000000e+00  3.206031e-06  1.674607e-03
 [56]  0.000000e+00 -1.671519e-03  0.000000e+00 -2.694112e-03  0.000000e+00
 [61]  9.637189e-05 -1.886142e-02  7.553681e-03 -2.538497e-03 -5.041708e-03
 [66] -7.053536e-05  0.000000e+00 -3.664532e-03 -5.594470e-04 -1.326138e-03
 [71]  2.025887e-02  0.000000e+00 -5.384229e-06 -1.073619e-02  1.354572e-03
 [76] -4.979116e-03  0.000000e+00 -7.960941e-05  6.498141e-03 -1.890154e-03
 [81]  1.259889e-02  0.000000e+00  8.457900e-03  9.041765e-04 -9.691590e-03
 [86] -8.846132e-03  2.014085e-03  0.000000e+00 -1.189776e-03 -4.376904e-03
 [91]  0.000000e+00  0.000000e+00  5.677262e-03  0.000000e+00 -3.310694e-03
 [96] -1.178853e-02  5.459165e-03  1.117415e-03 -4.171122e-03  0.000000e+00
[101] -9.583760e-03 -4.727092e-06 -1.950949e-03  9.206359e-05  2.063548e-03
[106]  0.000000e+00 -5.751685e-04  0.000000e+00  5.963226e-03  0.000000e+00
[111] -3.690758e-06 -4.570488e-03  5.744633e-04  0.000000e+00 -1.391067e-02
[116]  0.000000e+00  3.393581e-03  0.000000e+00  0.000000e+00  7.533977e-03
[121] -3.213563e-03  2.310732e-03 -3.993126e-03 -1.680447e-07 -2.939382e-03
[126]  0.000000e+00  5.483026e-03 -1.896575e-03 -9.496640e-03  0.000000e+00
[131] -5.386392e-03  0.000000e+00  0.000000e+00 -6.982107e-03 -3.561056e-04
[136]  0.000000e+00 -6.253610e-03  3.062337e-03  0.000000e+00  2.050473e-05
[141]  9.564829e-06  0.000000e+00 -4.072178e-03 -3.524313e-03 -3.192947e-07
[146]  1.457415e-03 -1.004375e-03 -2.278507e-03 -2.204927e-03 -2.943944e-03
[151]  0.000000e+00  4.731823e-03  0.000000e+00  0.000000e+00 -4.622928e-04
[156] -3.668175e-04 -4.590960e-07  5.127822e-03 -7.700706e-03  1.481080e-03
[161]  4.152229e-03 -1.431995e-03  0.000000e+00 -4.476245e-03 -2.018265e-03
[166] -3.973050e-03 -3.491707e-03  8.883198e-03  2.661517e-03  2.827711e-03
[171]  0.000000e+00 -4.416976e-03 -8.980011e-03 -8.116968e-03 -9.396446e-03
[176]  1.383302e-03  1.282952e-02  7.648852e-03  0.000000e+00  0.000000e+00
[181]  1.154924e-02  0.000000e+00 -1.886546e-02  0.000000e+00 -3.021654e-04
[186]  4.225355e-03 -9.928699e-03  0.000000e+00  8.974445e-03  1.084201e-06
[191] -2.366199e-02  0.000000e+00  6.468171e-06  0.000000e+00  1.297929e-05
[196] -7.802785e-04 -1.985163e-03  0.000000e+00  0.000000e+00  0.000000e+00
[201]  0.000000e+00 -1.258720e-02  6.296767e-03 -2.135757e-02  0.000000e+00
[206]  8.256774e-03
[1] "Variance"
  [1] 1.525723e-01 2.980101e-01 1.609210e-01 1.449890e-01 1.192990e-01
  [6] 8.527379e-02 4.040418e-02 3.059534e-02 7.338311e-05 6.775624e-03
 [11] 2.842389e-03 4.192604e-02 2.610197e-02 1.473330e-02 0.000000e+00
 [16] 1.161326e-02 1.852265e-02 0.000000e+00 0.000000e+00 8.100957e-03
 [21] 3.272282e-02 3.728288e-02 2.279035e-02 0.000000e+00 2.813947e-03
 [26] 2.701436e-03 3.566358e-02 1.567438e-02 4.604435e-04 3.860509e-03
 [31] 2.458856e-05 1.976330e-02 7.549257e-07 4.050660e-03 8.964436e-03
 [36] 3.389127e-03 3.052983e-02 0.000000e+00 0.000000e+00 3.152041e-02
 [41] 2.705895e-02 1.492824e-02 2.886214e-04 3.495985e-02 0.000000e+00
 [46] 4.690082e-03 0.000000e+00 2.857728e-04 2.969392e-02 6.333435e-03
 [51] 6.593067e-02 0.000000e+00 0.000000e+00 1.013836e-05 5.295573e-03
 [56] 0.000000e+00 5.285808e-03 0.000000e+00 8.569525e-03 0.000000e+00
 [61] 3.255672e-04 4.093579e-02 2.379925e-02 8.027433e-03 1.594328e-02
 [66] 2.230524e-04 0.000000e+00 1.158827e-02 1.769127e-03 1.733761e-02
 [71] 4.729259e-02 0.000000e+00 1.702643e-05 3.395080e-02 2.110206e-02
 [76] 5.105611e-02 0.000000e+00 2.517471e-04 1.608887e-02 9.507925e-03
 [81] 3.984079e-02 0.000000e+00 2.672333e-02 8.496685e-03 2.199869e-02
 [86] 2.910703e-02 5.520781e-03 0.000000e+00 3.762401e-03 1.384099e-02
 [91] 0.000000e+00 0.000000e+00 1.865115e-02 0.000000e+00 3.263923e-02
 [96] 3.727861e-02 5.090481e-02 3.533577e-03 1.319025e-02 0.000000e+00
[101] 3.030651e-02 1.494838e-05 1.748281e-02 2.989925e-04 6.518999e-03
[106] 0.000000e+00 2.019074e-02 0.000000e+00 3.090180e-02 0.000000e+00
[111] 1.167120e-05 1.445315e-02 1.816612e-03 0.000000e+00 5.819493e-02
[116] 0.000000e+00 1.074612e-02 0.000000e+00 0.000000e+00 2.378311e-02
[121] 6.774787e-03 7.307175e-03 1.262737e-02 5.314042e-07 9.295142e-03
[126] 0.000000e+00 1.745181e-02 6.008697e-03 4.292658e-02 0.000000e+00
[131] 1.703327e-02 0.000000e+00 0.000000e+00 2.000348e-02 1.059989e-03
[136] 0.000000e+00 1.975773e-02 9.683959e-03 0.000000e+00 6.484165e-05
[141] 3.024664e-05 0.000000e+00 1.287736e-02 1.115623e-02 1.009699e-06
[146] 4.608750e-03 3.176112e-03 7.034707e-03 7.570551e-03 8.581012e-03
[151] 0.000000e+00 1.326534e-02 0.000000e+00 0.000000e+00 1.650889e-02
[156] 1.159979e-03 1.451789e-06 1.621560e-02 2.439637e-02 4.683585e-03
[161] 1.313050e-02 4.528366e-03 0.000000e+00 1.274539e-02 5.565244e-03
[166] 1.256389e-02 1.104175e-02 2.807363e-02 8.416455e-03 8.942008e-03
[171] 0.000000e+00 1.396770e-02 3.184139e-02 2.570070e-02 2.971417e-02
[176] 3.901354e-03 3.666974e-02 2.418779e-02 0.000000e+00 0.000000e+00
[181] 3.652191e-02 0.000000e+00 6.516305e-02 0.000000e+00 1.156321e-03
[186] 1.336175e-02 2.262802e-02 0.000000e+00 4.081230e-02 3.428546e-06
[191] 7.436728e-02 0.000000e+00 2.045415e-05 0.000000e+00 4.242282e-05
[196] 8.864276e-03 6.277638e-03 0.000000e+00 0.000000e+00 0.000000e+00
[201] 0.000000e+00 3.980421e-02 1.538155e-02 6.753857e-02 0.000000e+00
[206] 2.611021e-02
[1] "Bias"
  [1] -0.55433296 -0.15251865 -0.02613815 -0.09321918 -0.15144991 -0.44290694
  [7]         Inf         Inf        -Inf        -Inf         Inf         Inf
 [13]         Inf         Inf         NaN        -Inf         Inf         NaN
 [19]         NaN         Inf        -Inf        -Inf        -Inf         NaN
 [25]        -Inf        -Inf         Inf        -Inf         Inf         Inf
 [31]        -Inf        -Inf         Inf         Inf        -Inf         Inf
 [37]         Inf         NaN         NaN        -Inf         Inf         Inf
 [43]         Inf         Inf         NaN         Inf         NaN        -Inf
 [49]        -Inf         Inf        -Inf         NaN         NaN         Inf
 [55]         Inf         NaN        -Inf         NaN        -Inf         NaN
 [61]         Inf        -Inf         Inf        -Inf        -Inf        -Inf
 [67]         NaN        -Inf        -Inf        -Inf         Inf         NaN
 [73]        -Inf        -Inf         Inf        -Inf         NaN        -Inf
 [79]         Inf        -Inf         Inf         NaN         Inf         Inf
 [85]        -Inf        -Inf         Inf         NaN        -Inf        -Inf
 [91]         NaN         NaN         Inf         NaN        -Inf        -Inf
 [97]         Inf         Inf        -Inf         NaN        -Inf        -Inf
[103]        -Inf         Inf         Inf         NaN        -Inf         NaN
[109]         Inf         NaN        -Inf        -Inf         Inf         NaN
[115]        -Inf         NaN         Inf         NaN         NaN         Inf
[121]        -Inf         Inf        -Inf        -Inf        -Inf         NaN
[127]         Inf        -Inf        -Inf         NaN        -Inf         NaN
[133]         NaN        -Inf        -Inf         NaN        -Inf         Inf
[139]         NaN         Inf         Inf         NaN        -Inf        -Inf
[145]        -Inf         Inf        -Inf        -Inf        -Inf        -Inf
[151]         NaN         Inf         NaN         NaN        -Inf        -Inf
[157]        -Inf         Inf        -Inf         Inf         Inf        -Inf
[163]         NaN        -Inf        -Inf        -Inf        -Inf         Inf
[169]         Inf         Inf         NaN        -Inf        -Inf        -Inf
[175]        -Inf         Inf         Inf         Inf         NaN         NaN
[181]         Inf         NaN        -Inf         NaN        -Inf         Inf
[187]        -Inf         NaN         Inf         Inf        -Inf         NaN
[193]         Inf         NaN         Inf        -Inf        -Inf         NaN
[199]         NaN         NaN         NaN        -Inf         Inf        -Inf
[205]         NaN         Inf
