[1] "broken"
final values in 1th iteration
  [1]  3.011757e-01 -3.093612e-01  4.710470e+00  2.537085e+00  1.078804e+00
  [6]  0.000000e+00  0.000000e+00  0.000000e+00  0.000000e+00  0.000000e+00
 [11]  0.000000e+00  0.000000e+00  0.000000e+00  0.000000e+00  0.000000e+00
 [16]  0.000000e+00  0.000000e+00  0.000000e+00  0.000000e+00  0.000000e+00
 [21]  0.000000e+00  0.000000e+00  0.000000e+00  0.000000e+00  0.000000e+00
 [26]  0.000000e+00  0.000000e+00  0.000000e+00  1.123770e-01  0.000000e+00
 [31]  0.000000e+00  0.000000e+00  0.000000e+00  0.000000e+00  0.000000e+00
 [36]  0.000000e+00  0.000000e+00  0.000000e+00  0.000000e+00  1.042286e-01
 [41]  0.000000e+00  0.000000e+00  0.000000e+00  0.000000e+00  0.000000e+00
 [46]  0.000000e+00  0.000000e+00  0.000000e+00  0.000000e+00  9.686406e-03
 [51]  0.000000e+00  0.000000e+00  0.000000e+00  0.000000e+00  0.000000e+00
 [56]  0.000000e+00  0.000000e+00  0.000000e+00  0.000000e+00  0.000000e+00
 [61]  0.000000e+00  0.000000e+00  0.000000e+00  0.000000e+00  0.000000e+00
 [66]  0.000000e+00  0.000000e+00  3.293853e-04  0.000000e+00  0.000000e+00
 [71]  0.000000e+00  0.000000e+00  0.000000e+00 -7.957952e-02  2.166735e-04
 [76]  0.000000e+00  0.000000e+00  0.000000e+00  0.000000e+00  0.000000e+00
 [81]  0.000000e+00  0.000000e+00  0.000000e+00  0.000000e+00  0.000000e+00
 [86]  0.000000e+00  0.000000e+00  0.000000e+00  0.000000e+00  0.000000e+00
 [91]  0.000000e+00  0.000000e+00  0.000000e+00  0.000000e+00  0.000000e+00
 [96]  0.000000e+00  0.000000e+00  0.000000e+00  0.000000e+00 -1.241795e-05
[101]  0.000000e+00  0.000000e+00  0.000000e+00  0.000000e+00  0.000000e+00
[106]  0.000000e+00  0.000000e+00  0.000000e+00  0.000000e+00  0.000000e+00
[111]  0.000000e+00  0.000000e+00 -1.064597e-03  0.000000e+00  0.000000e+00
[116]  0.000000e+00  0.000000e+00  0.000000e+00  0.000000e+00  2.376995e-03
[121]  0.000000e+00  0.000000e+00 -1.864315e-05  0.000000e+00  0.000000e+00
[126]  0.000000e+00  0.000000e+00  0.000000e+00  0.000000e+00  0.000000e+00
[131]  0.000000e+00  0.000000e+00  0.000000e+00  0.000000e+00  0.000000e+00
[136]  0.000000e+00 -1.669555e-01  0.000000e+00  0.000000e+00  0.000000e+00
[141]  0.000000e+00  0.000000e+00  0.000000e+00  0.000000e+00  0.000000e+00
[146]  0.000000e+00  0.000000e+00  0.000000e+00  0.000000e+00  0.000000e+00
[151]  0.000000e+00 -8.175767e-02  0.000000e+00  0.000000e+00  0.000000e+00
[156]  0.000000e+00  0.000000e+00  0.000000e+00  0.000000e+00  0.000000e+00
[161]  0.000000e+00  0.000000e+00  0.000000e+00  0.000000e+00  0.000000e+00
[166]  0.000000e+00  0.000000e+00  0.000000e+00  0.000000e+00  0.000000e+00
[171]  0.000000e+00  0.000000e+00 -3.936970e-02  0.000000e+00  0.000000e+00
[176]  0.000000e+00  0.000000e+00  4.077153e-02  0.000000e+00  0.000000e+00
[181]  0.000000e+00  0.000000e+00  0.000000e+00  0.000000e+00  0.000000e+00
[186]  0.000000e+00  0.000000e+00  0.000000e+00  0.000000e+00  0.000000e+00
[191]  0.000000e+00  0.000000e+00  0.000000e+00  0.000000e+00  0.000000e+00
[196]  0.000000e+00  0.000000e+00  0.000000e+00  0.000000e+00  0.000000e+00
[201]  0.000000e+00 -6.608204e-02  0.000000e+00  0.000000e+00  0.000000e+00
[206]  0.000000e+00
[1] "broken"
final values in 2th iteration
  [1]  3.717550e-01 -1.707658e-01  4.277969e+00  2.412973e+00  1.443349e+00
  [6]  0.000000e+00  0.000000e+00  0.000000e+00 -2.435371e-04  0.000000e+00
 [11]  0.000000e+00  0.000000e+00  0.000000e+00  0.000000e+00  0.000000e+00
 [16]  0.000000e+00  0.000000e+00  0.000000e+00  0.000000e+00  0.000000e+00
 [21]  0.000000e+00  0.000000e+00  0.000000e+00  0.000000e+00  0.000000e+00
 [26]  0.000000e+00  0.000000e+00  0.000000e+00  0.000000e+00  0.000000e+00
 [31] -6.328294e-04  0.000000e+00  0.000000e+00  0.000000e+00  0.000000e+00
 [36]  0.000000e+00  0.000000e+00  0.000000e+00  2.953744e-05  0.000000e+00
 [41]  0.000000e+00  0.000000e+00 -1.402231e-02  0.000000e+00  0.000000e+00
 [46]  0.000000e+00  0.000000e+00  0.000000e+00  0.000000e+00  0.000000e+00
 [51]  0.000000e+00  0.000000e+00  0.000000e+00 -3.211915e-05  0.000000e+00
 [56] -2.121423e-04  0.000000e+00  0.000000e+00  0.000000e+00  0.000000e+00
 [61]  0.000000e+00  0.000000e+00  0.000000e+00  0.000000e+00  0.000000e+00
 [66]  0.000000e+00  0.000000e+00  0.000000e+00  0.000000e+00  2.530314e-01
 [71]  0.000000e+00  0.000000e+00  0.000000e+00  0.000000e+00  0.000000e+00
 [76]  0.000000e+00  0.000000e+00  0.000000e+00  0.000000e+00  0.000000e+00
 [81]  0.000000e+00  0.000000e+00 -4.033214e-02  0.000000e+00  0.000000e+00
 [86]  0.000000e+00  0.000000e+00  0.000000e+00  0.000000e+00  0.000000e+00
 [91]  0.000000e+00  0.000000e+00  0.000000e+00  0.000000e+00  0.000000e+00
 [96]  0.000000e+00  0.000000e+00  0.000000e+00  0.000000e+00  0.000000e+00
[101]  0.000000e+00  0.000000e+00  0.000000e+00  0.000000e+00  0.000000e+00
[106]  0.000000e+00  0.000000e+00 -1.178412e-01  0.000000e+00  0.000000e+00
[111]  0.000000e+00  0.000000e+00 -2.395860e-02  0.000000e+00  0.000000e+00
[116]  0.000000e+00  0.000000e+00  0.000000e+00  0.000000e+00  0.000000e+00
[121]  0.000000e+00  0.000000e+00  0.000000e+00  0.000000e+00  0.000000e+00
[126]  0.000000e+00  0.000000e+00  0.000000e+00  0.000000e+00  0.000000e+00
[131]  0.000000e+00  0.000000e+00  0.000000e+00 -5.260935e-05  0.000000e+00
[136]  0.000000e+00  0.000000e+00  0.000000e+00 -8.015634e-02  0.000000e+00
[141]  0.000000e+00  0.000000e+00  0.000000e+00  0.000000e+00  0.000000e+00
[146]  0.000000e+00  0.000000e+00  0.000000e+00  2.258384e-03  0.000000e+00
[151]  0.000000e+00  0.000000e+00  0.000000e+00  0.000000e+00  0.000000e+00
[156]  0.000000e+00  0.000000e+00  0.000000e+00  0.000000e+00  0.000000e+00
[161]  0.000000e+00  0.000000e+00  0.000000e+00  0.000000e+00 -1.471403e-01
[166]  0.000000e+00  0.000000e+00  0.000000e+00  0.000000e+00  0.000000e+00
[171]  0.000000e+00  0.000000e+00  0.000000e+00  0.000000e+00  0.000000e+00
[176]  0.000000e+00  0.000000e+00  0.000000e+00  0.000000e+00  4.364369e-03
[181]  0.000000e+00  0.000000e+00  0.000000e+00  0.000000e+00  0.000000e+00
[186]  0.000000e+00  0.000000e+00  0.000000e+00  0.000000e+00  0.000000e+00
[191]  0.000000e+00  0.000000e+00  0.000000e+00  0.000000e+00  0.000000e+00
[196]  0.000000e+00  0.000000e+00  0.000000e+00  0.000000e+00  0.000000e+00
[201] -2.428520e-06  0.000000e+00  0.000000e+00  0.000000e+00  0.000000e+00
[206]  0.000000e+00
[1] "broken"
final values in 3th iteration
  [1]  3.040224e-01  4.199352e-01  4.540915e+00  2.423745e+00  1.502922e+00
  [6] -2.794088e-01  0.000000e+00 -4.551909e-06  0.000000e+00  0.000000e+00
 [11]  0.000000e+00  2.067783e-01  0.000000e+00  0.000000e+00  0.000000e+00
 [16]  0.000000e+00  0.000000e+00  0.000000e+00  0.000000e+00  0.000000e+00
 [21]  0.000000e+00  0.000000e+00  1.724265e-02  0.000000e+00  0.000000e+00
 [26]  0.000000e+00  0.000000e+00  0.000000e+00  0.000000e+00  0.000000e+00
 [31]  0.000000e+00  0.000000e+00 -6.777272e-02  0.000000e+00  0.000000e+00
 [36]  0.000000e+00  9.905752e-06  0.000000e+00  0.000000e+00  6.909271e-05
 [41]  5.052225e-02  0.000000e+00  0.000000e+00  0.000000e+00  0.000000e+00
 [46]  0.000000e+00  0.000000e+00  0.000000e+00  0.000000e+00  0.000000e+00
 [51]  0.000000e+00  0.000000e+00  0.000000e+00  0.000000e+00  0.000000e+00
 [56]  0.000000e+00  0.000000e+00  1.892739e-02  0.000000e+00  0.000000e+00
 [61]  0.000000e+00 -1.338350e-03  0.000000e+00  0.000000e+00  0.000000e+00
 [66]  0.000000e+00  0.000000e+00  0.000000e+00  0.000000e+00  0.000000e+00
 [71]  0.000000e+00  0.000000e+00  0.000000e+00  0.000000e+00  0.000000e+00
 [76]  1.850826e-04  0.000000e+00 -3.609505e-02  0.000000e+00  0.000000e+00
 [81]  0.000000e+00  0.000000e+00 -1.977373e-04  0.000000e+00  0.000000e+00
 [86]  0.000000e+00  4.385636e-02  0.000000e+00  0.000000e+00  0.000000e+00
 [91]  0.000000e+00  0.000000e+00  0.000000e+00  0.000000e+00  0.000000e+00
 [96]  0.000000e+00  0.000000e+00  0.000000e+00 -8.877521e-03  0.000000e+00
[101]  0.000000e+00  0.000000e+00  0.000000e+00 -8.854829e-02  0.000000e+00
[106]  0.000000e+00  0.000000e+00  0.000000e+00  0.000000e+00  2.194974e-06
[111] -7.647606e-03  0.000000e+00  0.000000e+00  0.000000e+00 -7.973517e-05
[116]  0.000000e+00  0.000000e+00  0.000000e+00  0.000000e+00  5.807681e-02
[121]  0.000000e+00  0.000000e+00  2.036268e-05  0.000000e+00  0.000000e+00
[126]  0.000000e+00  0.000000e+00  3.670515e-03  0.000000e+00  0.000000e+00
[131]  0.000000e+00  0.000000e+00  0.000000e+00  0.000000e+00  0.000000e+00
[136] -1.150711e-01  0.000000e+00  0.000000e+00  0.000000e+00  0.000000e+00
[141]  6.971651e-05  0.000000e+00  0.000000e+00  0.000000e+00  0.000000e+00
[146]  4.511899e-02  0.000000e+00  0.000000e+00  0.000000e+00  0.000000e+00
[151]  0.000000e+00 -2.609577e-04  0.000000e+00  0.000000e+00  0.000000e+00
[156]  0.000000e+00 -2.546744e-02  0.000000e+00  0.000000e+00  0.000000e+00
[161]  0.000000e+00  0.000000e+00  0.000000e+00  0.000000e+00  0.000000e+00
[166]  0.000000e+00 -3.824035e-02  0.000000e+00 -4.325809e-05  0.000000e+00
[171]  0.000000e+00  0.000000e+00  0.000000e+00  0.000000e+00  0.000000e+00
[176]  0.000000e+00  0.000000e+00  0.000000e+00  0.000000e+00  0.000000e+00
[181]  0.000000e+00  0.000000e+00  0.000000e+00  0.000000e+00  0.000000e+00
[186]  0.000000e+00  0.000000e+00  0.000000e+00  0.000000e+00  0.000000e+00
[191] -6.657785e-02  0.000000e+00  0.000000e+00  0.000000e+00  0.000000e+00
[196]  0.000000e+00  0.000000e+00  0.000000e+00  0.000000e+00  0.000000e+00
[201]  0.000000e+00  0.000000e+00  0.000000e+00  0.000000e+00  0.000000e+00
[206]  0.000000e+00
[1] "broken"
[1] "broken"
[1] "broken"
[1] "broken"
[1] "broken"
final values in 4th iteration
  [1]  2.477050e-01 -2.010421e+00  3.695283e+00  1.189728e+00  1.089674e+00
  [6]  0.000000e+00  0.000000e+00  0.000000e+00  0.000000e+00  0.000000e+00
 [11]  0.000000e+00  0.000000e+00  0.000000e+00  0.000000e+00  0.000000e+00
 [16]  0.000000e+00  0.000000e+00  0.000000e+00  0.000000e+00  0.000000e+00
 [21]  0.000000e+00 -8.368959e-02  3.734353e-02  0.000000e+00  0.000000e+00
 [26]  0.000000e+00  0.000000e+00  0.000000e+00  0.000000e+00  0.000000e+00
 [31]  0.000000e+00  0.000000e+00  0.000000e+00  0.000000e+00  0.000000e+00
 [36]  0.000000e+00  6.524264e-04  0.000000e+00  0.000000e+00  0.000000e+00
 [41]  0.000000e+00  1.289122e-04  0.000000e+00  1.728785e-04  0.000000e+00
 [46]  0.000000e+00  0.000000e+00  0.000000e+00  0.000000e+00  0.000000e+00
 [51] -8.123382e-06  0.000000e+00  0.000000e+00  0.000000e+00  0.000000e+00
 [56]  0.000000e+00  0.000000e+00  0.000000e+00  0.000000e+00  0.000000e+00
 [61]  0.000000e+00  0.000000e+00  0.000000e+00  0.000000e+00  0.000000e+00
 [66]  0.000000e+00  0.000000e+00  0.000000e+00  0.000000e+00  0.000000e+00
 [71]  0.000000e+00  0.000000e+00  0.000000e+00  0.000000e+00  0.000000e+00
 [76]  0.000000e+00  0.000000e+00  0.000000e+00  9.534146e-04  0.000000e+00
 [81]  0.000000e+00 -1.372543e-01  0.000000e+00  0.000000e+00  0.000000e+00
 [86]  0.000000e+00  0.000000e+00  0.000000e+00  0.000000e+00 -9.569416e-02
 [91]  0.000000e+00  0.000000e+00  0.000000e+00  0.000000e+00  0.000000e+00
 [96]  0.000000e+00  5.258788e-05  0.000000e+00  0.000000e+00  0.000000e+00
[101]  0.000000e+00  0.000000e+00  0.000000e+00  0.000000e+00 -8.562988e-05
[106]  0.000000e+00  0.000000e+00  0.000000e+00  0.000000e+00 -8.446332e-06
[111]  1.376224e-01  1.270354e-01  0.000000e+00  5.353336e-04  0.000000e+00
[116]  0.000000e+00  0.000000e+00 -3.952148e-01  0.000000e+00  0.000000e+00
[121]  0.000000e+00  0.000000e+00 -1.757419e-02  0.000000e+00  0.000000e+00
[126]  0.000000e+00  0.000000e+00  0.000000e+00 -8.932184e-02  0.000000e+00
[131]  0.000000e+00  0.000000e+00  0.000000e+00  0.000000e+00  0.000000e+00
[136]  0.000000e+00  0.000000e+00  0.000000e+00  0.000000e+00 -5.552623e-01
[141]  0.000000e+00  0.000000e+00  0.000000e+00  0.000000e+00  0.000000e+00
[146]  0.000000e+00  0.000000e+00  0.000000e+00  0.000000e+00  0.000000e+00
[151]  0.000000e+00  0.000000e+00  2.302811e-05  0.000000e+00  0.000000e+00
[156]  0.000000e+00  0.000000e+00 -2.900715e-03  0.000000e+00  0.000000e+00
[161]  0.000000e+00  0.000000e+00  0.000000e+00  0.000000e+00  0.000000e+00
[166]  0.000000e+00  0.000000e+00  0.000000e+00  0.000000e+00  0.000000e+00
[171]  0.000000e+00  0.000000e+00  0.000000e+00  0.000000e+00  4.055321e-01
[176]  0.000000e+00  1.483647e-01  0.000000e+00  5.398556e-02  0.000000e+00
[181]  0.000000e+00  0.000000e+00  0.000000e+00  0.000000e+00  0.000000e+00
[186]  7.623182e-02  0.000000e+00  0.000000e+00  0.000000e+00  0.000000e+00
[191]  0.000000e+00  0.000000e+00  0.000000e+00  0.000000e+00  0.000000e+00
[196]  0.000000e+00  0.000000e+00  0.000000e+00  0.000000e+00 -1.135327e-06
[201]  0.000000e+00  0.000000e+00  0.000000e+00 -1.910850e-02  0.000000e+00
[206]  0.000000e+00
[1] "broken"
final values in 5th iteration
  [1]  4.022045e-01  8.114950e-01  4.783482e+00  2.681350e+00  1.709328e+00
  [6]  0.000000e+00  0.000000e+00  0.000000e+00  0.000000e+00  0.000000e+00
 [11]  0.000000e+00  0.000000e+00  3.807622e-06  0.000000e+00  0.000000e+00
 [16] -1.825231e-02  0.000000e+00  0.000000e+00  0.000000e+00  0.000000e+00
 [21]  0.000000e+00  0.000000e+00  0.000000e+00  0.000000e+00  0.000000e+00
 [26]  0.000000e+00  0.000000e+00  0.000000e+00  0.000000e+00  0.000000e+00
 [31]  0.000000e+00  0.000000e+00  4.648698e-02  4.727087e-05  0.000000e+00
 [36]  0.000000e+00  0.000000e+00  0.000000e+00  0.000000e+00  0.000000e+00
 [41]  0.000000e+00  0.000000e+00  0.000000e+00  0.000000e+00  0.000000e+00
 [46]  0.000000e+00  0.000000e+00  0.000000e+00  0.000000e+00  0.000000e+00
 [51] -1.063348e-01  0.000000e+00  0.000000e+00  0.000000e+00  0.000000e+00
 [56]  0.000000e+00  0.000000e+00  0.000000e+00  0.000000e+00  0.000000e+00
 [61]  4.221751e-02  0.000000e+00  0.000000e+00  0.000000e+00  0.000000e+00
 [66]  0.000000e+00  0.000000e+00  0.000000e+00  0.000000e+00  0.000000e+00
 [71]  0.000000e+00  0.000000e+00  0.000000e+00  0.000000e+00  2.156249e-02
 [76]  0.000000e+00  0.000000e+00  0.000000e+00 -1.695386e-03  0.000000e+00
 [81]  0.000000e+00  0.000000e+00  7.389573e-02  0.000000e+00  0.000000e+00
 [86]  0.000000e+00  0.000000e+00  0.000000e+00  0.000000e+00  0.000000e+00
 [91]  0.000000e+00  0.000000e+00  0.000000e+00  0.000000e+00  0.000000e+00
 [96]  0.000000e+00  0.000000e+00  0.000000e+00  0.000000e+00  0.000000e+00
[101]  0.000000e+00  0.000000e+00  0.000000e+00  0.000000e+00  2.270839e-03
[106]  0.000000e+00  0.000000e+00  0.000000e+00  0.000000e+00  0.000000e+00
[111]  9.946239e-06  0.000000e+00  0.000000e+00  0.000000e+00  0.000000e+00
[116]  0.000000e+00  0.000000e+00  0.000000e+00  0.000000e+00  0.000000e+00
[121]  0.000000e+00  0.000000e+00  0.000000e+00  0.000000e+00  0.000000e+00
[126]  0.000000e+00  0.000000e+00  0.000000e+00  0.000000e+00  0.000000e+00
[131]  0.000000e+00  0.000000e+00  0.000000e+00  0.000000e+00  0.000000e+00
[136]  0.000000e+00  0.000000e+00  0.000000e+00  0.000000e+00  7.872041e-03
[141]  0.000000e+00  0.000000e+00  0.000000e+00  0.000000e+00  0.000000e+00
[146]  0.000000e+00  0.000000e+00  0.000000e+00  0.000000e+00  0.000000e+00
[151]  0.000000e+00  0.000000e+00  0.000000e+00  7.814782e-05  0.000000e+00
[156]  0.000000e+00  0.000000e+00  0.000000e+00  0.000000e+00  0.000000e+00
[161]  0.000000e+00  0.000000e+00  0.000000e+00  0.000000e+00  0.000000e+00
[166]  0.000000e+00  0.000000e+00  0.000000e+00  0.000000e+00  6.632415e-03
[171]  0.000000e+00  0.000000e+00  0.000000e+00  0.000000e+00  0.000000e+00
[176]  0.000000e+00  9.634574e-03  0.000000e+00  0.000000e+00 -5.192200e-05
[181]  0.000000e+00  0.000000e+00  0.000000e+00  0.000000e+00  0.000000e+00
[186]  0.000000e+00  0.000000e+00  0.000000e+00 -8.237631e-02  0.000000e+00
[191]  0.000000e+00  0.000000e+00  0.000000e+00  0.000000e+00  0.000000e+00
[196]  0.000000e+00  0.000000e+00  0.000000e+00  0.000000e+00  0.000000e+00
[201]  0.000000e+00  0.000000e+00  0.000000e+00  0.000000e+00  0.000000e+00
[206]  5.381306e-02
[1] "broken"
final values in 6th iteration
  [1]  4.173522e-01  9.180589e-01  4.863080e+00  2.762056e+00  1.704788e+00
  [6] -2.730747e-01  0.000000e+00  0.000000e+00  0.000000e+00  0.000000e+00
 [11]  0.000000e+00  0.000000e+00  0.000000e+00  0.000000e+00  0.000000e+00
 [16]  0.000000e+00  0.000000e+00  0.000000e+00  0.000000e+00  0.000000e+00
 [21]  0.000000e+00  0.000000e+00  0.000000e+00  2.679754e-05  0.000000e+00
 [26]  0.000000e+00  0.000000e+00  0.000000e+00  0.000000e+00  0.000000e+00
 [31]  0.000000e+00  0.000000e+00  0.000000e+00  0.000000e+00 -4.000447e-02
 [36]  0.000000e+00  0.000000e+00  0.000000e+00  0.000000e+00  0.000000e+00
 [41]  0.000000e+00  0.000000e+00  2.637199e-05  0.000000e+00  0.000000e+00
 [46]  0.000000e+00  0.000000e+00  0.000000e+00  0.000000e+00  0.000000e+00
 [51]  0.000000e+00  0.000000e+00  0.000000e+00  0.000000e+00  0.000000e+00
 [56]  0.000000e+00  0.000000e+00  0.000000e+00  0.000000e+00  0.000000e+00
 [61]  0.000000e+00 -6.530611e-02  1.872970e-02  0.000000e+00  0.000000e+00
 [66] -7.640272e-03  0.000000e+00  0.000000e+00 -7.202310e-03  0.000000e+00
 [71]  0.000000e+00  0.000000e+00  0.000000e+00  0.000000e+00  0.000000e+00
 [76]  0.000000e+00  0.000000e+00  0.000000e+00  0.000000e+00  0.000000e+00
 [81]  0.000000e+00  0.000000e+00  0.000000e+00  0.000000e+00  0.000000e+00
 [86]  0.000000e+00  0.000000e+00  0.000000e+00  0.000000e+00 -5.494410e-04
 [91]  0.000000e+00  0.000000e+00  0.000000e+00  0.000000e+00  0.000000e+00
 [96]  0.000000e+00  0.000000e+00  0.000000e+00  0.000000e+00  0.000000e+00
[101]  0.000000e+00  0.000000e+00  0.000000e+00  0.000000e+00  0.000000e+00
[106]  0.000000e+00  0.000000e+00  0.000000e+00  0.000000e+00  0.000000e+00
[111]  0.000000e+00  0.000000e+00  0.000000e+00  0.000000e+00  1.610966e-03
[116]  0.000000e+00  0.000000e+00  0.000000e+00  0.000000e+00  0.000000e+00
[121]  0.000000e+00  0.000000e+00  0.000000e+00  0.000000e+00  0.000000e+00
[126]  0.000000e+00  0.000000e+00  0.000000e+00  0.000000e+00  0.000000e+00
[131]  0.000000e+00  0.000000e+00  0.000000e+00  0.000000e+00  0.000000e+00
[136]  0.000000e+00  0.000000e+00  0.000000e+00  0.000000e+00  0.000000e+00
[141]  0.000000e+00  0.000000e+00  0.000000e+00  0.000000e+00  0.000000e+00
[146]  0.000000e+00  0.000000e+00  7.469567e-05  0.000000e+00  0.000000e+00
[151]  0.000000e+00  0.000000e+00  0.000000e+00  0.000000e+00  2.258264e-04
[156]  0.000000e+00  0.000000e+00  0.000000e+00  0.000000e+00  0.000000e+00
[161]  0.000000e+00  0.000000e+00  0.000000e+00  0.000000e+00  0.000000e+00
[166]  0.000000e+00  0.000000e+00  0.000000e+00  0.000000e+00  0.000000e+00
[171]  0.000000e+00  0.000000e+00  0.000000e+00  0.000000e+00  0.000000e+00
[176]  0.000000e+00  0.000000e+00  0.000000e+00  0.000000e+00  0.000000e+00
[181]  0.000000e+00  0.000000e+00  0.000000e+00 -3.369859e-02  0.000000e+00
[186]  0.000000e+00  0.000000e+00  0.000000e+00  3.268527e-03  0.000000e+00
[191]  0.000000e+00  0.000000e+00  0.000000e+00  0.000000e+00  0.000000e+00
[196]  0.000000e+00  0.000000e+00  0.000000e+00  1.982820e-02  0.000000e+00
[201]  0.000000e+00  0.000000e+00  8.877442e-04  0.000000e+00  0.000000e+00
[206]  0.000000e+00
[1] "broken"
final values in 7th iteration
  [1]  3.288873e-01  5.113098e-01  4.845803e+00  7.327509e-01  3.182973e-01
  [6]  0.000000e+00  0.000000e+00  0.000000e+00  0.000000e+00  0.000000e+00
 [11]  0.000000e+00  0.000000e+00  0.000000e+00  0.000000e+00  0.000000e+00
 [16]  0.000000e+00  2.872083e-04  0.000000e+00  0.000000e+00  0.000000e+00
 [21]  0.000000e+00  0.000000e+00  0.000000e+00  0.000000e+00  0.000000e+00
 [26]  0.000000e+00  0.000000e+00 -1.450150e-03  0.000000e+00  0.000000e+00
 [31]  0.000000e+00  0.000000e+00  0.000000e+00  0.000000e+00  0.000000e+00
 [36]  0.000000e+00  0.000000e+00  0.000000e+00  0.000000e+00 -1.828984e-01
 [41]  0.000000e+00  1.120147e-01  0.000000e+00  0.000000e+00  0.000000e+00
 [46]  0.000000e+00  1.618001e-01  0.000000e+00  0.000000e+00  0.000000e+00
 [51]  0.000000e+00  0.000000e+00  0.000000e+00  0.000000e+00  0.000000e+00
 [56]  0.000000e+00  0.000000e+00  0.000000e+00 -1.407823e-01  0.000000e+00
 [61]  0.000000e+00  0.000000e+00  0.000000e+00  1.992680e-01  0.000000e+00
 [66]  0.000000e+00  0.000000e+00  0.000000e+00  0.000000e+00  0.000000e+00
 [71]  0.000000e+00  0.000000e+00  0.000000e+00  0.000000e+00  0.000000e+00
 [76]  0.000000e+00  0.000000e+00  0.000000e+00  0.000000e+00  0.000000e+00
 [81]  0.000000e+00  0.000000e+00  0.000000e+00  1.765132e-01  0.000000e+00
 [86]  0.000000e+00  8.131283e-02  0.000000e+00  0.000000e+00  0.000000e+00
 [91] -3.762569e-01  0.000000e+00  0.000000e+00  0.000000e+00  0.000000e+00
 [96]  0.000000e+00  0.000000e+00  0.000000e+00  0.000000e+00  0.000000e+00
[101]  0.000000e+00  0.000000e+00  0.000000e+00  0.000000e+00  0.000000e+00
[106]  0.000000e+00  2.658908e-02  0.000000e+00  0.000000e+00  0.000000e+00
[111]  0.000000e+00  0.000000e+00  0.000000e+00  0.000000e+00  0.000000e+00
[116]  1.524862e-02  0.000000e+00  0.000000e+00  0.000000e+00  0.000000e+00
[121]  0.000000e+00  0.000000e+00  0.000000e+00  0.000000e+00  0.000000e+00
[126]  0.000000e+00  0.000000e+00  0.000000e+00  0.000000e+00  0.000000e+00
[131]  0.000000e+00  0.000000e+00  0.000000e+00  2.192830e-02  0.000000e+00
[136]  0.000000e+00  0.000000e+00  0.000000e+00  0.000000e+00  0.000000e+00
[141]  0.000000e+00 -1.053928e-01  0.000000e+00 -7.123733e-05  0.000000e+00
[146]  0.000000e+00  0.000000e+00  0.000000e+00  0.000000e+00 -8.727485e-04
[151]  0.000000e+00  0.000000e+00  0.000000e+00  0.000000e+00  0.000000e+00
[156]  0.000000e+00  0.000000e+00  0.000000e+00  0.000000e+00  0.000000e+00
[161]  0.000000e+00  0.000000e+00  0.000000e+00  0.000000e+00  0.000000e+00
[166]  0.000000e+00 -3.738307e-03  0.000000e+00  0.000000e+00  0.000000e+00
[171]  0.000000e+00  0.000000e+00  0.000000e+00  0.000000e+00  0.000000e+00
[176]  0.000000e+00  0.000000e+00 -3.031677e-05  0.000000e+00  0.000000e+00
[181]  0.000000e+00  0.000000e+00 -4.692975e-01  0.000000e+00  0.000000e+00
[186]  0.000000e+00  0.000000e+00  0.000000e+00 -5.224327e-01  0.000000e+00
[191]  0.000000e+00  0.000000e+00  0.000000e+00  0.000000e+00  0.000000e+00
[196]  1.182570e-03  0.000000e+00  0.000000e+00  0.000000e+00  0.000000e+00
[201]  0.000000e+00  0.000000e+00  0.000000e+00  0.000000e+00  0.000000e+00
[206]  0.000000e+00
[1] "broken"
final values in 8th iteration
  [1]  4.431506e-01  9.915364e-01  4.959290e+00  2.859101e+00  1.764248e+00
  [6] -2.682579e-01  0.000000e+00  1.313548e-03  0.000000e+00  0.000000e+00
 [11]  0.000000e+00  0.000000e+00  0.000000e+00  0.000000e+00  0.000000e+00
 [16]  0.000000e+00  0.000000e+00  0.000000e+00  0.000000e+00  0.000000e+00
 [21]  0.000000e+00  0.000000e+00 -1.742385e-02  0.000000e+00  0.000000e+00
 [26]  0.000000e+00  1.241046e-01  0.000000e+00  0.000000e+00 -1.592667e-02
 [31]  0.000000e+00  0.000000e+00  0.000000e+00  8.348297e-05  0.000000e+00
 [36]  0.000000e+00  0.000000e+00  0.000000e+00  0.000000e+00  0.000000e+00
 [41]  0.000000e+00  0.000000e+00  0.000000e+00  0.000000e+00  0.000000e+00
 [46]  0.000000e+00  0.000000e+00  1.287919e-04  0.000000e+00  0.000000e+00
 [51]  0.000000e+00  0.000000e+00  0.000000e+00  0.000000e+00  0.000000e+00
 [56]  0.000000e+00  0.000000e+00  0.000000e+00  0.000000e+00  0.000000e+00
 [61]  0.000000e+00  0.000000e+00  0.000000e+00  0.000000e+00  0.000000e+00
 [66]  0.000000e+00  0.000000e+00  0.000000e+00  0.000000e+00  0.000000e+00
 [71]  0.000000e+00  0.000000e+00  0.000000e+00  0.000000e+00  0.000000e+00
 [76]  0.000000e+00  0.000000e+00  0.000000e+00  0.000000e+00  0.000000e+00
 [81]  0.000000e+00  0.000000e+00  0.000000e+00  0.000000e+00 -1.322583e-03
 [86]  0.000000e+00  0.000000e+00  0.000000e+00  0.000000e+00  0.000000e+00
 [91] -3.490675e-05  0.000000e+00  0.000000e+00  0.000000e+00  0.000000e+00
 [96]  2.407584e-07  0.000000e+00  0.000000e+00  0.000000e+00  0.000000e+00
[101]  0.000000e+00  0.000000e+00  0.000000e+00  0.000000e+00  4.025640e-02
[106]  0.000000e+00  0.000000e+00  0.000000e+00  0.000000e+00  0.000000e+00
[111]  0.000000e+00  0.000000e+00  0.000000e+00  0.000000e+00 -2.264766e-04
[116]  0.000000e+00 -1.142545e-03  0.000000e+00  0.000000e+00  0.000000e+00
[121]  0.000000e+00  0.000000e+00  0.000000e+00  0.000000e+00  0.000000e+00
[126]  0.000000e+00  0.000000e+00  0.000000e+00  0.000000e+00  0.000000e+00
[131]  0.000000e+00  0.000000e+00  0.000000e+00 -2.964571e-02  0.000000e+00
[136]  0.000000e+00  0.000000e+00  0.000000e+00  0.000000e+00  0.000000e+00
[141]  0.000000e+00  0.000000e+00  0.000000e+00  0.000000e+00  0.000000e+00
[146]  0.000000e+00  0.000000e+00  0.000000e+00  0.000000e+00  0.000000e+00
[151]  0.000000e+00  0.000000e+00  0.000000e+00  0.000000e+00  0.000000e+00
[156]  8.856608e-06  0.000000e+00  0.000000e+00  0.000000e+00  0.000000e+00
[161]  0.000000e+00  0.000000e+00  0.000000e+00  0.000000e+00  0.000000e+00
[166]  0.000000e+00  0.000000e+00  0.000000e+00  0.000000e+00  0.000000e+00
[171]  0.000000e+00  0.000000e+00  0.000000e+00  0.000000e+00  0.000000e+00
[176]  0.000000e+00  0.000000e+00  0.000000e+00  0.000000e+00  0.000000e+00
[181]  1.458346e-04  0.000000e+00  0.000000e+00  0.000000e+00 -4.622594e-05
[186]  0.000000e+00  0.000000e+00  0.000000e+00  0.000000e+00  0.000000e+00
[191]  0.000000e+00  0.000000e+00  0.000000e+00  0.000000e+00  0.000000e+00
[196]  0.000000e+00  0.000000e+00  0.000000e+00  0.000000e+00  0.000000e+00
[201]  0.000000e+00  0.000000e+00  0.000000e+00  0.000000e+00  0.000000e+00
[206]  0.000000e+00
[1] "broken"
final values in 9th iteration
  [1]  0.365359846  0.440996063  4.629909609  2.676042331  1.700828508
  [6] -0.434123808  0.021848356  0.000000000  0.000000000  0.000000000
 [11]  0.000000000  0.000000000  0.000000000  0.000000000  0.000000000
 [16]  0.000000000  0.000000000  0.000000000  0.000000000  0.000000000
 [21]  0.000000000  0.000000000  0.000000000  0.000000000  0.000000000
 [26]  0.000000000  0.000000000  0.000000000  0.000000000  0.000000000
 [31]  0.000000000  0.000000000  0.000000000  0.000000000  0.000000000
 [36]  0.000000000  0.000000000  0.000000000  0.005373558  0.000000000
 [41]  0.000000000  0.000000000  0.002146416  0.000000000  0.000000000
 [46]  0.000000000  0.000000000  0.000000000 -0.023185039  0.000000000
 [51]  0.000000000  0.000000000  0.002031207  0.000000000  0.000000000
 [56]  0.000000000  0.000000000  0.000000000  0.000000000  0.000000000
 [61]  0.000000000  0.000000000  0.000000000  0.000000000  0.000000000
 [66]  0.000000000  0.000000000  0.000000000  0.000000000  0.000000000
 [71]  0.000000000  0.000000000  0.000000000  0.000000000  0.000000000
 [76]  0.000000000  0.000000000  0.000000000  0.000000000  0.000000000
 [81]  0.000000000  0.000000000  0.000000000  0.000000000  0.000000000
 [86]  0.000000000  0.000000000  0.000000000  0.000000000  0.000000000
 [91]  0.000000000  0.000000000  0.000000000  0.000000000  0.000000000
 [96]  0.000000000 -0.021148912  0.000000000  0.000000000  0.000000000
[101]  0.000000000  0.000000000  0.000000000  0.000000000  0.000000000
[106]  0.000000000  0.000000000  0.000000000  0.000000000  0.013552995
[111]  0.000000000  0.000000000  0.000000000  0.000000000  0.000000000
[116]  0.000000000  0.000000000  0.000000000  0.000000000  0.000000000
[121]  0.000000000  0.000000000  0.000000000  0.000000000  0.000000000
[126]  0.000000000  0.000000000  0.000000000  0.000000000  0.000000000
[131]  0.000000000  0.000000000  0.000000000  0.000000000  0.000000000
[136]  0.000000000  0.000000000  0.000000000  0.000000000  0.000000000
[141]  0.000000000  0.000000000  0.000000000  0.000000000  0.000000000
[146]  0.000000000  0.000000000  0.000000000  0.000000000  0.000000000
[151]  0.000000000  0.000000000  0.000000000  0.000000000  0.000000000
[156]  0.000000000  0.000000000  0.000000000  0.000000000  0.000000000
[161]  0.000000000  0.000000000  0.000000000  0.000000000  0.000000000
[166]  0.000000000  0.000000000  0.000000000  0.000000000  0.000000000
[171]  0.000000000  0.000000000  0.000000000  0.013404669  0.000000000
[176]  0.000000000  0.000000000  0.000000000  0.000000000  0.000000000
[181]  0.000000000  0.000000000  0.000000000  0.000000000  0.000000000
[186]  0.003963728  0.000000000  0.000000000  0.000000000  0.000000000
[191]  0.000000000  0.000000000  0.000000000  0.000000000  0.000000000
[196]  0.000000000  0.000000000  0.000000000  0.000000000  0.000000000
[201]  0.000000000  0.000000000  0.000000000  0.000000000  0.000000000
[206]  0.000000000
[1] "broken"
final values in 10th iteration
  [1]  3.565811e-01  1.267375e+00  4.943141e+00  2.756924e+00  1.916044e+00
  [6] -3.246140e-01  0.000000e+00  0.000000e+00  0.000000e+00  0.000000e+00
 [11]  0.000000e+00  0.000000e+00  0.000000e+00  0.000000e+00  0.000000e+00
 [16]  0.000000e+00  0.000000e+00  0.000000e+00  0.000000e+00  1.612217e-05
 [21]  1.186194e-03  0.000000e+00  0.000000e+00  0.000000e+00  0.000000e+00
 [26]  0.000000e+00  0.000000e+00  0.000000e+00  0.000000e+00  0.000000e+00
 [31]  0.000000e+00  1.486428e-02  0.000000e+00  0.000000e+00  0.000000e+00
 [36]  0.000000e+00  0.000000e+00  0.000000e+00  0.000000e+00  0.000000e+00
 [41]  0.000000e+00  0.000000e+00  0.000000e+00  0.000000e+00  0.000000e+00
 [46]  0.000000e+00  0.000000e+00  0.000000e+00  0.000000e+00  0.000000e+00
 [51]  0.000000e+00  0.000000e+00  0.000000e+00  0.000000e+00  0.000000e+00
 [56]  0.000000e+00  0.000000e+00  0.000000e+00  0.000000e+00  0.000000e+00
 [61]  0.000000e+00  0.000000e+00  2.440496e-04 -8.985831e-04  0.000000e+00
 [66]  0.000000e+00 -1.603668e-04  0.000000e+00  0.000000e+00  0.000000e+00
 [71]  0.000000e+00  0.000000e+00  0.000000e+00  0.000000e+00  0.000000e+00
 [76]  0.000000e+00  0.000000e+00  0.000000e+00  0.000000e+00  2.845405e-04
 [81]  0.000000e+00  0.000000e+00  0.000000e+00  0.000000e+00  0.000000e+00
 [86]  0.000000e+00  1.347266e-03  0.000000e+00  0.000000e+00  0.000000e+00
 [91]  0.000000e+00  0.000000e+00  0.000000e+00  0.000000e+00  0.000000e+00
 [96]  0.000000e+00  0.000000e+00  0.000000e+00  0.000000e+00  0.000000e+00
[101] -2.184675e-02  0.000000e+00  0.000000e+00  0.000000e+00  0.000000e+00
[106]  0.000000e+00  0.000000e+00  0.000000e+00  0.000000e+00  0.000000e+00
[111] -5.585930e-03  0.000000e+00  0.000000e+00  0.000000e+00  0.000000e+00
[116]  0.000000e+00  0.000000e+00  0.000000e+00  0.000000e+00  0.000000e+00
[121]  0.000000e+00  0.000000e+00  0.000000e+00  0.000000e+00  0.000000e+00
[126]  0.000000e+00  0.000000e+00  0.000000e+00  2.324281e-06  0.000000e+00
[131]  0.000000e+00  0.000000e+00  0.000000e+00  0.000000e+00  0.000000e+00
[136]  0.000000e+00  0.000000e+00  0.000000e+00  0.000000e+00  0.000000e+00
[141]  0.000000e+00  2.707385e-02 -2.061535e-02  0.000000e+00  0.000000e+00
[146]  0.000000e+00  0.000000e+00  0.000000e+00  0.000000e+00  0.000000e+00
[151] -3.127194e-02  0.000000e+00  0.000000e+00  0.000000e+00  0.000000e+00
[156]  0.000000e+00  0.000000e+00  0.000000e+00  0.000000e+00  0.000000e+00
[161]  0.000000e+00 -1.904581e-06  0.000000e+00  0.000000e+00  0.000000e+00
[166]  0.000000e+00  0.000000e+00  0.000000e+00  0.000000e+00  0.000000e+00
[171]  0.000000e+00  0.000000e+00  0.000000e+00 -1.300593e-02 -3.324102e-02
[176]  0.000000e+00  0.000000e+00  0.000000e+00  0.000000e+00  0.000000e+00
[181]  0.000000e+00  0.000000e+00  0.000000e+00  0.000000e+00  0.000000e+00
[186]  0.000000e+00  0.000000e+00  0.000000e+00  2.906808e-02  0.000000e+00
[191]  0.000000e+00  0.000000e+00  0.000000e+00  0.000000e+00  0.000000e+00
[196]  0.000000e+00  0.000000e+00 -6.336376e-06  0.000000e+00  0.000000e+00
[201]  0.000000e+00  0.000000e+00  0.000000e+00  2.220517e-02  0.000000e+00
[206]  0.000000e+00
           [,1]       [,2]     [,3]      [,4]      [,5]       [,6]       [,7]
 [1,] 0.3011757 -0.3093612 4.710470 2.5370852 1.0788038  0.0000000 0.00000000
 [2,] 0.3717550 -0.1707658 4.277969 2.4129726 1.4433486  0.0000000 0.00000000
 [3,] 0.3040224  0.4199352 4.540915 2.4237453 1.5029220 -0.2794088 0.00000000
 [4,] 0.2477050 -2.0104206 3.695283 1.1897276 1.0896744  0.0000000 0.00000000
 [5,] 0.4022045  0.8114950 4.783482 2.6813500 1.7093282  0.0000000 0.00000000
 [6,] 0.4173522  0.9180589 4.863080 2.7620558 1.7047879 -0.2730747 0.00000000
 [7,] 0.3288873  0.5113098 4.845803 0.7327509 0.3182973  0.0000000 0.00000000
 [8,] 0.4431506  0.9915364 4.959290 2.8591011 1.7642481 -0.2682579 0.00000000
 [9,] 0.3653598  0.4409961 4.629910 2.6760423 1.7008285 -0.4341238 0.02184836
[10,] 0.3565811  1.2673748 4.943141 2.7569245 1.9160439 -0.3246140 0.00000000
               [,8]          [,9] [,10] [,11]     [,12]        [,13] [,14]
 [1,]  0.000000e+00  0.0000000000     0     0 0.0000000 0.000000e+00     0
 [2,]  0.000000e+00 -0.0002435371     0     0 0.0000000 0.000000e+00     0
 [3,] -4.551909e-06  0.0000000000     0     0 0.2067783 0.000000e+00     0
 [4,]  0.000000e+00  0.0000000000     0     0 0.0000000 0.000000e+00     0
 [5,]  0.000000e+00  0.0000000000     0     0 0.0000000 3.807622e-06     0
 [6,]  0.000000e+00  0.0000000000     0     0 0.0000000 0.000000e+00     0
 [7,]  0.000000e+00  0.0000000000     0     0 0.0000000 0.000000e+00     0
 [8,]  1.313548e-03  0.0000000000     0     0 0.0000000 0.000000e+00     0
 [9,]  0.000000e+00  0.0000000000     0     0 0.0000000 0.000000e+00     0
[10,]  0.000000e+00  0.0000000000     0     0 0.0000000 0.000000e+00     0
      [,15]       [,16]        [,17] [,18] [,19]        [,20]       [,21]
 [1,]     0  0.00000000 0.0000000000     0     0 0.000000e+00 0.000000000
 [2,]     0  0.00000000 0.0000000000     0     0 0.000000e+00 0.000000000
 [3,]     0  0.00000000 0.0000000000     0     0 0.000000e+00 0.000000000
 [4,]     0  0.00000000 0.0000000000     0     0 0.000000e+00 0.000000000
 [5,]     0 -0.01825231 0.0000000000     0     0 0.000000e+00 0.000000000
 [6,]     0  0.00000000 0.0000000000     0     0 0.000000e+00 0.000000000
 [7,]     0  0.00000000 0.0002872083     0     0 0.000000e+00 0.000000000
 [8,]     0  0.00000000 0.0000000000     0     0 0.000000e+00 0.000000000
 [9,]     0  0.00000000 0.0000000000     0     0 0.000000e+00 0.000000000
[10,]     0  0.00000000 0.0000000000     0     0 1.612217e-05 0.001186194
            [,22]       [,23]        [,24] [,25] [,26]     [,27]       [,28]
 [1,]  0.00000000  0.00000000 0.000000e+00     0     0 0.0000000  0.00000000
 [2,]  0.00000000  0.00000000 0.000000e+00     0     0 0.0000000  0.00000000
 [3,]  0.00000000  0.01724265 0.000000e+00     0     0 0.0000000  0.00000000
 [4,] -0.08368959  0.03734353 0.000000e+00     0     0 0.0000000  0.00000000
 [5,]  0.00000000  0.00000000 0.000000e+00     0     0 0.0000000  0.00000000
 [6,]  0.00000000  0.00000000 2.679754e-05     0     0 0.0000000  0.00000000
 [7,]  0.00000000  0.00000000 0.000000e+00     0     0 0.0000000 -0.00145015
 [8,]  0.00000000 -0.01742385 0.000000e+00     0     0 0.1241046  0.00000000
 [9,]  0.00000000  0.00000000 0.000000e+00     0     0 0.0000000  0.00000000
[10,]  0.00000000  0.00000000 0.000000e+00     0     0 0.0000000  0.00000000
         [,29]       [,30]         [,31]      [,32]       [,33]        [,34]
 [1,] 0.112377  0.00000000  0.0000000000 0.00000000  0.00000000 0.000000e+00
 [2,] 0.000000  0.00000000 -0.0006328294 0.00000000  0.00000000 0.000000e+00
 [3,] 0.000000  0.00000000  0.0000000000 0.00000000 -0.06777272 0.000000e+00
 [4,] 0.000000  0.00000000  0.0000000000 0.00000000  0.00000000 0.000000e+00
 [5,] 0.000000  0.00000000  0.0000000000 0.00000000  0.04648698 4.727087e-05
 [6,] 0.000000  0.00000000  0.0000000000 0.00000000  0.00000000 0.000000e+00
 [7,] 0.000000  0.00000000  0.0000000000 0.00000000  0.00000000 0.000000e+00
 [8,] 0.000000 -0.01592667  0.0000000000 0.00000000  0.00000000 8.348297e-05
 [9,] 0.000000  0.00000000  0.0000000000 0.00000000  0.00000000 0.000000e+00
[10,] 0.000000  0.00000000  0.0000000000 0.01486428  0.00000000 0.000000e+00
            [,35] [,36]        [,37] [,38]        [,39]         [,40]
 [1,]  0.00000000     0 0.000000e+00     0 0.000000e+00  1.042286e-01
 [2,]  0.00000000     0 0.000000e+00     0 2.953744e-05  0.000000e+00
 [3,]  0.00000000     0 9.905752e-06     0 0.000000e+00  6.909271e-05
 [4,]  0.00000000     0 6.524264e-04     0 0.000000e+00  0.000000e+00
 [5,]  0.00000000     0 0.000000e+00     0 0.000000e+00  0.000000e+00
 [6,] -0.04000447     0 0.000000e+00     0 0.000000e+00  0.000000e+00
 [7,]  0.00000000     0 0.000000e+00     0 0.000000e+00 -1.828984e-01
 [8,]  0.00000000     0 0.000000e+00     0 0.000000e+00  0.000000e+00
 [9,]  0.00000000     0 0.000000e+00     0 5.373558e-03  0.000000e+00
[10,]  0.00000000     0 0.000000e+00     0 0.000000e+00  0.000000e+00
           [,41]        [,42]         [,43]        [,44] [,45] [,46]     [,47]
 [1,] 0.00000000 0.0000000000  0.000000e+00 0.0000000000     0     0 0.0000000
 [2,] 0.00000000 0.0000000000 -1.402231e-02 0.0000000000     0     0 0.0000000
 [3,] 0.05052225 0.0000000000  0.000000e+00 0.0000000000     0     0 0.0000000
 [4,] 0.00000000 0.0001289122  0.000000e+00 0.0001728785     0     0 0.0000000
 [5,] 0.00000000 0.0000000000  0.000000e+00 0.0000000000     0     0 0.0000000
 [6,] 0.00000000 0.0000000000  2.637199e-05 0.0000000000     0     0 0.0000000
 [7,] 0.00000000 0.1120146995  0.000000e+00 0.0000000000     0     0 0.1618001
 [8,] 0.00000000 0.0000000000  0.000000e+00 0.0000000000     0     0 0.0000000
 [9,] 0.00000000 0.0000000000  2.146416e-03 0.0000000000     0     0 0.0000000
[10,] 0.00000000 0.0000000000  0.000000e+00 0.0000000000     0     0 0.0000000
             [,48]       [,49]       [,50]         [,51] [,52]       [,53]
 [1,] 0.0000000000  0.00000000 0.009686406  0.000000e+00     0 0.000000000
 [2,] 0.0000000000  0.00000000 0.000000000  0.000000e+00     0 0.000000000
 [3,] 0.0000000000  0.00000000 0.000000000  0.000000e+00     0 0.000000000
 [4,] 0.0000000000  0.00000000 0.000000000 -8.123382e-06     0 0.000000000
 [5,] 0.0000000000  0.00000000 0.000000000 -1.063348e-01     0 0.000000000
 [6,] 0.0000000000  0.00000000 0.000000000  0.000000e+00     0 0.000000000
 [7,] 0.0000000000  0.00000000 0.000000000  0.000000e+00     0 0.000000000
 [8,] 0.0001287919  0.00000000 0.000000000  0.000000e+00     0 0.000000000
 [9,] 0.0000000000 -0.02318504 0.000000000  0.000000e+00     0 0.002031207
[10,] 0.0000000000  0.00000000 0.000000000  0.000000e+00     0 0.000000000
              [,54] [,55]         [,56] [,57]      [,58]      [,59] [,60]
 [1,]  0.000000e+00     0  0.0000000000     0 0.00000000  0.0000000     0
 [2,] -3.211915e-05     0 -0.0002121423     0 0.00000000  0.0000000     0
 [3,]  0.000000e+00     0  0.0000000000     0 0.01892739  0.0000000     0
 [4,]  0.000000e+00     0  0.0000000000     0 0.00000000  0.0000000     0
 [5,]  0.000000e+00     0  0.0000000000     0 0.00000000  0.0000000     0
 [6,]  0.000000e+00     0  0.0000000000     0 0.00000000  0.0000000     0
 [7,]  0.000000e+00     0  0.0000000000     0 0.00000000 -0.1407823     0
 [8,]  0.000000e+00     0  0.0000000000     0 0.00000000  0.0000000     0
 [9,]  0.000000e+00     0  0.0000000000     0 0.00000000  0.0000000     0
[10,]  0.000000e+00     0  0.0000000000     0 0.00000000  0.0000000     0
           [,61]       [,62]        [,63]         [,64] [,65]        [,66]
 [1,] 0.00000000  0.00000000 0.0000000000  0.0000000000     0  0.000000000
 [2,] 0.00000000  0.00000000 0.0000000000  0.0000000000     0  0.000000000
 [3,] 0.00000000 -0.00133835 0.0000000000  0.0000000000     0  0.000000000
 [4,] 0.00000000  0.00000000 0.0000000000  0.0000000000     0  0.000000000
 [5,] 0.04221751  0.00000000 0.0000000000  0.0000000000     0  0.000000000
 [6,] 0.00000000 -0.06530611 0.0187296960  0.0000000000     0 -0.007640272
 [7,] 0.00000000  0.00000000 0.0000000000  0.1992679659     0  0.000000000
 [8,] 0.00000000  0.00000000 0.0000000000  0.0000000000     0  0.000000000
 [9,] 0.00000000  0.00000000 0.0000000000  0.0000000000     0  0.000000000
[10,] 0.00000000  0.00000000 0.0002440496 -0.0008985831     0  0.000000000
              [,67]        [,68]       [,69]     [,70] [,71] [,72] [,73]
 [1,]  0.0000000000 0.0003293853  0.00000000 0.0000000     0     0     0
 [2,]  0.0000000000 0.0000000000  0.00000000 0.2530314     0     0     0
 [3,]  0.0000000000 0.0000000000  0.00000000 0.0000000     0     0     0
 [4,]  0.0000000000 0.0000000000  0.00000000 0.0000000     0     0     0
 [5,]  0.0000000000 0.0000000000  0.00000000 0.0000000     0     0     0
 [6,]  0.0000000000 0.0000000000 -0.00720231 0.0000000     0     0     0
 [7,]  0.0000000000 0.0000000000  0.00000000 0.0000000     0     0     0
 [8,]  0.0000000000 0.0000000000  0.00000000 0.0000000     0     0     0
 [9,]  0.0000000000 0.0000000000  0.00000000 0.0000000     0     0     0
[10,] -0.0001603668 0.0000000000  0.00000000 0.0000000     0     0     0
            [,74]        [,75]        [,76] [,77]       [,78]         [,79]
 [1,] -0.07957952 0.0002166735 0.0000000000     0  0.00000000  0.0000000000
 [2,]  0.00000000 0.0000000000 0.0000000000     0  0.00000000  0.0000000000
 [3,]  0.00000000 0.0000000000 0.0001850826     0 -0.03609505  0.0000000000
 [4,]  0.00000000 0.0000000000 0.0000000000     0  0.00000000  0.0009534146
 [5,]  0.00000000 0.0215624927 0.0000000000     0  0.00000000 -0.0016953862
 [6,]  0.00000000 0.0000000000 0.0000000000     0  0.00000000  0.0000000000
 [7,]  0.00000000 0.0000000000 0.0000000000     0  0.00000000  0.0000000000
 [8,]  0.00000000 0.0000000000 0.0000000000     0  0.00000000  0.0000000000
 [9,]  0.00000000 0.0000000000 0.0000000000     0  0.00000000  0.0000000000
[10,]  0.00000000 0.0000000000 0.0000000000     0  0.00000000  0.0000000000
             [,80] [,81]      [,82]         [,83]     [,84]        [,85] [,86]
 [1,] 0.0000000000     0  0.0000000  0.0000000000 0.0000000  0.000000000     0
 [2,] 0.0000000000     0  0.0000000 -0.0403321396 0.0000000  0.000000000     0
 [3,] 0.0000000000     0  0.0000000 -0.0001977373 0.0000000  0.000000000     0
 [4,] 0.0000000000     0 -0.1372543  0.0000000000 0.0000000  0.000000000     0
 [5,] 0.0000000000     0  0.0000000  0.0738957299 0.0000000  0.000000000     0
 [6,] 0.0000000000     0  0.0000000  0.0000000000 0.0000000  0.000000000     0
 [7,] 0.0000000000     0  0.0000000  0.0000000000 0.1765132  0.000000000     0
 [8,] 0.0000000000     0  0.0000000  0.0000000000 0.0000000 -0.001322583     0
 [9,] 0.0000000000     0  0.0000000  0.0000000000 0.0000000  0.000000000     0
[10,] 0.0002845405     0  0.0000000  0.0000000000 0.0000000  0.000000000     0
            [,87] [,88] [,89]        [,90]         [,91] [,92] [,93] [,94]
 [1,] 0.000000000     0     0  0.000000000  0.000000e+00     0     0     0
 [2,] 0.000000000     0     0  0.000000000  0.000000e+00     0     0     0
 [3,] 0.043856356     0     0  0.000000000  0.000000e+00     0     0     0
 [4,] 0.000000000     0     0 -0.095694156  0.000000e+00     0     0     0
 [5,] 0.000000000     0     0  0.000000000  0.000000e+00     0     0     0
 [6,] 0.000000000     0     0 -0.000549441  0.000000e+00     0     0     0
 [7,] 0.081312828     0     0  0.000000000 -3.762569e-01     0     0     0
 [8,] 0.000000000     0     0  0.000000000 -3.490675e-05     0     0     0
 [9,] 0.000000000     0     0  0.000000000  0.000000e+00     0     0     0
[10,] 0.001347266     0     0  0.000000000  0.000000e+00     0     0     0
      [,95]        [,96]         [,97] [,98]        [,99]        [,100]
 [1,]     0 0.000000e+00  0.000000e+00     0  0.000000000 -1.241795e-05
 [2,]     0 0.000000e+00  0.000000e+00     0  0.000000000  0.000000e+00
 [3,]     0 0.000000e+00  0.000000e+00     0 -0.008877521  0.000000e+00
 [4,]     0 0.000000e+00  5.258788e-05     0  0.000000000  0.000000e+00
 [5,]     0 0.000000e+00  0.000000e+00     0  0.000000000  0.000000e+00
 [6,]     0 0.000000e+00  0.000000e+00     0  0.000000000  0.000000e+00
 [7,]     0 0.000000e+00  0.000000e+00     0  0.000000000  0.000000e+00
 [8,]     0 2.407584e-07  0.000000e+00     0  0.000000000  0.000000e+00
 [9,]     0 0.000000e+00 -2.114891e-02     0  0.000000000  0.000000e+00
[10,]     0 0.000000e+00  0.000000e+00     0  0.000000000  0.000000e+00
           [,101] [,102] [,103]      [,104]        [,105] [,106]     [,107]
 [1,]  0.00000000      0      0  0.00000000  0.000000e+00      0 0.00000000
 [2,]  0.00000000      0      0  0.00000000  0.000000e+00      0 0.00000000
 [3,]  0.00000000      0      0 -0.08854829  0.000000e+00      0 0.00000000
 [4,]  0.00000000      0      0  0.00000000 -8.562988e-05      0 0.00000000
 [5,]  0.00000000      0      0  0.00000000  2.270839e-03      0 0.00000000
 [6,]  0.00000000      0      0  0.00000000  0.000000e+00      0 0.00000000
 [7,]  0.00000000      0      0  0.00000000  0.000000e+00      0 0.02658908
 [8,]  0.00000000      0      0  0.00000000  4.025640e-02      0 0.00000000
 [9,]  0.00000000      0      0  0.00000000  0.000000e+00      0 0.00000000
[10,] -0.02184675      0      0  0.00000000  0.000000e+00      0 0.00000000
          [,108] [,109]        [,110]        [,111]    [,112]       [,113]
 [1,]  0.0000000      0  0.000000e+00  0.000000e+00 0.0000000 -0.001064597
 [2,] -0.1178412      0  0.000000e+00  0.000000e+00 0.0000000 -0.023958597
 [3,]  0.0000000      0  2.194974e-06 -7.647606e-03 0.0000000  0.000000000
 [4,]  0.0000000      0 -8.446332e-06  1.376224e-01 0.1270354  0.000000000
 [5,]  0.0000000      0  0.000000e+00  9.946239e-06 0.0000000  0.000000000
 [6,]  0.0000000      0  0.000000e+00  0.000000e+00 0.0000000  0.000000000
 [7,]  0.0000000      0  0.000000e+00  0.000000e+00 0.0000000  0.000000000
 [8,]  0.0000000      0  0.000000e+00  0.000000e+00 0.0000000  0.000000000
 [9,]  0.0000000      0  1.355300e-02  0.000000e+00 0.0000000  0.000000000
[10,]  0.0000000      0  0.000000e+00 -5.585930e-03 0.0000000  0.000000000
            [,114]        [,115]     [,116]       [,117]     [,118] [,119]
 [1,] 0.0000000000  0.000000e+00 0.00000000  0.000000000  0.0000000      0
 [2,] 0.0000000000  0.000000e+00 0.00000000  0.000000000  0.0000000      0
 [3,] 0.0000000000 -7.973517e-05 0.00000000  0.000000000  0.0000000      0
 [4,] 0.0005353336  0.000000e+00 0.00000000  0.000000000 -0.3952148      0
 [5,] 0.0000000000  0.000000e+00 0.00000000  0.000000000  0.0000000      0
 [6,] 0.0000000000  1.610966e-03 0.00000000  0.000000000  0.0000000      0
 [7,] 0.0000000000  0.000000e+00 0.01524862  0.000000000  0.0000000      0
 [8,] 0.0000000000 -2.264766e-04 0.00000000 -0.001142545  0.0000000      0
 [9,] 0.0000000000  0.000000e+00 0.00000000  0.000000000  0.0000000      0
[10,] 0.0000000000  0.000000e+00 0.00000000  0.000000000  0.0000000      0
           [,120] [,121] [,122]        [,123] [,124] [,125] [,126] [,127]
 [1,] 0.002376995      0      0 -1.864315e-05      0      0      0      0
 [2,] 0.000000000      0      0  0.000000e+00      0      0      0      0
 [3,] 0.058076812      0      0  2.036268e-05      0      0      0      0
 [4,] 0.000000000      0      0 -1.757419e-02      0      0      0      0
 [5,] 0.000000000      0      0  0.000000e+00      0      0      0      0
 [6,] 0.000000000      0      0  0.000000e+00      0      0      0      0
 [7,] 0.000000000      0      0  0.000000e+00      0      0      0      0
 [8,] 0.000000000      0      0  0.000000e+00      0      0      0      0
 [9,] 0.000000000      0      0  0.000000e+00      0      0      0      0
[10,] 0.000000000      0      0  0.000000e+00      0      0      0      0
           [,128]        [,129] [,130] [,131] [,132] [,133]        [,134]
 [1,] 0.000000000  0.000000e+00      0      0      0      0  0.000000e+00
 [2,] 0.000000000  0.000000e+00      0      0      0      0 -5.260935e-05
 [3,] 0.003670515  0.000000e+00      0      0      0      0  0.000000e+00
 [4,] 0.000000000 -8.932184e-02      0      0      0      0  0.000000e+00
 [5,] 0.000000000  0.000000e+00      0      0      0      0  0.000000e+00
 [6,] 0.000000000  0.000000e+00      0      0      0      0  0.000000e+00
 [7,] 0.000000000  0.000000e+00      0      0      0      0  2.192830e-02
 [8,] 0.000000000  0.000000e+00      0      0      0      0 -2.964571e-02
 [9,] 0.000000000  0.000000e+00      0      0      0      0  0.000000e+00
[10,] 0.000000000  2.324281e-06      0      0      0      0  0.000000e+00
      [,135]     [,136]     [,137] [,138]      [,139]       [,140]       [,141]
 [1,]      0  0.0000000 -0.1669555      0  0.00000000  0.000000000 0.000000e+00
 [2,]      0  0.0000000  0.0000000      0 -0.08015634  0.000000000 0.000000e+00
 [3,]      0 -0.1150711  0.0000000      0  0.00000000  0.000000000 6.971651e-05
 [4,]      0  0.0000000  0.0000000      0  0.00000000 -0.555262264 0.000000e+00
 [5,]      0  0.0000000  0.0000000      0  0.00000000  0.007872041 0.000000e+00
 [6,]      0  0.0000000  0.0000000      0  0.00000000  0.000000000 0.000000e+00
 [7,]      0  0.0000000  0.0000000      0  0.00000000  0.000000000 0.000000e+00
 [8,]      0  0.0000000  0.0000000      0  0.00000000  0.000000000 0.000000e+00
 [9,]      0  0.0000000  0.0000000      0  0.00000000  0.000000000 0.000000e+00
[10,]      0  0.0000000  0.0000000      0  0.00000000  0.000000000 0.000000e+00
           [,142]      [,143]        [,144] [,145]     [,146] [,147]
 [1,]  0.00000000  0.00000000  0.000000e+00      0 0.00000000      0
 [2,]  0.00000000  0.00000000  0.000000e+00      0 0.00000000      0
 [3,]  0.00000000  0.00000000  0.000000e+00      0 0.04511899      0
 [4,]  0.00000000  0.00000000  0.000000e+00      0 0.00000000      0
 [5,]  0.00000000  0.00000000  0.000000e+00      0 0.00000000      0
 [6,]  0.00000000  0.00000000  0.000000e+00      0 0.00000000      0
 [7,] -0.10539277  0.00000000 -7.123733e-05      0 0.00000000      0
 [8,]  0.00000000  0.00000000  0.000000e+00      0 0.00000000      0
 [9,]  0.00000000  0.00000000  0.000000e+00      0 0.00000000      0
[10,]  0.02707385 -0.02061535  0.000000e+00      0 0.00000000      0
            [,148]      [,149]        [,150]      [,151]        [,152]
 [1,] 0.000000e+00 0.000000000  0.0000000000  0.00000000 -0.0817576729
 [2,] 0.000000e+00 0.002258384  0.0000000000  0.00000000  0.0000000000
 [3,] 0.000000e+00 0.000000000  0.0000000000  0.00000000 -0.0002609577
 [4,] 0.000000e+00 0.000000000  0.0000000000  0.00000000  0.0000000000
 [5,] 0.000000e+00 0.000000000  0.0000000000  0.00000000  0.0000000000
 [6,] 7.469567e-05 0.000000000  0.0000000000  0.00000000  0.0000000000
 [7,] 0.000000e+00 0.000000000 -0.0008727485  0.00000000  0.0000000000
 [8,] 0.000000e+00 0.000000000  0.0000000000  0.00000000  0.0000000000
 [9,] 0.000000e+00 0.000000000  0.0000000000  0.00000000  0.0000000000
[10,] 0.000000e+00 0.000000000  0.0000000000 -0.03127194  0.0000000000
            [,153]       [,154]       [,155]       [,156]      [,157]
 [1,] 0.000000e+00 0.000000e+00 0.0000000000 0.000000e+00  0.00000000
 [2,] 0.000000e+00 0.000000e+00 0.0000000000 0.000000e+00  0.00000000
 [3,] 0.000000e+00 0.000000e+00 0.0000000000 0.000000e+00 -0.02546744
 [4,] 2.302811e-05 0.000000e+00 0.0000000000 0.000000e+00  0.00000000
 [5,] 0.000000e+00 7.814782e-05 0.0000000000 0.000000e+00  0.00000000
 [6,] 0.000000e+00 0.000000e+00 0.0002258264 0.000000e+00  0.00000000
 [7,] 0.000000e+00 0.000000e+00 0.0000000000 0.000000e+00  0.00000000
 [8,] 0.000000e+00 0.000000e+00 0.0000000000 8.856608e-06  0.00000000
 [9,] 0.000000e+00 0.000000e+00 0.0000000000 0.000000e+00  0.00000000
[10,] 0.000000e+00 0.000000e+00 0.0000000000 0.000000e+00  0.00000000
            [,158] [,159] [,160] [,161]        [,162] [,163] [,164]     [,165]
 [1,]  0.000000000      0      0      0  0.000000e+00      0      0  0.0000000
 [2,]  0.000000000      0      0      0  0.000000e+00      0      0 -0.1471403
 [3,]  0.000000000      0      0      0  0.000000e+00      0      0  0.0000000
 [4,] -0.002900715      0      0      0  0.000000e+00      0      0  0.0000000
 [5,]  0.000000000      0      0      0  0.000000e+00      0      0  0.0000000
 [6,]  0.000000000      0      0      0  0.000000e+00      0      0  0.0000000
 [7,]  0.000000000      0      0      0  0.000000e+00      0      0  0.0000000
 [8,]  0.000000000      0      0      0  0.000000e+00      0      0  0.0000000
 [9,]  0.000000000      0      0      0  0.000000e+00      0      0  0.0000000
[10,]  0.000000000      0      0      0 -1.904581e-06      0      0  0.0000000
      [,166]       [,167] [,168]        [,169]      [,170] [,171] [,172]
 [1,]      0  0.000000000      0  0.000000e+00 0.000000000      0      0
 [2,]      0  0.000000000      0  0.000000e+00 0.000000000      0      0
 [3,]      0 -0.038240351      0 -4.325809e-05 0.000000000      0      0
 [4,]      0  0.000000000      0  0.000000e+00 0.000000000      0      0
 [5,]      0  0.000000000      0  0.000000e+00 0.006632415      0      0
 [6,]      0  0.000000000      0  0.000000e+00 0.000000000      0      0
 [7,]      0 -0.003738307      0  0.000000e+00 0.000000000      0      0
 [8,]      0  0.000000000      0  0.000000e+00 0.000000000      0      0
 [9,]      0  0.000000000      0  0.000000e+00 0.000000000      0      0
[10,]      0  0.000000000      0  0.000000e+00 0.000000000      0      0
          [,173]      [,174]      [,175] [,176]      [,177]        [,178]
 [1,] -0.0393697  0.00000000  0.00000000      0 0.000000000  4.077153e-02
 [2,]  0.0000000  0.00000000  0.00000000      0 0.000000000  0.000000e+00
 [3,]  0.0000000  0.00000000  0.00000000      0 0.000000000  0.000000e+00
 [4,]  0.0000000  0.00000000  0.40553205      0 0.148364745  0.000000e+00
 [5,]  0.0000000  0.00000000  0.00000000      0 0.009634574  0.000000e+00
 [6,]  0.0000000  0.00000000  0.00000000      0 0.000000000  0.000000e+00
 [7,]  0.0000000  0.00000000  0.00000000      0 0.000000000 -3.031677e-05
 [8,]  0.0000000  0.00000000  0.00000000      0 0.000000000  0.000000e+00
 [9,]  0.0000000  0.01340467  0.00000000      0 0.000000000  0.000000e+00
[10,]  0.0000000 -0.01300593 -0.03324102      0 0.000000000  0.000000e+00
          [,179]       [,180]       [,181] [,182]     [,183]      [,184]
 [1,] 0.00000000  0.000000000 0.0000000000      0  0.0000000  0.00000000
 [2,] 0.00000000  0.004364369 0.0000000000      0  0.0000000  0.00000000
 [3,] 0.00000000  0.000000000 0.0000000000      0  0.0000000  0.00000000
 [4,] 0.05398556  0.000000000 0.0000000000      0  0.0000000  0.00000000
 [5,] 0.00000000 -0.000051922 0.0000000000      0  0.0000000  0.00000000
 [6,] 0.00000000  0.000000000 0.0000000000      0  0.0000000 -0.03369859
 [7,] 0.00000000  0.000000000 0.0000000000      0 -0.4692975  0.00000000
 [8,] 0.00000000  0.000000000 0.0001458346      0  0.0000000  0.00000000
 [9,] 0.00000000  0.000000000 0.0000000000      0  0.0000000  0.00000000
[10,] 0.00000000  0.000000000 0.0000000000      0  0.0000000  0.00000000
             [,185]      [,186] [,187] [,188]       [,189] [,190]      [,191]
 [1,]  0.000000e+00 0.000000000      0      0  0.000000000      0  0.00000000
 [2,]  0.000000e+00 0.000000000      0      0  0.000000000      0  0.00000000
 [3,]  0.000000e+00 0.000000000      0      0  0.000000000      0 -0.06657785
 [4,]  0.000000e+00 0.076231822      0      0  0.000000000      0  0.00000000
 [5,]  0.000000e+00 0.000000000      0      0 -0.082376305      0  0.00000000
 [6,]  0.000000e+00 0.000000000      0      0  0.003268527      0  0.00000000
 [7,]  0.000000e+00 0.000000000      0      0 -0.522432668      0  0.00000000
 [8,] -4.622594e-05 0.000000000      0      0  0.000000000      0  0.00000000
 [9,]  0.000000e+00 0.003963728      0      0  0.000000000      0  0.00000000
[10,]  0.000000e+00 0.000000000      0      0  0.029068075      0  0.00000000
      [,192] [,193] [,194] [,195]     [,196] [,197]        [,198]    [,199]
 [1,]      0      0      0      0 0.00000000      0  0.000000e+00 0.0000000
 [2,]      0      0      0      0 0.00000000      0  0.000000e+00 0.0000000
 [3,]      0      0      0      0 0.00000000      0  0.000000e+00 0.0000000
 [4,]      0      0      0      0 0.00000000      0  0.000000e+00 0.0000000
 [5,]      0      0      0      0 0.00000000      0  0.000000e+00 0.0000000
 [6,]      0      0      0      0 0.00000000      0  0.000000e+00 0.0198282
 [7,]      0      0      0      0 0.00118257      0  0.000000e+00 0.0000000
 [8,]      0      0      0      0 0.00000000      0  0.000000e+00 0.0000000
 [9,]      0      0      0      0 0.00000000      0  0.000000e+00 0.0000000
[10,]      0      0      0      0 0.00000000      0 -6.336376e-06 0.0000000
             [,200]       [,201]      [,202]       [,203]      [,204] [,205]
 [1,]  0.000000e+00  0.00000e+00 -0.06608204 0.0000000000  0.00000000      0
 [2,]  0.000000e+00 -2.42852e-06  0.00000000 0.0000000000  0.00000000      0
 [3,]  0.000000e+00  0.00000e+00  0.00000000 0.0000000000  0.00000000      0
 [4,] -1.135327e-06  0.00000e+00  0.00000000 0.0000000000 -0.01910850      0
 [5,]  0.000000e+00  0.00000e+00  0.00000000 0.0000000000  0.00000000      0
 [6,]  0.000000e+00  0.00000e+00  0.00000000 0.0008877442  0.00000000      0
 [7,]  0.000000e+00  0.00000e+00  0.00000000 0.0000000000  0.00000000      0
 [8,]  0.000000e+00  0.00000e+00  0.00000000 0.0000000000  0.00000000      0
 [9,]  0.000000e+00  0.00000e+00  0.00000000 0.0000000000  0.00000000      0
[10,]  0.000000e+00  0.00000e+00  0.00000000 0.0000000000  0.02220517      0
          [,206]
 [1,] 0.00000000
 [2,] 0.00000000
 [3,] 0.00000000
 [4,] 0.00000000
 [5,] 0.05381306
 [6,] 0.00000000
 [7,] 0.00000000
 [8,] 0.00000000
 [9,] 0.00000000
[10,] 0.00000000
[1] "Mean"
  [1]  3.538194e-01  2.870158e-01  4.624934e+00  2.303176e+00  1.422828e+00
  [6] -1.579479e-01  2.184836e-03  1.308997e-04 -2.435371e-05  0.000000e+00
 [11]  0.000000e+00  2.067783e-02  3.807622e-07  0.000000e+00  0.000000e+00
 [16] -1.825231e-03  2.872083e-05  0.000000e+00  0.000000e+00  1.612217e-06
 [21]  1.186194e-04 -8.368959e-03  3.716232e-03  2.679754e-06  0.000000e+00
 [26]  0.000000e+00  1.241046e-02 -1.450150e-04  1.123770e-02 -1.592667e-03
 [31] -6.328294e-05  1.486428e-03 -2.128574e-03  1.307538e-05 -4.000447e-03
 [36]  0.000000e+00  6.623322e-05  0.000000e+00  5.403096e-04 -7.860065e-03
 [41]  5.052225e-03  1.121436e-02 -1.184952e-03  1.728785e-05  0.000000e+00
 [46]  0.000000e+00  1.618001e-02  1.287919e-05 -2.318504e-03  9.686406e-04
 [51] -1.063429e-02  0.000000e+00  2.031207e-04 -3.211915e-06  0.000000e+00
 [56] -2.121423e-05  0.000000e+00  1.892739e-03 -1.407823e-02  0.000000e+00
 [61]  4.221751e-03 -6.664446e-03  1.897375e-03  1.983694e-02  0.000000e+00
 [66] -7.640272e-04 -1.603668e-05  3.293853e-05 -7.202310e-04  2.530314e-02
 [71]  0.000000e+00  0.000000e+00  0.000000e+00 -7.957952e-03  2.177917e-03
 [76]  1.850826e-05  0.000000e+00 -3.609505e-03 -7.419716e-05  2.845405e-05
 [81]  0.000000e+00 -1.372543e-02  3.336585e-03  1.765132e-02 -1.322583e-04
 [86]  0.000000e+00  1.265165e-02  0.000000e+00  0.000000e+00 -9.624360e-03
 [91] -3.762918e-02  0.000000e+00  0.000000e+00  0.000000e+00  0.000000e+00
 [96]  2.407584e-08 -2.109632e-03  0.000000e+00 -8.877521e-04 -1.241795e-06
[101] -2.184675e-03  0.000000e+00  0.000000e+00 -8.854829e-03  4.244161e-03
[106]  0.000000e+00  2.658908e-03 -1.178412e-02  0.000000e+00  1.354674e-03
[111]  1.243988e-02  1.270354e-02 -2.502319e-03  5.353336e-05  1.304754e-04
[116]  1.524862e-03 -1.142545e-04 -3.952148e-02  0.000000e+00  6.045381e-03
[121]  0.000000e+00  0.000000e+00 -1.757247e-03  0.000000e+00  0.000000e+00
[126]  0.000000e+00  0.000000e+00  3.670515e-04 -8.931951e-03  0.000000e+00
[131]  0.000000e+00  0.000000e+00  0.000000e+00 -7.770012e-04  0.000000e+00
[136] -1.150711e-02 -1.669555e-02  0.000000e+00 -8.015634e-03 -5.473902e-02
[141]  6.971651e-06 -7.831893e-03 -2.061535e-03 -7.123733e-06  0.000000e+00
[146]  4.511899e-03  0.000000e+00  7.469567e-06  2.258384e-04 -8.727485e-05
[151] -3.127194e-03 -8.201863e-03  2.302811e-06  7.814782e-06  2.258264e-05
[156]  8.856608e-07 -2.546744e-03 -2.900715e-04  0.000000e+00  0.000000e+00
[161]  0.000000e+00 -1.904581e-07  0.000000e+00  0.000000e+00 -1.471403e-02
[166]  0.000000e+00 -4.197866e-03  0.000000e+00 -4.325809e-06  6.632415e-04
[171]  0.000000e+00  0.000000e+00 -3.936970e-03  3.987352e-05  3.722910e-02
[176]  0.000000e+00  1.579993e-02  4.074121e-03  5.398556e-03  4.312447e-04
[181]  1.458346e-05  0.000000e+00 -4.692975e-02 -3.369859e-03 -4.622594e-06
[186]  8.019555e-03  0.000000e+00  0.000000e+00 -5.724724e-02  0.000000e+00
[191] -6.657785e-03  0.000000e+00  0.000000e+00  0.000000e+00  0.000000e+00
[196]  1.182570e-04  0.000000e+00 -6.336376e-07  1.982820e-03 -1.135327e-07
[201] -2.428520e-07 -6.608204e-03  8.877442e-05  3.096662e-04  0.000000e+00
[206]  5.381306e-03
[1] "Variance"
  [1] 5.958474e-02 9.466829e-01 3.862526e-01 7.299059e-01 4.778268e-01
  [6] 1.728723e-01 6.909057e-03 4.155429e-04 7.701321e-05 0.000000e+00
 [11] 0.000000e+00 6.538905e-02 1.204076e-06 0.000000e+00 0.000000e+00
 [16] 5.771887e-03 9.082325e-05 0.000000e+00 0.000000e+00 5.098278e-06
 [21] 3.751074e-04 2.646497e-02 1.436560e-02 8.474125e-06 0.000000e+00
 [26] 0.000000e+00 3.924533e-02 4.585776e-04 3.553674e-02 5.036456e-03
 [31] 2.001182e-04 4.700500e-03 2.730257e-02 2.885651e-05 1.265053e-02
 [36] 0.000000e+00 2.059908e-04 0.000000e+00 1.698256e-03 6.967992e-02
 [41] 1.597654e-02 3.541765e-02 4.560601e-03 5.466899e-05 0.000000e+00
 [46] 0.000000e+00 5.116569e-02 4.072758e-05 7.331753e-03 3.063111e-03
 [51] 3.362572e-02 0.000000e+00 6.423240e-04 1.015697e-05 0.000000e+00
 [56] 6.708529e-05 0.000000e+00 5.985367e-03 4.451926e-02 0.000000e+00
 [61] 1.335035e-02 2.060887e-02 5.914772e-03 6.304627e-02 0.000000e+00
 [66] 2.416066e-03 5.071243e-05 1.041608e-04 2.277570e-03 8.001554e-02
 [71] 0.000000e+00 0.000000e+00 0.000000e+00 2.516525e-02 6.811386e-03
 [76] 5.852825e-05 0.000000e+00 1.141426e-02 6.436253e-04 8.997961e-05
 [81] 0.000000e+00 4.340363e-02 2.784076e-02 5.581839e-02 4.182374e-04
 [86] 0.000000e+00 2.776154e-02 0.000000e+00 0.000000e+00 3.024234e-02
 [91] 1.189817e-01 0.000000e+00 0.000000e+00 0.000000e+00 0.000000e+00
 [96] 7.613448e-08 6.689741e-03 0.000000e+00 2.807319e-03 3.926901e-06
[101] 6.908548e-03 0.000000e+00 0.000000e+00 2.800143e-02 1.267374e-02
[106] 0.000000e+00 8.408205e-03 3.726465e-02 0.000000e+00 4.286054e-03
[111] 4.407332e-02 4.017213e-02 7.546388e-03 1.692874e-04 5.252112e-04
[116] 4.822038e-03 3.613044e-04 1.249779e-01 0.000000e+00 1.829724e-02
[121] 0.000000e+00 0.000000e+00 5.557516e-03 0.000000e+00 0.000000e+00
[126] 0.000000e+00 0.000000e+00 1.160719e-03 2.824613e-02 0.000000e+00
[131] 0.000000e+00 0.000000e+00 0.000000e+00 1.226415e-02 0.000000e+00
[136] 3.638867e-02 5.279596e-02 0.000000e+00 2.534766e-02 1.758833e-01
[141] 2.204630e-05 3.531956e-02 6.519145e-03 2.252722e-05 0.000000e+00
[146] 1.426788e-02 0.000000e+00 2.362085e-05 7.141637e-04 2.759873e-04
[151] 9.889055e-03 2.584501e-02 7.282128e-06 2.471251e-05 7.141259e-05
[156] 2.800705e-06 8.053511e-03 9.172867e-04 0.000000e+00 0.000000e+00
[161] 0.000000e+00 6.022813e-07 0.000000e+00 0.000000e+00 4.652984e-02
[166] 0.000000e+00 1.201887e-02 0.000000e+00 1.367941e-05 2.097354e-03
[171] 0.000000e+00 0.000000e+00 1.244979e-02 6.225607e-03 1.298294e-01
[176] 0.000000e+00 4.667684e-02 1.289416e-02 1.707173e-02 1.382055e-03
[181] 4.611694e-05 0.000000e+00 1.484049e-01 1.065643e-02 1.461793e-05
[186] 2.399970e-02 0.000000e+00 0.000000e+00 1.659334e-01 0.000000e+00
[191] 2.105377e-02 0.000000e+00 0.000000e+00 0.000000e+00 0.000000e+00
[196] 3.739614e-04 0.000000e+00 2.003738e-06 6.270228e-03 3.590218e-07
[201] 7.679655e-07 2.089698e-02 2.807294e-04 9.759584e-03 0.000000e+00
[206] 1.701718e-02
[1] "Bias"
  [1] -0.29236126 -0.80865611 -0.07501315 -0.23227482 -0.28858587 -0.68410417
  [7]         Inf         Inf        -Inf         NaN         NaN         Inf
 [13]         Inf         NaN         NaN        -Inf         Inf         NaN
 [19]         NaN         Inf         Inf        -Inf         Inf         Inf
 [25]         NaN         NaN         Inf        -Inf         Inf        -Inf
 [31]        -Inf         Inf        -Inf         Inf        -Inf         NaN
 [37]         Inf         NaN         Inf        -Inf         Inf         Inf
 [43]        -Inf         Inf         NaN         NaN         Inf         Inf
 [49]        -Inf         Inf        -Inf         NaN         Inf        -Inf
 [55]         NaN        -Inf         NaN         Inf        -Inf         NaN
 [61]         Inf        -Inf         Inf         Inf         NaN        -Inf
 [67]        -Inf         Inf        -Inf         Inf         NaN         NaN
 [73]         NaN        -Inf         Inf         Inf         NaN        -Inf
 [79]        -Inf         Inf         NaN        -Inf         Inf         Inf
 [85]        -Inf         NaN         Inf         NaN         NaN        -Inf
 [91]        -Inf         NaN         NaN         NaN         NaN         Inf
 [97]        -Inf         NaN        -Inf        -Inf        -Inf         NaN
[103]         NaN        -Inf         Inf         NaN         Inf        -Inf
[109]         NaN         Inf         Inf         Inf        -Inf         Inf
[115]         Inf         Inf        -Inf        -Inf         NaN         Inf
[121]         NaN         NaN        -Inf         NaN         NaN         NaN
[127]         NaN         Inf        -Inf         NaN         NaN         NaN
[133]         NaN        -Inf         NaN        -Inf        -Inf         NaN
[139]        -Inf        -Inf         Inf        -Inf        -Inf        -Inf
[145]         NaN         Inf         NaN         Inf         Inf        -Inf
[151]        -Inf        -Inf         Inf         Inf         Inf         Inf
[157]        -Inf        -Inf         NaN         NaN         NaN        -Inf
[163]         NaN         NaN        -Inf         NaN        -Inf         NaN
[169]        -Inf         Inf         NaN         NaN        -Inf         Inf
[175]         Inf         NaN         Inf         Inf         Inf         Inf
[181]         Inf         NaN        -Inf        -Inf        -Inf         Inf
[187]         NaN         NaN        -Inf         NaN        -Inf         NaN
[193]         NaN         NaN         NaN         Inf         NaN        -Inf
[199]         Inf        -Inf        -Inf        -Inf         Inf         Inf
[205]         NaN         Inf
