[1] "broken"
[1] "broken"
[1] "broken"
[1] "broken"
[1] "broken"
[1] "broken"
[1] "broken"
[1] "broken"
[1] "broken"
[1] "broken"
[1] "broken"
[1] "broken"
[1] "broken"
[1] "broken"
[1] "broken"
[1] "broken"
[1] "broken"
final values in 1th iteration
  [1]  3.877089e-01  6.452010e-01  4.977393e+00  2.477542e+00  1.562139e+00
  [6] -1.421760e-01  0.000000e+00  4.129499e-02  0.000000e+00  0.000000e+00
 [11]  0.000000e+00  0.000000e+00  0.000000e+00  1.424951e-02  0.000000e+00
 [16]  0.000000e+00  0.000000e+00 -3.930700e-02  0.000000e+00  0.000000e+00
 [21]  0.000000e+00  0.000000e+00  0.000000e+00  0.000000e+00  0.000000e+00
 [26]  0.000000e+00  0.000000e+00  0.000000e+00  7.230939e-04  0.000000e+00
 [31]  0.000000e+00  0.000000e+00  0.000000e+00  0.000000e+00  0.000000e+00
 [36]  0.000000e+00  0.000000e+00  0.000000e+00  0.000000e+00  0.000000e+00
 [41]  0.000000e+00  0.000000e+00  1.469528e-02  0.000000e+00  0.000000e+00
 [46] -6.314585e-04  1.661595e-04  0.000000e+00 -7.704774e-05  4.454984e-04
 [51]  0.000000e+00  0.000000e+00  0.000000e+00  0.000000e+00  0.000000e+00
 [56]  0.000000e+00 -4.218880e-05  0.000000e+00  2.165736e-03  0.000000e+00
 [61]  5.889146e-06  0.000000e+00  0.000000e+00  0.000000e+00  0.000000e+00
 [66]  0.000000e+00  0.000000e+00  0.000000e+00  0.000000e+00  0.000000e+00
 [71]  0.000000e+00  0.000000e+00 -2.582691e-05  0.000000e+00  5.772569e-02
 [76]  0.000000e+00  0.000000e+00  0.000000e+00  0.000000e+00  0.000000e+00
 [81]  0.000000e+00  0.000000e+00  1.973714e-03  0.000000e+00  0.000000e+00
 [86]  0.000000e+00  0.000000e+00  0.000000e+00  0.000000e+00  0.000000e+00
 [91]  0.000000e+00  3.694488e-03  0.000000e+00  0.000000e+00  0.000000e+00
 [96] -1.131789e-01  1.736724e-01  0.000000e+00  0.000000e+00  0.000000e+00
[101]  0.000000e+00  0.000000e+00 -1.995242e-03  0.000000e+00  0.000000e+00
[106]  0.000000e+00  0.000000e+00  0.000000e+00 -5.337813e-04  0.000000e+00
[111]  0.000000e+00  0.000000e+00  0.000000e+00  0.000000e+00  8.718454e-02
[116]  0.000000e+00  0.000000e+00  0.000000e+00  0.000000e+00  9.195603e-04
[121]  0.000000e+00  0.000000e+00  0.000000e+00  0.000000e+00 -6.024874e-02
[126]  0.000000e+00  0.000000e+00  0.000000e+00  6.028965e-03  0.000000e+00
[131]  0.000000e+00  0.000000e+00  0.000000e+00 -4.868103e-03 -6.445685e-05
[136]  0.000000e+00 -1.848485e-02  0.000000e+00  0.000000e+00  0.000000e+00
[141]  0.000000e+00  0.000000e+00  0.000000e+00  0.000000e+00  0.000000e+00
[146]  0.000000e+00  0.000000e+00 -2.704674e-02  0.000000e+00  0.000000e+00
[151]  0.000000e+00  0.000000e+00  0.000000e+00  0.000000e+00  0.000000e+00
[156] -1.843251e-04  0.000000e+00  0.000000e+00 -1.093418e-01  0.000000e+00
[161]  0.000000e+00  0.000000e+00  0.000000e+00 -6.544494e-02  0.000000e+00
[166]  0.000000e+00  0.000000e+00  0.000000e+00  1.378373e-02  0.000000e+00
[171]  0.000000e+00  0.000000e+00  0.000000e+00  0.000000e+00  0.000000e+00
[176]  0.000000e+00  0.000000e+00  0.000000e+00  0.000000e+00  0.000000e+00
[181]  0.000000e+00  0.000000e+00  5.235537e-02  0.000000e+00  0.000000e+00
[186]  0.000000e+00  0.000000e+00  0.000000e+00  0.000000e+00  0.000000e+00
[191]  0.000000e+00  0.000000e+00  5.615956e-03  0.000000e+00  0.000000e+00
[196]  0.000000e+00 -2.160672e-02  0.000000e+00  2.672461e-02  0.000000e+00
[201]  0.000000e+00 -1.677839e-01  0.000000e+00  0.000000e+00  0.000000e+00
[206]  0.000000e+00
[1] "broken"
[1] "broken"
[1] "broken"
[1] "broken"
[1] "broken"
[1] "broken"
[1] "broken"
[1] "broken"
[1] "broken"
[1] "broken"
[1] "broken"
[1] "broken"
[1] "broken"
[1] "broken"
[1] "broken"
[1] "broken"
final values in 2th iteration
  [1]  1.099681e+00  1.241567e+00  4.653187e+00  2.659014e+00  1.649364e+00
  [6] -2.557871e-01 -3.790831e-03  0.000000e+00  0.000000e+00  0.000000e+00
 [11]  0.000000e+00  0.000000e+00  0.000000e+00  0.000000e+00  0.000000e+00
 [16]  0.000000e+00  2.188915e-03  0.000000e+00  0.000000e+00  0.000000e+00
 [21] -5.438146e-03  0.000000e+00 -2.892420e-02  0.000000e+00  0.000000e+00
 [26] -2.058165e-02  2.764035e-03  0.000000e+00  3.040845e-03  0.000000e+00
 [31]  0.000000e+00  0.000000e+00  0.000000e+00  0.000000e+00  0.000000e+00
 [36]  0.000000e+00  0.000000e+00  0.000000e+00  0.000000e+00  0.000000e+00
 [41]  0.000000e+00  0.000000e+00  0.000000e+00  1.678220e-02  0.000000e+00
 [46] -3.459940e-03  0.000000e+00  0.000000e+00  0.000000e+00  0.000000e+00
 [51]  0.000000e+00  0.000000e+00  0.000000e+00 -4.024068e-04  0.000000e+00
 [56] -5.744112e-05  0.000000e+00  0.000000e+00  0.000000e+00  0.000000e+00
 [61]  0.000000e+00  0.000000e+00  0.000000e+00  0.000000e+00  0.000000e+00
 [66]  0.000000e+00  0.000000e+00  4.621961e-04  0.000000e+00  7.650788e-03
 [71]  0.000000e+00  0.000000e+00  0.000000e+00  0.000000e+00  0.000000e+00
 [76]  0.000000e+00  0.000000e+00  0.000000e+00  4.934741e-03  3.286922e-06
 [81]  1.977764e-01  0.000000e+00  0.000000e+00  0.000000e+00  0.000000e+00
 [86]  0.000000e+00  0.000000e+00  0.000000e+00  1.438764e-05  2.153207e-03
 [91]  0.000000e+00  0.000000e+00  0.000000e+00  0.000000e+00  0.000000e+00
 [96]  0.000000e+00  0.000000e+00  0.000000e+00  0.000000e+00  0.000000e+00
[101] -1.889538e-03  0.000000e+00 -1.466982e-02  5.984348e-05  0.000000e+00
[106]  0.000000e+00  0.000000e+00 -3.606631e-03  0.000000e+00  0.000000e+00
[111]  0.000000e+00  0.000000e+00  0.000000e+00  0.000000e+00  0.000000e+00
[116]  0.000000e+00 -1.662719e-03  0.000000e+00  0.000000e+00  0.000000e+00
[121]  0.000000e+00  0.000000e+00  0.000000e+00  5.118849e-05  0.000000e+00
[126]  0.000000e+00  0.000000e+00  0.000000e+00 -1.939452e-03  0.000000e+00
[131] -1.026160e-04  0.000000e+00  0.000000e+00  0.000000e+00  0.000000e+00
[136]  0.000000e+00  0.000000e+00  0.000000e+00 -4.305530e-05  0.000000e+00
[141]  9.667416e-04  0.000000e+00  0.000000e+00  0.000000e+00 -1.360379e-03
[146]  0.000000e+00  0.000000e+00  0.000000e+00  3.328783e-02  0.000000e+00
[151] -1.610162e-03  0.000000e+00  0.000000e+00  0.000000e+00  0.000000e+00
[156]  0.000000e+00  0.000000e+00  7.224797e-02  0.000000e+00 -1.687826e-03
[161]  0.000000e+00  0.000000e+00  0.000000e+00  0.000000e+00 -9.254346e-03
[166]  0.000000e+00  0.000000e+00  0.000000e+00  0.000000e+00  0.000000e+00
[171]  0.000000e+00  0.000000e+00  0.000000e+00  0.000000e+00  0.000000e+00
[176]  0.000000e+00  3.248046e-03  0.000000e+00  0.000000e+00  0.000000e+00
[181]  0.000000e+00  0.000000e+00  0.000000e+00  0.000000e+00  0.000000e+00
[186]  0.000000e+00  0.000000e+00  0.000000e+00  0.000000e+00  0.000000e+00
[191]  0.000000e+00  0.000000e+00  0.000000e+00  0.000000e+00  1.683233e-02
[196]  0.000000e+00  0.000000e+00  0.000000e+00  0.000000e+00 -6.024497e-05
[201]  0.000000e+00  0.000000e+00 -4.948551e-06  0.000000e+00  0.000000e+00
[206]  2.158606e-04
[1] "broken"
[1] "broken"
[1] "broken"
final values in 3th iteration
  [1]  3.205971e-01  5.138557e-01  4.410008e+00  2.638948e+00  1.447245e+00
  [6] -3.201433e-01  0.000000e+00 -6.186879e-06  0.000000e+00 -5.028888e-02
 [11]  0.000000e+00  3.281756e-02  0.000000e+00  0.000000e+00  0.000000e+00
 [16] -1.437884e-03  0.000000e+00  0.000000e+00  0.000000e+00  0.000000e+00
 [21]  1.626200e-02 -9.925310e-02  6.159724e-02  0.000000e+00  0.000000e+00
 [26]  2.146448e-03  0.000000e+00  0.000000e+00  0.000000e+00  0.000000e+00
 [31]  0.000000e+00 -7.521389e-02  0.000000e+00  0.000000e+00  0.000000e+00
 [36]  0.000000e+00  0.000000e+00  0.000000e+00 -2.662357e-03  0.000000e+00
 [41]  3.756342e-04  5.974101e-02  0.000000e+00  0.000000e+00  0.000000e+00
 [46]  0.000000e+00  0.000000e+00  0.000000e+00  0.000000e+00  0.000000e+00
 [51]  0.000000e+00  0.000000e+00  0.000000e+00  0.000000e+00  0.000000e+00
 [56]  0.000000e+00  0.000000e+00  0.000000e+00  0.000000e+00  0.000000e+00
 [61]  0.000000e+00 -1.229215e-01  0.000000e+00  0.000000e+00  0.000000e+00
 [66]  0.000000e+00  0.000000e+00  0.000000e+00  0.000000e+00 -6.106981e-02
 [71]  0.000000e+00  0.000000e+00  0.000000e+00 -1.476650e-01  0.000000e+00
 [76]  1.278284e-01  0.000000e+00  0.000000e+00  0.000000e+00  0.000000e+00
 [81]  0.000000e+00  0.000000e+00  0.000000e+00  0.000000e+00  0.000000e+00
 [86]  0.000000e+00  0.000000e+00  0.000000e+00  0.000000e+00  0.000000e+00
 [91]  0.000000e+00  0.000000e+00  0.000000e+00  0.000000e+00  7.443290e-02
 [96]  0.000000e+00  0.000000e+00  0.000000e+00  0.000000e+00  0.000000e+00
[101]  0.000000e+00  0.000000e+00  0.000000e+00  0.000000e+00  0.000000e+00
[106]  0.000000e+00  0.000000e+00  0.000000e+00  0.000000e+00  0.000000e+00
[111]  0.000000e+00 -5.008024e-02  0.000000e+00  0.000000e+00 -2.440027e-01
[116]  0.000000e+00 -1.017035e-04  0.000000e+00  0.000000e+00  1.138063e-01
[121]  0.000000e+00  0.000000e+00  9.262382e-04  0.000000e+00  0.000000e+00
[126]  0.000000e+00  0.000000e+00  8.126433e-05  0.000000e+00  0.000000e+00
[131]  0.000000e+00  6.390317e-03  0.000000e+00  0.000000e+00  0.000000e+00
[136]  0.000000e+00  0.000000e+00  4.921128e-02  0.000000e+00  0.000000e+00
[141]  0.000000e+00  0.000000e+00  0.000000e+00  0.000000e+00  0.000000e+00
[146]  0.000000e+00  0.000000e+00  0.000000e+00  0.000000e+00  0.000000e+00
[151]  1.137704e-02  0.000000e+00  0.000000e+00  0.000000e+00  0.000000e+00
[156]  0.000000e+00  0.000000e+00  0.000000e+00  0.000000e+00  0.000000e+00
[161]  0.000000e+00  0.000000e+00  0.000000e+00 -5.657536e-03  0.000000e+00
[166]  0.000000e+00 -5.713216e-02  0.000000e+00  0.000000e+00  4.629741e-02
[171]  0.000000e+00  0.000000e+00  6.014145e-03  1.863474e-04  0.000000e+00
[176]  0.000000e+00  0.000000e+00  1.146724e-01  0.000000e+00  0.000000e+00
[181]  0.000000e+00  0.000000e+00  0.000000e+00  0.000000e+00  0.000000e+00
[186]  0.000000e+00  0.000000e+00  0.000000e+00  1.549753e-01 -1.146423e-05
[191] -3.187286e-01  0.000000e+00  0.000000e+00  0.000000e+00  0.000000e+00
[196]  0.000000e+00  0.000000e+00  0.000000e+00  0.000000e+00  0.000000e+00
[201]  0.000000e+00  0.000000e+00  0.000000e+00  0.000000e+00  0.000000e+00
[206]  0.000000e+00
[1] "broken"
[1] "broken"
[1] "broken"
[1] "broken"
[1] "broken"
[1] "broken"
[1] "broken"
[1] "broken"
[1] "broken"
final values in 4th iteration
  [1]  3.285679e-01  1.404817e+00  4.709004e+00  2.499233e+00  1.602865e+00
  [6] -3.636008e-01  0.000000e+00  0.000000e+00  0.000000e+00  0.000000e+00
 [11]  1.663804e-02  2.337603e-01  0.000000e+00  1.041643e-01  0.000000e+00
 [16]  0.000000e+00  0.000000e+00  0.000000e+00  0.000000e+00  0.000000e+00
 [21]  0.000000e+00  0.000000e+00  1.929284e-04  0.000000e+00  0.000000e+00
 [26]  0.000000e+00  0.000000e+00  0.000000e+00  0.000000e+00  0.000000e+00
 [31]  0.000000e+00  0.000000e+00  0.000000e+00  0.000000e+00  0.000000e+00
 [36]  5.924593e-04  1.217430e-01  0.000000e+00  0.000000e+00  0.000000e+00
 [41]  0.000000e+00  0.000000e+00  0.000000e+00  4.042313e-03 -1.274223e-02
 [46]  0.000000e+00  0.000000e+00 -1.152243e-05  0.000000e+00  0.000000e+00
 [51]  0.000000e+00  0.000000e+00  0.000000e+00  0.000000e+00  8.324128e-03
 [56]  0.000000e+00  0.000000e+00  0.000000e+00  0.000000e+00  0.000000e+00
 [61]  0.000000e+00  0.000000e+00  0.000000e+00  0.000000e+00  0.000000e+00
 [66] -6.682299e-05  0.000000e+00 -5.874925e-02  0.000000e+00  0.000000e+00
 [71]  0.000000e+00  0.000000e+00  0.000000e+00  0.000000e+00  0.000000e+00
 [76]  0.000000e+00  0.000000e+00  0.000000e+00  7.496931e-02 -2.098114e-02
 [81]  0.000000e+00 -9.476139e-04  0.000000e+00  0.000000e+00  0.000000e+00
 [86]  0.000000e+00  0.000000e+00  0.000000e+00  0.000000e+00 -1.058163e-01
 [91]  0.000000e+00  0.000000e+00  5.845378e-05  0.000000e+00  0.000000e+00
 [96]  0.000000e+00  0.000000e+00  0.000000e+00 -4.880248e-02  0.000000e+00
[101]  0.000000e+00  0.000000e+00  0.000000e+00  0.000000e+00  0.000000e+00
[106]  0.000000e+00 -3.813876e-02  0.000000e+00  0.000000e+00  0.000000e+00
[111]  0.000000e+00  0.000000e+00  0.000000e+00  0.000000e+00  0.000000e+00
[116]  0.000000e+00  0.000000e+00  0.000000e+00  0.000000e+00  0.000000e+00
[121] -2.630177e-04  0.000000e+00 -2.996660e-02  0.000000e+00  0.000000e+00
[126]  0.000000e+00  1.490366e-01  0.000000e+00 -2.040524e-01  0.000000e+00
[131]  0.000000e+00  0.000000e+00  0.000000e+00  0.000000e+00  0.000000e+00
[136]  0.000000e+00  0.000000e+00  0.000000e+00  0.000000e+00  0.000000e+00
[141]  0.000000e+00  0.000000e+00  0.000000e+00  5.595104e-03  0.000000e+00
[146]  0.000000e+00  0.000000e+00  0.000000e+00  0.000000e+00 -1.846396e-02
[151]  0.000000e+00  0.000000e+00  0.000000e+00  0.000000e+00  0.000000e+00
[156]  0.000000e+00  0.000000e+00  0.000000e+00  0.000000e+00  0.000000e+00
[161]  0.000000e+00  0.000000e+00  0.000000e+00  0.000000e+00  0.000000e+00
[166]  0.000000e+00  0.000000e+00  0.000000e+00  0.000000e+00  0.000000e+00
[171]  0.000000e+00  0.000000e+00 -1.739526e-01  0.000000e+00  0.000000e+00
[176]  0.000000e+00  9.232405e-02  0.000000e+00  0.000000e+00  0.000000e+00
[181]  0.000000e+00  0.000000e+00  0.000000e+00  0.000000e+00  0.000000e+00
[186]  3.554511e-02  0.000000e+00  0.000000e+00  0.000000e+00  2.669061e-03
[191]  0.000000e+00  0.000000e+00  0.000000e+00  0.000000e+00  0.000000e+00
[196] -1.981915e-02  4.915406e-04  0.000000e+00  0.000000e+00  0.000000e+00
[201]  6.386982e-05 -9.703736e-04  0.000000e+00 -3.026887e-01  0.000000e+00
[206]  0.000000e+00
[1] "broken"
[1] "broken"
[1] "broken"
final values in 5th iteration
  [1]  4.101827e-01  1.215102e+00  4.947505e+00  2.773127e+00  1.547810e+00
  [6] -2.138107e-02  0.000000e+00  0.000000e+00  0.000000e+00  3.658950e-02
 [11]  1.271660e-05  0.000000e+00  0.000000e+00  0.000000e+00  0.000000e+00
 [16] -4.291397e-02  0.000000e+00  0.000000e+00  0.000000e+00  0.000000e+00
 [21]  0.000000e+00  0.000000e+00  0.000000e+00  0.000000e+00  0.000000e+00
 [26]  0.000000e+00  2.313291e-02  5.640195e-02  0.000000e+00  0.000000e+00
 [31]  0.000000e+00  0.000000e+00  0.000000e+00  0.000000e+00  0.000000e+00
 [36]  0.000000e+00  0.000000e+00  0.000000e+00  0.000000e+00  0.000000e+00
 [41]  0.000000e+00  0.000000e+00  0.000000e+00  1.693371e-01  0.000000e+00
 [46]  0.000000e+00  0.000000e+00  0.000000e+00  0.000000e+00  0.000000e+00
 [51] -9.520155e-02  0.000000e+00  0.000000e+00  0.000000e+00  0.000000e+00
 [56]  0.000000e+00  0.000000e+00  0.000000e+00  0.000000e+00  0.000000e+00
 [61]  0.000000e+00  0.000000e+00  0.000000e+00  0.000000e+00  0.000000e+00
 [66]  0.000000e+00  0.000000e+00  0.000000e+00  0.000000e+00  0.000000e+00
 [71]  2.644938e-01  0.000000e+00  0.000000e+00  0.000000e+00  2.837463e-03
 [76] -2.143263e-01  0.000000e+00  0.000000e+00 -2.493442e-03  0.000000e+00
 [81]  0.000000e+00  0.000000e+00  1.358897e-01  0.000000e+00  0.000000e+00
 [86]  0.000000e+00  0.000000e+00  0.000000e+00  0.000000e+00  0.000000e+00
 [91]  0.000000e+00  0.000000e+00  0.000000e+00  0.000000e+00 -3.551688e-05
 [96]  0.000000e+00  0.000000e+00  0.000000e+00  0.000000e+00  0.000000e+00
[101]  0.000000e+00  0.000000e+00  0.000000e+00  0.000000e+00  5.672598e-06
[106]  0.000000e+00  0.000000e+00  0.000000e+00  0.000000e+00  0.000000e+00
[111]  5.253468e-04  0.000000e+00  0.000000e+00  0.000000e+00  0.000000e+00
[116]  0.000000e+00  0.000000e+00  0.000000e+00  0.000000e+00  0.000000e+00
[121]  0.000000e+00  0.000000e+00  0.000000e+00  0.000000e+00  0.000000e+00
[126]  0.000000e+00  0.000000e+00  0.000000e+00  0.000000e+00  0.000000e+00
[131]  0.000000e+00  0.000000e+00  0.000000e+00  0.000000e+00  0.000000e+00
[136]  0.000000e+00  0.000000e+00  0.000000e+00  0.000000e+00  0.000000e+00
[141]  0.000000e+00  0.000000e+00  0.000000e+00  0.000000e+00  0.000000e+00
[146]  0.000000e+00  0.000000e+00 -2.238752e-03  0.000000e+00  0.000000e+00
[151]  0.000000e+00  5.868212e-02  0.000000e+00  0.000000e+00  0.000000e+00
[156]  0.000000e+00  0.000000e+00  0.000000e+00  0.000000e+00  0.000000e+00
[161]  5.472622e-02  0.000000e+00  0.000000e+00  0.000000e+00 -3.479981e-02
[166]  0.000000e+00  0.000000e+00  0.000000e+00  0.000000e+00  0.000000e+00
[171]  0.000000e+00  0.000000e+00  0.000000e+00  0.000000e+00  0.000000e+00
[176]  3.351224e-02  3.829187e-02  0.000000e+00  0.000000e+00  0.000000e+00
[181]  0.000000e+00  0.000000e+00  0.000000e+00  0.000000e+00  0.000000e+00
[186]  0.000000e+00 -1.001365e-01  0.000000e+00 -7.700956e-02  0.000000e+00
[191]  0.000000e+00  0.000000e+00  0.000000e+00  0.000000e+00  0.000000e+00
[196]  0.000000e+00  0.000000e+00  0.000000e+00  0.000000e+00  0.000000e+00
[201]  0.000000e+00  0.000000e+00  4.156958e-02  0.000000e+00  0.000000e+00
[206]  1.432810e-01
[1] "broken"
final values in 6th iteration
  [1]  4.202246e-01  1.350219e+00  5.035294e+00  2.669518e+00  1.526386e+00
  [6] -3.186708e-01  0.000000e+00  0.000000e+00  0.000000e+00  0.000000e+00
 [11]  0.000000e+00  0.000000e+00  0.000000e+00  0.000000e+00  0.000000e+00
 [16]  0.000000e+00  6.829453e-02  0.000000e+00  0.000000e+00  0.000000e+00
 [21] -1.424347e-01  0.000000e+00  0.000000e+00  0.000000e+00 -4.097341e-02
 [26]  0.000000e+00  0.000000e+00  0.000000e+00  0.000000e+00 -2.583116e-02
 [31]  0.000000e+00  0.000000e+00  0.000000e+00  0.000000e+00 -5.120041e-02
 [36]  0.000000e+00  0.000000e+00  0.000000e+00  0.000000e+00  0.000000e+00
 [41]  0.000000e+00  0.000000e+00  0.000000e+00  1.251985e-05  0.000000e+00
 [46]  0.000000e+00  0.000000e+00  0.000000e+00  0.000000e+00  0.000000e+00
 [51] -2.952810e-01  0.000000e+00  0.000000e+00  0.000000e+00 -1.245861e-02
 [56]  0.000000e+00  0.000000e+00  0.000000e+00  0.000000e+00  0.000000e+00
 [61]  0.000000e+00 -1.675288e-01  1.249488e-01  0.000000e+00  0.000000e+00
 [66]  0.000000e+00  0.000000e+00  0.000000e+00  0.000000e+00  0.000000e+00
 [71]  9.409973e-03  0.000000e+00  0.000000e+00  0.000000e+00  0.000000e+00
 [76]  0.000000e+00  0.000000e+00  0.000000e+00  0.000000e+00  0.000000e+00
 [81]  0.000000e+00 -3.323791e-05  0.000000e+00  0.000000e+00  0.000000e+00
 [86]  0.000000e+00  0.000000e+00  0.000000e+00 -1.127039e-02  0.000000e+00
 [91]  0.000000e+00  0.000000e+00 -4.579427e-04  0.000000e+00  0.000000e+00
 [96]  0.000000e+00  0.000000e+00  1.854133e-02  0.000000e+00  0.000000e+00
[101]  0.000000e+00  0.000000e+00  0.000000e+00  0.000000e+00  0.000000e+00
[106]  0.000000e+00  0.000000e+00  0.000000e+00  1.348368e-01  0.000000e+00
[111]  0.000000e+00  0.000000e+00  2.863129e-02  0.000000e+00  0.000000e+00
[116]  0.000000e+00  0.000000e+00  0.000000e+00  0.000000e+00  0.000000e+00
[121]  0.000000e+00  0.000000e+00  0.000000e+00  0.000000e+00  0.000000e+00
[126]  0.000000e+00  0.000000e+00  0.000000e+00  0.000000e+00  0.000000e+00
[131] -9.348232e-02  0.000000e+00  0.000000e+00  0.000000e+00  0.000000e+00
[136]  0.000000e+00 -1.246076e-02  0.000000e+00  0.000000e+00  0.000000e+00
[141]  0.000000e+00  0.000000e+00  0.000000e+00  0.000000e+00  0.000000e+00
[146]  0.000000e+00 -2.719293e-02  2.676964e-04  0.000000e+00  0.000000e+00
[151]  0.000000e+00  9.105663e-03  0.000000e+00  0.000000e+00  5.899348e-02
[156]  0.000000e+00  0.000000e+00  0.000000e+00  0.000000e+00  0.000000e+00
[161]  0.000000e+00  0.000000e+00  0.000000e+00  0.000000e+00  0.000000e+00
[166]  0.000000e+00  0.000000e+00  7.629256e-03  0.000000e+00  0.000000e+00
[171]  0.000000e+00  0.000000e+00  0.000000e+00  1.638141e-02  0.000000e+00
[176]  2.188947e-02  0.000000e+00  0.000000e+00  0.000000e+00  0.000000e+00
[181]  0.000000e+00  0.000000e+00  0.000000e+00 -9.733935e-05  0.000000e+00
[186]  0.000000e+00  0.000000e+00  0.000000e+00  7.131296e-02  0.000000e+00
[191]  5.150011e-03  0.000000e+00  0.000000e+00  0.000000e+00  0.000000e+00
[196]  0.000000e+00  0.000000e+00  0.000000e+00  0.000000e+00  0.000000e+00
[201]  0.000000e+00  0.000000e+00  0.000000e+00  0.000000e+00  0.000000e+00
[206]  0.000000e+00
[1] "broken"
[1] "broken"
[1] "broken"
[1] "broken"
[1] "broken"
[1] "broken"
[1] "broken"
[1] "broken"
[1] "broken"
[1] "broken"
[1] "broken"
[1] "broken"
[1] "broken"
[1] "broken"
[1] "broken"
[1] "broken"
[1] "broken"
[1] "broken"
[1] "broken"
[1] "broken"
[1] "broken"
[1] "broken"
[1] "broken"
[1] "broken"
[1] "broken"
[1] "broken"
[1] "broken"
[1] "broken"
[1] "broken"
[1] "broken"
[1] "broken"
[1] "broken"
[1] "broken"
[1] "broken"
[1] "broken"
final values in 7th iteration
  [1]  6.855349e-01  1.660667e+00  5.020947e+00  2.449308e+00  1.386665e+00
  [6] -6.082419e-02  0.000000e+00 -1.024265e-01 -2.204057e-03  0.000000e+00
 [11]  0.000000e+00  0.000000e+00  4.979735e-02  0.000000e+00  0.000000e+00
 [16]  0.000000e+00  0.000000e+00  0.000000e+00  0.000000e+00  4.662965e-04
 [21]  1.845736e-03 -1.771311e-01  0.000000e+00  0.000000e+00  0.000000e+00
 [26]  0.000000e+00  0.000000e+00  0.000000e+00  4.073235e-02  0.000000e+00
 [31] -8.805883e-07  0.000000e+00  0.000000e+00  0.000000e+00  0.000000e+00
 [36]  1.616174e-05  0.000000e+00  0.000000e+00  0.000000e+00 -1.131449e-01
 [41]  0.000000e+00  0.000000e+00  2.105213e-03 -3.457231e-02  0.000000e+00
 [46]  5.387810e-03  3.150473e-05  1.566797e-03  0.000000e+00  0.000000e+00
 [51]  0.000000e+00  0.000000e+00  0.000000e+00  3.702103e-03  0.000000e+00
 [56]  0.000000e+00  0.000000e+00  0.000000e+00 -7.843597e-02  0.000000e+00
 [61]  0.000000e+00 -5.804689e-05  0.000000e+00  0.000000e+00 -8.475532e-02
 [66] -3.800897e-04  0.000000e+00  0.000000e+00  0.000000e+00  0.000000e+00
 [71]  0.000000e+00  0.000000e+00  0.000000e+00  0.000000e+00  0.000000e+00
 [76] -2.319465e-05  0.000000e+00 -2.102030e-03  0.000000e+00 -1.078343e-02
 [81]  0.000000e+00  0.000000e+00  0.000000e+00  3.616837e-03 -2.338744e-02
 [86]  0.000000e+00  7.917823e-02  0.000000e+00  0.000000e+00  0.000000e+00
 [91]  0.000000e+00  0.000000e+00  1.912812e-03  0.000000e+00  0.000000e+00
 [96]  0.000000e+00  0.000000e+00  0.000000e+00  0.000000e+00  0.000000e+00
[101]  0.000000e+00  0.000000e+00  0.000000e+00  0.000000e+00  0.000000e+00
[106]  0.000000e+00  3.884013e-02  0.000000e+00  0.000000e+00  0.000000e+00
[111]  0.000000e+00  0.000000e+00  0.000000e+00  0.000000e+00  0.000000e+00
[116]  0.000000e+00  7.954815e-02  0.000000e+00  0.000000e+00  0.000000e+00
[121]  0.000000e+00  0.000000e+00  0.000000e+00 -1.548757e-03  0.000000e+00
[126]  0.000000e+00  0.000000e+00  2.532588e-03  0.000000e+00 -1.223577e-04
[131]  0.000000e+00  0.000000e+00  0.000000e+00  0.000000e+00 -3.827971e-02
[136]  0.000000e+00  0.000000e+00  0.000000e+00  0.000000e+00  4.364509e-04
[141]  0.000000e+00 -3.445082e-04  0.000000e+00  0.000000e+00  0.000000e+00
[146]  0.000000e+00  0.000000e+00  0.000000e+00  0.000000e+00 -3.482236e-02
[151]  0.000000e+00  0.000000e+00  0.000000e+00  0.000000e+00 -2.396908e-03
[156]  0.000000e+00  0.000000e+00  0.000000e+00  3.103976e-04  2.329997e-02
[161]  0.000000e+00  0.000000e+00  0.000000e+00  0.000000e+00  0.000000e+00
[166]  0.000000e+00 -1.344466e-03  0.000000e+00  0.000000e+00  0.000000e+00
[171]  0.000000e+00  0.000000e+00  5.516630e-03  0.000000e+00  0.000000e+00
[176]  0.000000e+00  0.000000e+00  0.000000e+00  0.000000e+00  0.000000e+00
[181]  1.820800e-01  0.000000e+00 -2.655624e-01  0.000000e+00  0.000000e+00
[186]  0.000000e+00  0.000000e+00  0.000000e+00  0.000000e+00  0.000000e+00
[191] -3.685808e-03  0.000000e+00  0.000000e+00  0.000000e+00  0.000000e+00
[196]  2.781359e-03  0.000000e+00  0.000000e+00  0.000000e+00  0.000000e+00
[201]  0.000000e+00  0.000000e+00  0.000000e+00  0.000000e+00  0.000000e+00
[206]  0.000000e+00
[1] "broken"
[1] "broken"
[1] "broken"
[1] "broken"
[1] "broken"
[1] "broken"
final values in 8th iteration
  [1]  0.4346136390  1.1527070479  4.8524123995  2.7728206147  1.8038201792
  [6] -0.3487340439  0.0000000000  0.0663238727  0.0000000000  0.0000000000
 [11]  0.0000000000  0.0000000000  0.0000000000  0.0000000000  0.0000000000
 [16]  0.0000000000  0.0000000000  0.0000000000  0.0000000000  0.0000000000
 [21] -0.0030440886 -0.0086573999 -0.0604602887  0.0000000000  0.0000000000
 [26]  0.0000000000  0.1540178566 -0.0852999864  0.0000000000  0.0000000000
 [31]  0.0000000000  0.0000000000  0.0014087377  0.0400803310  0.0000000000
 [36]  0.0000000000  0.0000000000  0.0000000000  0.0000000000  0.0000000000
 [41]  0.0000000000  0.0000000000  0.0000000000 -0.0478576877  0.0000000000
 [46]  0.0000000000  0.0000000000  0.0000000000 -0.1177760307  0.0000000000
 [51]  0.0000000000  0.0000000000  0.0000000000  0.0000000000  0.0000000000
 [56]  0.0000000000  0.0000000000  0.0000000000  0.0000000000  0.0000000000
 [61]  0.0000000000  0.0000000000  0.0000000000  0.0000000000  0.0000000000
 [66]  0.0000000000  0.0000000000  0.0061608713  0.0000000000 -0.0075038768
 [71]  0.0675068138  0.0000000000  0.0000000000  0.0000000000 -0.0383980888
 [76]  0.0000000000  0.0000000000 -0.0035042580  0.0000000000  0.0000000000
 [81]  0.0000000000  0.0000000000  0.0000000000 -0.0233126151 -0.0512780557
 [86]  0.0248054811  0.0000000000  0.0000000000  0.0000000000  0.0000000000
 [91]  0.0000000000  0.0000000000  0.0663252128  0.0000000000  0.0000000000
 [96]  0.0000000000  0.0000000000  0.0000000000  0.0000000000  0.0000000000
[101]  0.0000000000  0.0000000000 -0.1008984212 -0.0145385439  0.0004513448
[106]  0.0000000000  0.0000000000  0.0000000000  0.0000000000  0.0000000000
[111]  0.0000000000  0.0000000000  0.0000000000  0.0000000000  0.0000000000
[116]  0.0000000000  0.0000000000  0.0000000000  0.0000000000  0.0000000000
[121]  0.0000000000  0.0000000000  0.0000000000  0.0000000000  0.0000000000
[126]  0.0000000000  0.0000000000  0.0000000000  0.0000000000  0.0000000000
[131]  0.0000000000  0.0000000000  0.0000000000 -0.1357334045  0.0000000000
[136]  0.0000000000  0.0000000000  0.0000000000  0.0000000000  0.0000000000
[141]  0.0000000000  0.0000000000 -0.0885235984  0.0000000000  0.0000000000
[146]  0.0318533723  0.0000000000  0.0000000000 -0.0650430324  0.0000000000
[151]  0.0000000000  0.0082474906  0.0000000000  0.0000000000  0.0000000000
[156]  0.0000000000  0.0000000000  0.0000000000  0.0000000000  0.0000000000
[161]  0.0000000000  0.0000000000  0.0000000000  0.0000000000  0.0000000000
[166]  0.0000000000  0.0000000000  0.1682011394  0.0000000000  0.0000000000
[171]  0.0000000000  0.0000000000  0.0000000000  0.0000000000  0.0000000000
[176]  0.0000000000  0.0000000000  0.0000000000  0.0000000000  0.0000000000
[181]  0.0000000000  0.0000000000  0.0000000000  0.0000000000  0.0000000000
[186]  0.0000000000  0.0000000000  0.0000000000  0.0000000000  0.0000000000
[191]  0.0000000000  0.0000000000  0.0000000000  0.0000000000  0.0000000000
[196]  0.0000000000  0.0000000000  0.0000000000  0.0000000000  0.0000000000
[201]  0.0000000000  0.0000000000  0.0000000000  0.0000000000  0.0000000000
[206]  0.0000000000
[1] "broken"
final values in 9th iteration
  [1]  0.3888315560  1.6130787891  4.8622165064  2.9388918522  1.6048630822
  [6] -0.1178850380  0.1979590944  0.0000000000  0.0000000000  0.0000000000
 [11]  0.0000000000  0.0000000000  0.0000000000  0.0000000000  0.0000000000
 [16] -0.0000179669  0.0000000000  0.0000000000  0.0000000000  0.0000000000
 [21]  0.0000000000  0.0000000000  0.0000000000  0.0000000000  0.0000000000
 [26]  0.0000000000  0.0000000000  0.0000000000  0.0000000000  0.0000000000
 [31]  0.0000000000  0.0000000000  0.0000000000  0.0000000000  0.0000000000
 [36]  0.0000000000  0.0000000000  0.0000000000  0.0000000000  0.0000000000
 [41]  0.1097106682  0.0000000000  0.0000000000  0.0000000000  0.0000000000
 [46]  0.0000000000  0.0000000000  0.0000000000 -0.1039353114  0.0000000000
 [51]  0.0000000000  0.0000000000  0.0000000000  0.0000000000  0.0000000000
 [56]  0.0000000000 -0.0305557648  0.0000000000  0.0000000000  0.0000000000
 [61]  0.0000000000  0.0000000000  0.0000000000  0.0000000000  0.0000000000
 [66]  0.0000000000  0.0000000000  0.0000000000 -0.0111475021  0.0000000000
 [71]  0.0000000000  0.0000000000  0.0000000000  0.0000000000  0.0000000000
 [76]  0.0000000000  0.0000000000  0.0000000000  0.0000000000  0.0000000000
 [81]  0.0000000000  0.0000000000  0.0000000000  0.0000000000  0.0000000000
 [86] -0.1601181444  0.0000000000  0.0000000000  0.0000000000  0.0000000000
 [91]  0.0000000000  0.0000000000  0.0000000000  0.0000000000 -0.1267421854
 [96]  0.0000000000 -0.1243435515  0.0000000000  0.0000000000  0.0000000000
[101]  0.0000000000  0.0000000000  0.0900681929  0.0000000000  0.0000000000
[106]  0.0000000000  0.0000000000  0.0000000000  0.0039621698  0.0000000000
[111]  0.0000000000  0.0000000000  0.0000000000  0.0000000000  0.0000000000
[116]  0.0000000000  0.0000000000  0.0000000000  0.0000000000  0.0000000000
[121] -0.0318005018  0.0000000000  0.0000000000  0.0000000000  0.0000000000
[126]  0.0066380589  0.0000000000 -0.0070856503  0.0367054983  0.0000000000
[131]  0.0000000000  0.0000000000  0.0000000000  0.0000000000  0.0000000000
[136]  0.0000000000  0.0000000000  0.0000000000  0.0000000000  0.0000000000
[141]  0.0000000000  0.0000000000  0.0000000000 -0.0308279117 -0.0139083399
[146]  0.0000000000  0.0000000000  0.0000000000  0.0000000000  0.0000000000
[151]  0.0000000000  0.0000000000  0.0000000000  0.0000000000  0.0000000000
[156]  0.0000000000  0.0000000000  0.0000000000  0.0000000000  0.0000000000
[161]  0.0000000000  0.0000000000  0.0000000000  0.0000000000  0.0000000000
[166] -0.0756999718  0.0000000000  0.0000000000  0.0000000000  0.0000000000
[171]  0.0000000000 -0.0897574303  0.0000000000  0.0000000000  0.0000000000
[176]  0.0000000000  0.0000000000  0.0000000000  0.0000000000  0.0000000000
[181]  0.0000000000  0.0000000000  0.0000000000  0.0000000000  0.0000000000
[186]  0.0000000000 -0.0752849528  0.0000000000  0.0000000000  0.0000000000
[191]  0.0000000000  0.0000000000  0.0000000000  0.0000000000 -0.0202077369
[196]  0.0000000000  0.0000000000  0.0000000000  0.0000000000  0.0000000000
[201]  0.0000000000  0.0000000000  0.1297629154  0.0000000000  0.0000000000
[206]  0.0000000000
[1] "broken"
[1] "broken"
[1] "broken"
final values in 10th iteration
  [1]  7.303854e-01  1.512237e+00  5.046121e+00  2.643092e+00  1.952142e+00
  [6] -2.455758e-01 -4.791623e-02  0.000000e+00  0.000000e+00  0.000000e+00
 [11]  0.000000e+00  0.000000e+00  0.000000e+00  0.000000e+00  0.000000e+00
 [16]  1.694307e-02  0.000000e+00 -9.896660e-06  0.000000e+00  0.000000e+00
 [21]  6.723115e-05  0.000000e+00  0.000000e+00  4.666186e-04  0.000000e+00
 [26]  0.000000e+00  0.000000e+00  0.000000e+00  6.546613e-04  2.905275e-02
 [31]  0.000000e+00  3.213582e-02  0.000000e+00 -3.224122e-05  0.000000e+00
 [36]  0.000000e+00  0.000000e+00  0.000000e+00  0.000000e+00  0.000000e+00
 [41]  0.000000e+00  0.000000e+00  0.000000e+00  0.000000e+00  0.000000e+00
 [46] -9.600850e-04  0.000000e+00 -3.283931e-04  0.000000e+00  0.000000e+00
 [51] -5.784070e-04  0.000000e+00  0.000000e+00  0.000000e+00 -3.396117e-04
 [56]  0.000000e+00  0.000000e+00  0.000000e+00  0.000000e+00  0.000000e+00
 [61]  0.000000e+00  0.000000e+00  1.159787e-02 -4.660856e-02  0.000000e+00
 [66]  0.000000e+00  0.000000e+00  0.000000e+00  0.000000e+00  0.000000e+00
 [71]  0.000000e+00  0.000000e+00  0.000000e+00  0.000000e+00  0.000000e+00
 [76]  0.000000e+00  0.000000e+00  0.000000e+00  0.000000e+00  4.300662e-03
 [81]  7.388906e-05  0.000000e+00  0.000000e+00  0.000000e+00  0.000000e+00
 [86]  0.000000e+00  4.800686e-03  0.000000e+00  0.000000e+00  0.000000e+00
 [91]  0.000000e+00  0.000000e+00  0.000000e+00  0.000000e+00  4.834898e-04
 [96]  0.000000e+00  0.000000e+00  0.000000e+00  1.198595e-03  0.000000e+00
[101] -1.340810e-01  0.000000e+00  0.000000e+00  0.000000e+00  8.439203e-03
[106]  0.000000e+00  0.000000e+00  0.000000e+00 -2.570243e-02  0.000000e+00
[111]  0.000000e+00  0.000000e+00  0.000000e+00  0.000000e+00  0.000000e+00
[116]  0.000000e+00  0.000000e+00  0.000000e+00  0.000000e+00  1.828660e-03
[121]  0.000000e+00  1.488688e-02  0.000000e+00  0.000000e+00  0.000000e+00
[126]  0.000000e+00  0.000000e+00 -5.523737e-02  0.000000e+00  0.000000e+00
[131]  0.000000e+00  0.000000e+00  0.000000e+00  0.000000e+00  0.000000e+00
[136]  0.000000e+00  0.000000e+00  0.000000e+00  0.000000e+00  0.000000e+00
[141]  0.000000e+00  3.363335e-04  0.000000e+00  0.000000e+00  0.000000e+00
[146]  0.000000e+00  0.000000e+00  0.000000e+00  0.000000e+00  0.000000e+00
[151] -5.053806e-04  0.000000e+00  0.000000e+00  0.000000e+00  0.000000e+00
[156]  0.000000e+00 -2.723040e-03  0.000000e+00  0.000000e+00  0.000000e+00
[161]  0.000000e+00 -4.907797e-02  0.000000e+00  0.000000e+00  0.000000e+00
[166]  0.000000e+00  0.000000e+00  0.000000e+00  0.000000e+00 -1.326320e-03
[171]  0.000000e+00  4.436521e-05  0.000000e+00 -1.250234e-01 -1.302076e-01
[176]  0.000000e+00  0.000000e+00  0.000000e+00  0.000000e+00  0.000000e+00
[181]  0.000000e+00  0.000000e+00  7.964113e-04  0.000000e+00 -1.498850e-04
[186]  0.000000e+00  0.000000e+00  0.000000e+00  0.000000e+00  0.000000e+00
[191]  0.000000e+00  0.000000e+00  0.000000e+00  0.000000e+00  0.000000e+00
[196]  0.000000e+00  0.000000e+00  0.000000e+00  0.000000e+00  5.606441e-04
[201]  0.000000e+00 -4.886333e-04  0.000000e+00  0.000000e+00  0.000000e+00
[206]  0.000000e+00
           [,1]      [,2]     [,3]     [,4]     [,5]        [,6]         [,7]
 [1,] 0.3877089 0.6452010 4.977393 2.477542 1.562139 -0.14217599  0.000000000
 [2,] 1.0996813 1.2415666 4.653187 2.659014 1.649364 -0.25578705 -0.003790831
 [3,] 0.3205971 0.5138557 4.410008 2.638948 1.447245 -0.32014330  0.000000000
 [4,] 0.3285679 1.4048168 4.709004 2.499233 1.602865 -0.36360084  0.000000000
 [5,] 0.4101827 1.2151019 4.947505 2.773127 1.547810 -0.02138107  0.000000000
 [6,] 0.4202246 1.3502187 5.035294 2.669518 1.526386 -0.31867082  0.000000000
 [7,] 0.6855349 1.6606667 5.020947 2.449308 1.386665 -0.06082419  0.000000000
 [8,] 0.4346136 1.1527070 4.852412 2.772821 1.803820 -0.34873404  0.000000000
 [9,] 0.3888316 1.6130788 4.862217 2.938892 1.604863 -0.11788504  0.197959094
[10,] 0.7303854 1.5122370 5.046121 2.643092 1.952142 -0.24557576 -0.047916229
               [,8]         [,9]       [,10]        [,11]      [,12]      [,13]
 [1,]  4.129499e-02  0.000000000  0.00000000 0.0000000000 0.00000000 0.00000000
 [2,]  0.000000e+00  0.000000000  0.00000000 0.0000000000 0.00000000 0.00000000
 [3,] -6.186879e-06  0.000000000 -0.05028888 0.0000000000 0.03281756 0.00000000
 [4,]  0.000000e+00  0.000000000  0.00000000 0.0166380409 0.23376026 0.00000000
 [5,]  0.000000e+00  0.000000000  0.03658950 0.0000127166 0.00000000 0.00000000
 [6,]  0.000000e+00  0.000000000  0.00000000 0.0000000000 0.00000000 0.00000000
 [7,] -1.024265e-01 -0.002204057  0.00000000 0.0000000000 0.00000000 0.04979735
 [8,]  6.632387e-02  0.000000000  0.00000000 0.0000000000 0.00000000 0.00000000
 [9,]  0.000000e+00  0.000000000  0.00000000 0.0000000000 0.00000000 0.00000000
[10,]  0.000000e+00  0.000000000  0.00000000 0.0000000000 0.00000000 0.00000000
           [,14] [,15]         [,16]       [,17]        [,18] [,19]
 [1,] 0.01424951     0  0.0000000000 0.000000000 -3.93070e-02     0
 [2,] 0.00000000     0  0.0000000000 0.002188915  0.00000e+00     0
 [3,] 0.00000000     0 -0.0014378841 0.000000000  0.00000e+00     0
 [4,] 0.10416432     0  0.0000000000 0.000000000  0.00000e+00     0
 [5,] 0.00000000     0 -0.0429139705 0.000000000  0.00000e+00     0
 [6,] 0.00000000     0  0.0000000000 0.068294533  0.00000e+00     0
 [7,] 0.00000000     0  0.0000000000 0.000000000  0.00000e+00     0
 [8,] 0.00000000     0  0.0000000000 0.000000000  0.00000e+00     0
 [9,] 0.00000000     0 -0.0000179669 0.000000000  0.00000e+00     0
[10,] 0.00000000     0  0.0169430738 0.000000000 -9.89666e-06     0
             [,20]         [,21]      [,22]         [,23]        [,24]
 [1,] 0.0000000000  0.000000e+00  0.0000000  0.0000000000 0.0000000000
 [2,] 0.0000000000 -5.438146e-03  0.0000000 -0.0289242037 0.0000000000
 [3,] 0.0000000000  1.626200e-02 -0.0992531  0.0615972412 0.0000000000
 [4,] 0.0000000000  0.000000e+00  0.0000000  0.0001929284 0.0000000000
 [5,] 0.0000000000  0.000000e+00  0.0000000  0.0000000000 0.0000000000
 [6,] 0.0000000000 -1.424347e-01  0.0000000  0.0000000000 0.0000000000
 [7,] 0.0004662965  1.845736e-03 -0.1771311  0.0000000000 0.0000000000
 [8,] 0.0000000000 -3.044089e-03 -0.0086574 -0.0604602887 0.0000000000
 [9,] 0.0000000000  0.000000e+00  0.0000000  0.0000000000 0.0000000000
[10,] 0.0000000000  6.723115e-05  0.0000000  0.0000000000 0.0004666186
            [,25]        [,26]       [,27]       [,28]        [,29]       [,30]
 [1,]  0.00000000  0.000000000 0.000000000  0.00000000 0.0007230939  0.00000000
 [2,]  0.00000000 -0.020581649 0.002764035  0.00000000 0.0030408454  0.00000000
 [3,]  0.00000000  0.002146448 0.000000000  0.00000000 0.0000000000  0.00000000
 [4,]  0.00000000  0.000000000 0.000000000  0.00000000 0.0000000000  0.00000000
 [5,]  0.00000000  0.000000000 0.023132910  0.05640195 0.0000000000  0.00000000
 [6,] -0.04097341  0.000000000 0.000000000  0.00000000 0.0000000000 -0.02583116
 [7,]  0.00000000  0.000000000 0.000000000  0.00000000 0.0407323468  0.00000000
 [8,]  0.00000000  0.000000000 0.154017857 -0.08529999 0.0000000000  0.00000000
 [9,]  0.00000000  0.000000000 0.000000000  0.00000000 0.0000000000  0.00000000
[10,]  0.00000000  0.000000000 0.000000000  0.00000000 0.0006546613  0.02905275
              [,31]       [,32]       [,33]         [,34]       [,35]
 [1,]  0.000000e+00  0.00000000 0.000000000  0.000000e+00  0.00000000
 [2,]  0.000000e+00  0.00000000 0.000000000  0.000000e+00  0.00000000
 [3,]  0.000000e+00 -0.07521389 0.000000000  0.000000e+00  0.00000000
 [4,]  0.000000e+00  0.00000000 0.000000000  0.000000e+00  0.00000000
 [5,]  0.000000e+00  0.00000000 0.000000000  0.000000e+00  0.00000000
 [6,]  0.000000e+00  0.00000000 0.000000000  0.000000e+00 -0.05120041
 [7,] -8.805883e-07  0.00000000 0.000000000  0.000000e+00  0.00000000
 [8,]  0.000000e+00  0.00000000 0.001408738  4.008033e-02  0.00000000
 [9,]  0.000000e+00  0.00000000 0.000000000  0.000000e+00  0.00000000
[10,]  0.000000e+00  0.03213582 0.000000000 -3.224122e-05  0.00000000
             [,36]    [,37] [,38]        [,39]      [,40]        [,41]
 [1,] 0.000000e+00 0.000000     0  0.000000000  0.0000000 0.0000000000
 [2,] 0.000000e+00 0.000000     0  0.000000000  0.0000000 0.0000000000
 [3,] 0.000000e+00 0.000000     0 -0.002662357  0.0000000 0.0003756342
 [4,] 5.924593e-04 0.121743     0  0.000000000  0.0000000 0.0000000000
 [5,] 0.000000e+00 0.000000     0  0.000000000  0.0000000 0.0000000000
 [6,] 0.000000e+00 0.000000     0  0.000000000  0.0000000 0.0000000000
 [7,] 1.616174e-05 0.000000     0  0.000000000 -0.1131449 0.0000000000
 [8,] 0.000000e+00 0.000000     0  0.000000000  0.0000000 0.0000000000
 [9,] 0.000000e+00 0.000000     0  0.000000000  0.0000000 0.1097106682
[10,] 0.000000e+00 0.000000     0  0.000000000  0.0000000 0.0000000000
           [,42]       [,43]         [,44]       [,45]         [,46]
 [1,] 0.00000000 0.014695282  0.000000e+00  0.00000000 -0.0006314585
 [2,] 0.00000000 0.000000000  1.678220e-02  0.00000000 -0.0034599403
 [3,] 0.05974101 0.000000000  0.000000e+00  0.00000000  0.0000000000
 [4,] 0.00000000 0.000000000  4.042313e-03 -0.01274223  0.0000000000
 [5,] 0.00000000 0.000000000  1.693371e-01  0.00000000  0.0000000000
 [6,] 0.00000000 0.000000000  1.251985e-05  0.00000000  0.0000000000
 [7,] 0.00000000 0.002105213 -3.457231e-02  0.00000000  0.0053878103
 [8,] 0.00000000 0.000000000 -4.785769e-02  0.00000000  0.0000000000
 [9,] 0.00000000 0.000000000  0.000000e+00  0.00000000  0.0000000000
[10,] 0.00000000 0.000000000  0.000000e+00  0.00000000 -0.0009600850
             [,47]         [,48]         [,49]        [,50]        [,51] [,52]
 [1,] 1.661595e-04  0.000000e+00 -7.704774e-05 0.0004454984  0.000000000     0
 [2,] 0.000000e+00  0.000000e+00  0.000000e+00 0.0000000000  0.000000000     0
 [3,] 0.000000e+00  0.000000e+00  0.000000e+00 0.0000000000  0.000000000     0
 [4,] 0.000000e+00 -1.152243e-05  0.000000e+00 0.0000000000  0.000000000     0
 [5,] 0.000000e+00  0.000000e+00  0.000000e+00 0.0000000000 -0.095201547     0
 [6,] 0.000000e+00  0.000000e+00  0.000000e+00 0.0000000000 -0.295281031     0
 [7,] 3.150473e-05  1.566797e-03  0.000000e+00 0.0000000000  0.000000000     0
 [8,] 0.000000e+00  0.000000e+00 -1.177760e-01 0.0000000000  0.000000000     0
 [9,] 0.000000e+00  0.000000e+00 -1.039353e-01 0.0000000000  0.000000000     0
[10,] 0.000000e+00 -3.283931e-04  0.000000e+00 0.0000000000 -0.000578407     0
      [,53]         [,54]         [,55]         [,56]         [,57] [,58]
 [1,]     0  0.0000000000  0.0000000000  0.000000e+00 -0.0000421888     0
 [2,]     0 -0.0004024068  0.0000000000 -5.744112e-05  0.0000000000     0
 [3,]     0  0.0000000000  0.0000000000  0.000000e+00  0.0000000000     0
 [4,]     0  0.0000000000  0.0083241277  0.000000e+00  0.0000000000     0
 [5,]     0  0.0000000000  0.0000000000  0.000000e+00  0.0000000000     0
 [6,]     0  0.0000000000 -0.0124586067  0.000000e+00  0.0000000000     0
 [7,]     0  0.0037021031  0.0000000000  0.000000e+00  0.0000000000     0
 [8,]     0  0.0000000000  0.0000000000  0.000000e+00  0.0000000000     0
 [9,]     0  0.0000000000  0.0000000000  0.000000e+00 -0.0305557648     0
[10,]     0  0.0000000000 -0.0003396117  0.000000e+00  0.0000000000     0
             [,59] [,60]        [,61]         [,62]      [,63]       [,64]
 [1,]  0.002165736     0 5.889146e-06  0.000000e+00 0.00000000  0.00000000
 [2,]  0.000000000     0 0.000000e+00  0.000000e+00 0.00000000  0.00000000
 [3,]  0.000000000     0 0.000000e+00 -1.229215e-01 0.00000000  0.00000000
 [4,]  0.000000000     0 0.000000e+00  0.000000e+00 0.00000000  0.00000000
 [5,]  0.000000000     0 0.000000e+00  0.000000e+00 0.00000000  0.00000000
 [6,]  0.000000000     0 0.000000e+00 -1.675288e-01 0.12494883  0.00000000
 [7,] -0.078435966     0 0.000000e+00 -5.804689e-05 0.00000000  0.00000000
 [8,]  0.000000000     0 0.000000e+00  0.000000e+00 0.00000000  0.00000000
 [9,]  0.000000000     0 0.000000e+00  0.000000e+00 0.00000000  0.00000000
[10,]  0.000000000     0 0.000000e+00  0.000000e+00 0.01159787 -0.04660856
            [,65]         [,66] [,67]         [,68]      [,69]        [,70]
 [1,]  0.00000000  0.000000e+00     0  0.0000000000  0.0000000  0.000000000
 [2,]  0.00000000  0.000000e+00     0  0.0004621961  0.0000000  0.007650788
 [3,]  0.00000000  0.000000e+00     0  0.0000000000  0.0000000 -0.061069813
 [4,]  0.00000000 -6.682299e-05     0 -0.0587492487  0.0000000  0.000000000
 [5,]  0.00000000  0.000000e+00     0  0.0000000000  0.0000000  0.000000000
 [6,]  0.00000000  0.000000e+00     0  0.0000000000  0.0000000  0.000000000
 [7,] -0.08475532 -3.800897e-04     0  0.0000000000  0.0000000  0.000000000
 [8,]  0.00000000  0.000000e+00     0  0.0061608713  0.0000000 -0.007503877
 [9,]  0.00000000  0.000000e+00     0  0.0000000000 -0.0111475  0.000000000
[10,]  0.00000000  0.000000e+00     0  0.0000000000  0.0000000  0.000000000
            [,71] [,72]         [,73]     [,74]        [,75]         [,76]
 [1,] 0.000000000     0 -2.582691e-05  0.000000  0.057725694  0.000000e+00
 [2,] 0.000000000     0  0.000000e+00  0.000000  0.000000000  0.000000e+00
 [3,] 0.000000000     0  0.000000e+00 -0.147665  0.000000000  1.278284e-01
 [4,] 0.000000000     0  0.000000e+00  0.000000  0.000000000  0.000000e+00
 [5,] 0.264493777     0  0.000000e+00  0.000000  0.002837463 -2.143263e-01
 [6,] 0.009409973     0  0.000000e+00  0.000000  0.000000000  0.000000e+00
 [7,] 0.000000000     0  0.000000e+00  0.000000  0.000000000 -2.319465e-05
 [8,] 0.067506814     0  0.000000e+00  0.000000 -0.038398089  0.000000e+00
 [9,] 0.000000000     0  0.000000e+00  0.000000  0.000000000  0.000000e+00
[10,] 0.000000000     0  0.000000e+00  0.000000  0.000000000  0.000000e+00
      [,77]        [,78]        [,79]         [,80]        [,81]         [,82]
 [1,]     0  0.000000000  0.000000000  0.000000e+00 0.000000e+00  0.000000e+00
 [2,]     0  0.000000000  0.004934741  3.286922e-06 1.977764e-01  0.000000e+00
 [3,]     0  0.000000000  0.000000000  0.000000e+00 0.000000e+00  0.000000e+00
 [4,]     0  0.000000000  0.074969313 -2.098114e-02 0.000000e+00 -9.476139e-04
 [5,]     0  0.000000000 -0.002493442  0.000000e+00 0.000000e+00  0.000000e+00
 [6,]     0  0.000000000  0.000000000  0.000000e+00 0.000000e+00 -3.323791e-05
 [7,]     0 -0.002102030  0.000000000 -1.078343e-02 0.000000e+00  0.000000e+00
 [8,]     0 -0.003504258  0.000000000  0.000000e+00 0.000000e+00  0.000000e+00
 [9,]     0  0.000000000  0.000000000  0.000000e+00 0.000000e+00  0.000000e+00
[10,]     0  0.000000000  0.000000000  4.300662e-03 7.388906e-05  0.000000e+00
            [,83]        [,84]       [,85]       [,86]       [,87] [,88]
 [1,] 0.001973714  0.000000000  0.00000000  0.00000000 0.000000000     0
 [2,] 0.000000000  0.000000000  0.00000000  0.00000000 0.000000000     0
 [3,] 0.000000000  0.000000000  0.00000000  0.00000000 0.000000000     0
 [4,] 0.000000000  0.000000000  0.00000000  0.00000000 0.000000000     0
 [5,] 0.135889704  0.000000000  0.00000000  0.00000000 0.000000000     0
 [6,] 0.000000000  0.000000000  0.00000000  0.00000000 0.000000000     0
 [7,] 0.000000000  0.003616837 -0.02338744  0.00000000 0.079178225     0
 [8,] 0.000000000 -0.023312615 -0.05127806  0.02480548 0.000000000     0
 [9,] 0.000000000  0.000000000  0.00000000 -0.16011814 0.000000000     0
[10,] 0.000000000  0.000000000  0.00000000  0.00000000 0.004800686     0
              [,89]        [,90] [,91]       [,92]         [,93] [,94]
 [1,]  0.000000e+00  0.000000000     0 0.003694488  0.000000e+00     0
 [2,]  1.438764e-05  0.002153207     0 0.000000000  0.000000e+00     0
 [3,]  0.000000e+00  0.000000000     0 0.000000000  0.000000e+00     0
 [4,]  0.000000e+00 -0.105816342     0 0.000000000  5.845378e-05     0
 [5,]  0.000000e+00  0.000000000     0 0.000000000  0.000000e+00     0
 [6,] -1.127039e-02  0.000000000     0 0.000000000 -4.579427e-04     0
 [7,]  0.000000e+00  0.000000000     0 0.000000000  1.912812e-03     0
 [8,]  0.000000e+00  0.000000000     0 0.000000000  6.632521e-02     0
 [9,]  0.000000e+00  0.000000000     0 0.000000000  0.000000e+00     0
[10,]  0.000000e+00  0.000000000     0 0.000000000  0.000000e+00     0
              [,95]      [,96]      [,97]      [,98]        [,99] [,100]
 [1,]  0.000000e+00 -0.1131789  0.1736724 0.00000000  0.000000000      0
 [2,]  0.000000e+00  0.0000000  0.0000000 0.00000000  0.000000000      0
 [3,]  7.443290e-02  0.0000000  0.0000000 0.00000000  0.000000000      0
 [4,]  0.000000e+00  0.0000000  0.0000000 0.00000000 -0.048802479      0
 [5,] -3.551688e-05  0.0000000  0.0000000 0.00000000  0.000000000      0
 [6,]  0.000000e+00  0.0000000  0.0000000 0.01854133  0.000000000      0
 [7,]  0.000000e+00  0.0000000  0.0000000 0.00000000  0.000000000      0
 [8,]  0.000000e+00  0.0000000  0.0000000 0.00000000  0.000000000      0
 [9,] -1.267422e-01  0.0000000 -0.1243436 0.00000000  0.000000000      0
[10,]  4.834898e-04  0.0000000  0.0000000 0.00000000  0.001198595      0
            [,101] [,102]       [,103]        [,104]       [,105] [,106]
 [1,]  0.000000000      0 -0.001995242  0.000000e+00 0.000000e+00      0
 [2,] -0.001889538      0 -0.014669820  5.984348e-05 0.000000e+00      0
 [3,]  0.000000000      0  0.000000000  0.000000e+00 0.000000e+00      0
 [4,]  0.000000000      0  0.000000000  0.000000e+00 0.000000e+00      0
 [5,]  0.000000000      0  0.000000000  0.000000e+00 5.672598e-06      0
 [6,]  0.000000000      0  0.000000000  0.000000e+00 0.000000e+00      0
 [7,]  0.000000000      0  0.000000000  0.000000e+00 0.000000e+00      0
 [8,]  0.000000000      0 -0.100898421 -1.453854e-02 4.513448e-04      0
 [9,]  0.000000000      0  0.090068193  0.000000e+00 0.000000e+00      0
[10,] -0.134081036      0  0.000000000  0.000000e+00 8.439203e-03      0
           [,107]       [,108]        [,109] [,110]       [,111]      [,112]
 [1,]  0.00000000  0.000000000 -0.0005337813      0 0.0000000000  0.00000000
 [2,]  0.00000000 -0.003606631  0.0000000000      0 0.0000000000  0.00000000
 [3,]  0.00000000  0.000000000  0.0000000000      0 0.0000000000 -0.05008024
 [4,] -0.03813876  0.000000000  0.0000000000      0 0.0000000000  0.00000000
 [5,]  0.00000000  0.000000000  0.0000000000      0 0.0005253468  0.00000000
 [6,]  0.00000000  0.000000000  0.1348368153      0 0.0000000000  0.00000000
 [7,]  0.03884013  0.000000000  0.0000000000      0 0.0000000000  0.00000000
 [8,]  0.00000000  0.000000000  0.0000000000      0 0.0000000000  0.00000000
 [9,]  0.00000000  0.000000000  0.0039621698      0 0.0000000000  0.00000000
[10,]  0.00000000  0.000000000 -0.0257024294      0 0.0000000000  0.00000000
          [,113] [,114]      [,115] [,116]        [,117] [,118] [,119]
 [1,] 0.00000000      0  0.08718454      0  0.0000000000      0      0
 [2,] 0.00000000      0  0.00000000      0 -0.0016627193      0      0
 [3,] 0.00000000      0 -0.24400269      0 -0.0001017035      0      0
 [4,] 0.00000000      0  0.00000000      0  0.0000000000      0      0
 [5,] 0.00000000      0  0.00000000      0  0.0000000000      0      0
 [6,] 0.02863129      0  0.00000000      0  0.0000000000      0      0
 [7,] 0.00000000      0  0.00000000      0  0.0795481503      0      0
 [8,] 0.00000000      0  0.00000000      0  0.0000000000      0      0
 [9,] 0.00000000      0  0.00000000      0  0.0000000000      0      0
[10,] 0.00000000      0  0.00000000      0  0.0000000000      0      0
            [,120]        [,121]     [,122]        [,123]        [,124]
 [1,] 0.0009195603  0.0000000000 0.00000000  0.0000000000  0.000000e+00
 [2,] 0.0000000000  0.0000000000 0.00000000  0.0000000000  5.118849e-05
 [3,] 0.1138062502  0.0000000000 0.00000000  0.0009262382  0.000000e+00
 [4,] 0.0000000000 -0.0002630177 0.00000000 -0.0299666043  0.000000e+00
 [5,] 0.0000000000  0.0000000000 0.00000000  0.0000000000  0.000000e+00
 [6,] 0.0000000000  0.0000000000 0.00000000  0.0000000000  0.000000e+00
 [7,] 0.0000000000  0.0000000000 0.00000000  0.0000000000 -1.548757e-03
 [8,] 0.0000000000  0.0000000000 0.00000000  0.0000000000  0.000000e+00
 [9,] 0.0000000000 -0.0318005018 0.00000000  0.0000000000  0.000000e+00
[10,] 0.0018286597  0.0000000000 0.01488688  0.0000000000  0.000000e+00
           [,125]      [,126]    [,127]        [,128]       [,129]
 [1,] -0.06024874 0.000000000 0.0000000  0.000000e+00  0.006028965
 [2,]  0.00000000 0.000000000 0.0000000  0.000000e+00 -0.001939452
 [3,]  0.00000000 0.000000000 0.0000000  8.126433e-05  0.000000000
 [4,]  0.00000000 0.000000000 0.1490366  0.000000e+00 -0.204052405
 [5,]  0.00000000 0.000000000 0.0000000  0.000000e+00  0.000000000
 [6,]  0.00000000 0.000000000 0.0000000  0.000000e+00  0.000000000
 [7,]  0.00000000 0.000000000 0.0000000  2.532588e-03  0.000000000
 [8,]  0.00000000 0.000000000 0.0000000  0.000000e+00  0.000000000
 [9,]  0.00000000 0.006638059 0.0000000 -7.085650e-03  0.036705498
[10,]  0.00000000 0.000000000 0.0000000 -5.523737e-02  0.000000000
             [,130]       [,131]      [,132] [,133]       [,134]        [,135]
 [1,]  0.0000000000  0.000000000 0.000000000      0 -0.004868103 -6.445685e-05
 [2,]  0.0000000000 -0.000102616 0.000000000      0  0.000000000  0.000000e+00
 [3,]  0.0000000000  0.000000000 0.006390317      0  0.000000000  0.000000e+00
 [4,]  0.0000000000  0.000000000 0.000000000      0  0.000000000  0.000000e+00
 [5,]  0.0000000000  0.000000000 0.000000000      0  0.000000000  0.000000e+00
 [6,]  0.0000000000 -0.093482318 0.000000000      0  0.000000000  0.000000e+00
 [7,] -0.0001223577  0.000000000 0.000000000      0  0.000000000 -3.827971e-02
 [8,]  0.0000000000  0.000000000 0.000000000      0 -0.135733404  0.000000e+00
 [9,]  0.0000000000  0.000000000 0.000000000      0  0.000000000  0.000000e+00
[10,]  0.0000000000  0.000000000 0.000000000      0  0.000000000  0.000000e+00
      [,136]      [,137]     [,138]       [,139]       [,140]       [,141]
 [1,]      0 -0.01848485 0.00000000  0.00000e+00 0.0000000000 0.0000000000
 [2,]      0  0.00000000 0.00000000 -4.30553e-05 0.0000000000 0.0009667416
 [3,]      0  0.00000000 0.04921128  0.00000e+00 0.0000000000 0.0000000000
 [4,]      0  0.00000000 0.00000000  0.00000e+00 0.0000000000 0.0000000000
 [5,]      0  0.00000000 0.00000000  0.00000e+00 0.0000000000 0.0000000000
 [6,]      0 -0.01246076 0.00000000  0.00000e+00 0.0000000000 0.0000000000
 [7,]      0  0.00000000 0.00000000  0.00000e+00 0.0004364509 0.0000000000
 [8,]      0  0.00000000 0.00000000  0.00000e+00 0.0000000000 0.0000000000
 [9,]      0  0.00000000 0.00000000  0.00000e+00 0.0000000000 0.0000000000
[10,]      0  0.00000000 0.00000000  0.00000e+00 0.0000000000 0.0000000000
             [,142]     [,143]       [,144]       [,145]     [,146]      [,147]
 [1,]  0.0000000000  0.0000000  0.000000000  0.000000000 0.00000000  0.00000000
 [2,]  0.0000000000  0.0000000  0.000000000 -0.001360379 0.00000000  0.00000000
 [3,]  0.0000000000  0.0000000  0.000000000  0.000000000 0.00000000  0.00000000
 [4,]  0.0000000000  0.0000000  0.005595104  0.000000000 0.00000000  0.00000000
 [5,]  0.0000000000  0.0000000  0.000000000  0.000000000 0.00000000  0.00000000
 [6,]  0.0000000000  0.0000000  0.000000000  0.000000000 0.00000000 -0.02719293
 [7,] -0.0003445082  0.0000000  0.000000000  0.000000000 0.00000000  0.00000000
 [8,]  0.0000000000 -0.0885236  0.000000000  0.000000000 0.03185337  0.00000000
 [9,]  0.0000000000  0.0000000 -0.030827912 -0.013908340 0.00000000  0.00000000
[10,]  0.0003363335  0.0000000  0.000000000  0.000000000 0.00000000  0.00000000
             [,148]      [,149]      [,150]        [,151]      [,152] [,153]
 [1,] -0.0270467431  0.00000000  0.00000000  0.0000000000 0.000000000      0
 [2,]  0.0000000000  0.03328783  0.00000000 -0.0016101618 0.000000000      0
 [3,]  0.0000000000  0.00000000  0.00000000  0.0113770365 0.000000000      0
 [4,]  0.0000000000  0.00000000 -0.01846396  0.0000000000 0.000000000      0
 [5,] -0.0022387523  0.00000000  0.00000000  0.0000000000 0.058682121      0
 [6,]  0.0002676964  0.00000000  0.00000000  0.0000000000 0.009105663      0
 [7,]  0.0000000000  0.00000000 -0.03482236  0.0000000000 0.000000000      0
 [8,]  0.0000000000 -0.06504303  0.00000000  0.0000000000 0.008247491      0
 [9,]  0.0000000000  0.00000000  0.00000000  0.0000000000 0.000000000      0
[10,]  0.0000000000  0.00000000  0.00000000 -0.0005053806 0.000000000      0
      [,154]       [,155]        [,156]      [,157]     [,158]        [,159]
 [1,]      0  0.000000000 -0.0001843251  0.00000000 0.00000000 -0.1093418178
 [2,]      0  0.000000000  0.0000000000  0.00000000 0.07224797  0.0000000000
 [3,]      0  0.000000000  0.0000000000  0.00000000 0.00000000  0.0000000000
 [4,]      0  0.000000000  0.0000000000  0.00000000 0.00000000  0.0000000000
 [5,]      0  0.000000000  0.0000000000  0.00000000 0.00000000  0.0000000000
 [6,]      0  0.058993480  0.0000000000  0.00000000 0.00000000  0.0000000000
 [7,]      0 -0.002396908  0.0000000000  0.00000000 0.00000000  0.0003103976
 [8,]      0  0.000000000  0.0000000000  0.00000000 0.00000000  0.0000000000
 [9,]      0  0.000000000  0.0000000000  0.00000000 0.00000000  0.0000000000
[10,]      0  0.000000000  0.0000000000 -0.00272304 0.00000000  0.0000000000
            [,160]     [,161]      [,162] [,163]       [,164]       [,165]
 [1,]  0.000000000 0.00000000  0.00000000      0 -0.065444943  0.000000000
 [2,] -0.001687826 0.00000000  0.00000000      0  0.000000000 -0.009254346
 [3,]  0.000000000 0.00000000  0.00000000      0 -0.005657536  0.000000000
 [4,]  0.000000000 0.00000000  0.00000000      0  0.000000000  0.000000000
 [5,]  0.000000000 0.05472622  0.00000000      0  0.000000000 -0.034799806
 [6,]  0.000000000 0.00000000  0.00000000      0  0.000000000  0.000000000
 [7,]  0.023299968 0.00000000  0.00000000      0  0.000000000  0.000000000
 [8,]  0.000000000 0.00000000  0.00000000      0  0.000000000  0.000000000
 [9,]  0.000000000 0.00000000  0.00000000      0  0.000000000  0.000000000
[10,]  0.000000000 0.00000000 -0.04907797      0  0.000000000  0.000000000
           [,166]       [,167]      [,168]     [,169]      [,170] [,171]
 [1,]  0.00000000  0.000000000 0.000000000 0.01378373  0.00000000      0
 [2,]  0.00000000  0.000000000 0.000000000 0.00000000  0.00000000      0
 [3,]  0.00000000 -0.057132157 0.000000000 0.00000000  0.04629741      0
 [4,]  0.00000000  0.000000000 0.000000000 0.00000000  0.00000000      0
 [5,]  0.00000000  0.000000000 0.000000000 0.00000000  0.00000000      0
 [6,]  0.00000000  0.000000000 0.007629256 0.00000000  0.00000000      0
 [7,]  0.00000000 -0.001344466 0.000000000 0.00000000  0.00000000      0
 [8,]  0.00000000  0.000000000 0.168201139 0.00000000  0.00000000      0
 [9,] -0.07569997  0.000000000 0.000000000 0.00000000  0.00000000      0
[10,]  0.00000000  0.000000000 0.000000000 0.00000000 -0.00132632      0
             [,172]       [,173]        [,174]     [,175]     [,176]
 [1,]  0.000000e+00  0.000000000  0.0000000000  0.0000000 0.00000000
 [2,]  0.000000e+00  0.000000000  0.0000000000  0.0000000 0.00000000
 [3,]  0.000000e+00  0.006014145  0.0001863474  0.0000000 0.00000000
 [4,]  0.000000e+00 -0.173952611  0.0000000000  0.0000000 0.00000000
 [5,]  0.000000e+00  0.000000000  0.0000000000  0.0000000 0.03351224
 [6,]  0.000000e+00  0.000000000  0.0163814101  0.0000000 0.02188947
 [7,]  0.000000e+00  0.005516630  0.0000000000  0.0000000 0.00000000
 [8,]  0.000000e+00  0.000000000  0.0000000000  0.0000000 0.00000000
 [9,] -8.975743e-02  0.000000000  0.0000000000  0.0000000 0.00000000
[10,]  4.436521e-05  0.000000000 -0.1250233993 -0.1302076 0.00000000
           [,177]    [,178] [,179] [,180]  [,181] [,182]        [,183]
 [1,] 0.000000000 0.0000000      0      0 0.00000      0  0.0523553688
 [2,] 0.003248046 0.0000000      0      0 0.00000      0  0.0000000000
 [3,] 0.000000000 0.1146724      0      0 0.00000      0  0.0000000000
 [4,] 0.092324054 0.0000000      0      0 0.00000      0  0.0000000000
 [5,] 0.038291873 0.0000000      0      0 0.00000      0  0.0000000000
 [6,] 0.000000000 0.0000000      0      0 0.00000      0  0.0000000000
 [7,] 0.000000000 0.0000000      0      0 0.18208      0 -0.2655623951
 [8,] 0.000000000 0.0000000      0      0 0.00000      0  0.0000000000
 [9,] 0.000000000 0.0000000      0      0 0.00000      0  0.0000000000
[10,] 0.000000000 0.0000000      0      0 0.00000      0  0.0007964113
             [,184]       [,185]     [,186]      [,187] [,188]      [,189]
 [1,]  0.000000e+00  0.000000000 0.00000000  0.00000000      0  0.00000000
 [2,]  0.000000e+00  0.000000000 0.00000000  0.00000000      0  0.00000000
 [3,]  0.000000e+00  0.000000000 0.00000000  0.00000000      0  0.15497531
 [4,]  0.000000e+00  0.000000000 0.03554511  0.00000000      0  0.00000000
 [5,]  0.000000e+00  0.000000000 0.00000000 -0.10013653      0 -0.07700956
 [6,] -9.733935e-05  0.000000000 0.00000000  0.00000000      0  0.07131296
 [7,]  0.000000e+00  0.000000000 0.00000000  0.00000000      0  0.00000000
 [8,]  0.000000e+00  0.000000000 0.00000000  0.00000000      0  0.00000000
 [9,]  0.000000e+00  0.000000000 0.00000000 -0.07528495      0  0.00000000
[10,]  0.000000e+00 -0.000149885 0.00000000  0.00000000      0  0.00000000
             [,190]       [,191] [,192]      [,193] [,194]      [,195]
 [1,]  0.000000e+00  0.000000000      0 0.005615956      0  0.00000000
 [2,]  0.000000e+00  0.000000000      0 0.000000000      0  0.01683233
 [3,] -1.146423e-05 -0.318728608      0 0.000000000      0  0.00000000
 [4,]  2.669061e-03  0.000000000      0 0.000000000      0  0.00000000
 [5,]  0.000000e+00  0.000000000      0 0.000000000      0  0.00000000
 [6,]  0.000000e+00  0.005150011      0 0.000000000      0  0.00000000
 [7,]  0.000000e+00 -0.003685808      0 0.000000000      0  0.00000000
 [8,]  0.000000e+00  0.000000000      0 0.000000000      0  0.00000000
 [9,]  0.000000e+00  0.000000000      0 0.000000000      0 -0.02020774
[10,]  0.000000e+00  0.000000000      0 0.000000000      0  0.00000000
            [,196]        [,197] [,198]     [,199]        [,200]       [,201]
 [1,]  0.000000000 -0.0216067194      0 0.02672461  0.000000e+00 0.000000e+00
 [2,]  0.000000000  0.0000000000      0 0.00000000 -6.024497e-05 0.000000e+00
 [3,]  0.000000000  0.0000000000      0 0.00000000  0.000000e+00 0.000000e+00
 [4,] -0.019819150  0.0004915406      0 0.00000000  0.000000e+00 6.386982e-05
 [5,]  0.000000000  0.0000000000      0 0.00000000  0.000000e+00 0.000000e+00
 [6,]  0.000000000  0.0000000000      0 0.00000000  0.000000e+00 0.000000e+00
 [7,]  0.002781359  0.0000000000      0 0.00000000  0.000000e+00 0.000000e+00
 [8,]  0.000000000  0.0000000000      0 0.00000000  0.000000e+00 0.000000e+00
 [9,]  0.000000000  0.0000000000      0 0.00000000  0.000000e+00 0.000000e+00
[10,]  0.000000000  0.0000000000      0 0.00000000  5.606441e-04 0.000000e+00
             [,202]        [,203]     [,204] [,205]       [,206]
 [1,] -0.1677838690  0.000000e+00  0.0000000      0 0.0000000000
 [2,]  0.0000000000 -4.948551e-06  0.0000000      0 0.0002158606
 [3,]  0.0000000000  0.000000e+00  0.0000000      0 0.0000000000
 [4,] -0.0009703736  0.000000e+00 -0.3026887      0 0.0000000000
 [5,]  0.0000000000  4.156958e-02  0.0000000      0 0.1432810194
 [6,]  0.0000000000  0.000000e+00  0.0000000      0 0.0000000000
 [7,]  0.0000000000  0.000000e+00  0.0000000      0 0.0000000000
 [8,]  0.0000000000  0.000000e+00  0.0000000      0 0.0000000000
 [9,]  0.0000000000  1.297629e-01  0.0000000      0 0.0000000000
[10,] -0.0004886333  0.000000e+00  0.0000000      0 0.0000000000
[1] "Mean"
  [1]  5.206328e-01  1.230945e+00  4.851409e+00  2.652149e+00  1.608330e+00
  [6] -2.194778e-01  1.462520e-02  5.186126e-04 -2.204057e-04 -1.369939e-03
 [11]  1.665076e-03  2.665778e-02  4.979735e-03  1.184138e-02  0.000000e+00
 [16] -2.742675e-03  7.048345e-03 -3.931690e-03  0.000000e+00  4.662965e-05
 [21] -1.327419e-02 -2.850416e-02 -2.759432e-03  4.666186e-05 -4.097341e-03
 [26] -1.843520e-03  1.799148e-02 -2.889804e-03  4.515095e-03  3.221586e-04
 [31] -8.805883e-08 -4.307807e-03  1.408738e-04  4.004809e-03 -5.120041e-03
 [36]  6.086211e-05  1.217430e-02  0.000000e+00 -2.662357e-04 -1.131449e-02
 [41]  1.100863e-02  5.974101e-03  1.680050e-03  1.077442e-02 -1.274223e-03
 [46]  3.363265e-05  1.976642e-05  1.226881e-04 -2.217884e-02  4.454984e-05
 [51] -3.910610e-02  0.000000e+00  0.000000e+00  3.299696e-04 -4.474091e-04
 [56] -5.744112e-06 -3.059795e-03  0.000000e+00 -7.627023e-03  0.000000e+00
 [61]  5.889146e-07 -2.905083e-02  1.365467e-02 -4.660856e-03 -8.475532e-03
 [66] -4.469126e-05  0.000000e+00 -5.212618e-03 -1.114750e-03 -6.092290e-03
 [71]  3.414106e-02  0.000000e+00 -2.582691e-06 -1.476650e-02  2.216507e-03
 [76] -8.652114e-03  0.000000e+00 -5.606288e-04  7.741061e-03 -2.746062e-03
 [81]  1.978502e-02 -9.808518e-05  1.378634e-02 -1.969578e-03 -7.466549e-03
 [86] -1.353127e-02  8.397891e-03  0.000000e+00 -1.125600e-03 -1.036631e-02
 [91]  0.000000e+00  3.694488e-04  6.783854e-03  0.000000e+00 -5.186131e-03
 [96] -1.131789e-02  4.932881e-03  1.854133e-03 -4.760388e-03  0.000000e+00
[101] -1.359706e-02  0.000000e+00 -2.749529e-03 -1.447870e-03  8.896221e-04
[106]  0.000000e+00  7.013753e-05 -3.606631e-04  1.125628e-02  0.000000e+00
[111]  5.253468e-05 -5.008024e-03  2.863129e-03  0.000000e+00 -1.568182e-02
[116]  0.000000e+00  7.778373e-03  0.000000e+00  0.000000e+00  1.165545e-02
[121] -3.206352e-03  1.488688e-03 -2.904037e-03 -1.497569e-04 -6.024874e-03
[126]  6.638059e-04  1.490366e-02 -5.970916e-03 -1.632574e-02 -1.223577e-05
[131] -9.358493e-03  6.390317e-04  0.000000e+00 -1.406015e-02 -3.834417e-03
[136]  0.000000e+00 -3.094561e-03  4.921128e-03 -4.305530e-06  4.364509e-05
[141]  9.667416e-05 -8.174650e-07 -8.852360e-03 -2.523281e-03 -1.526872e-03
[146]  3.185337e-03 -2.719293e-03 -2.901780e-03 -3.175520e-03 -5.328633e-03
[151]  9.261494e-04  7.603527e-03  0.000000e+00  0.000000e+00  5.659657e-03
[156] -1.843251e-05 -2.723040e-04  7.224797e-03 -1.090314e-02  2.161214e-03
[161]  5.472622e-03 -4.907797e-03  0.000000e+00 -7.110248e-03 -4.405415e-03
[166] -7.569997e-03 -5.847662e-03  1.758304e-02  1.378373e-03  4.497109e-03
[171]  0.000000e+00 -8.971307e-03 -1.624218e-02 -1.084556e-02 -1.302076e-02
[176]  5.540171e-03  1.338640e-02  1.146724e-02  0.000000e+00  0.000000e+00
[181]  1.820800e-02  0.000000e+00 -2.124106e-02 -9.733935e-06 -1.498850e-05
[186]  3.554511e-03 -1.754215e-02  0.000000e+00  1.492787e-02  2.657596e-04
[191] -3.172644e-02  0.000000e+00  5.615956e-04  0.000000e+00 -3.375403e-04
[196] -1.703779e-03 -2.111518e-03  0.000000e+00  2.672461e-03  5.003991e-05
[201]  6.386982e-06 -1.692429e-02  1.713275e-02 -3.026887e-02  0.000000e+00
[206]  1.434969e-02
[1] "Variance"
  [1] 2.467815e-01 3.826905e-01 2.055074e-01 1.516719e-01 1.652418e-01
  [6] 1.247935e-01 6.613049e-02 4.293747e-02 6.969839e-04 2.068009e-02
 [11] 5.260965e-03 7.349564e-02 1.574731e-02 3.274662e-02 0.000000e+00
 [16] 1.511262e-02 2.153071e-02 1.242962e-02 0.000000e+00 1.474559e-04
 [21] 4.574361e-02 6.071489e-02 3.020333e-02 1.475577e-04 1.295693e-02
 [26] 6.618374e-03 4.833602e-02 3.395055e-02 1.276045e-02 1.295408e-02
 [31] 2.784665e-07 2.688302e-02 4.454820e-04 1.267565e-02 1.619099e-02
 [36] 1.868533e-04 3.849852e-02 0.000000e+00 8.419114e-04 3.577957e-02
 [41] 3.468056e-02 1.889177e-02 4.620697e-03 5.897059e-02 4.029446e-03
 [46] 2.168176e-03 5.238152e-05 5.177197e-04 4.685052e-02 1.408790e-04
 [51] 9.484589e-02 0.000000e+00 0.000000e+00 1.191577e-03 4.973503e-03
 [56] 1.816448e-05 9.661108e-03 0.000000e+00 2.488903e-02 0.000000e+00
 [61] 1.862311e-06 6.212539e-02 3.927428e-02 1.473892e-02 2.680199e-02
 [66] 1.197035e-04 0.000000e+00 1.890893e-02 3.525150e-03 1.964463e-02
 [71] 8.363051e-02 0.000000e+00 8.167186e-06 4.669578e-02 2.301109e-02
 [76] 8.268232e-02 0.000000e+00 1.227251e-03 2.369183e-02 7.450410e-03
 [81] 6.253978e-02 2.986767e-04 4.290723e-02 7.584833e-03 1.705845e-02
 [86] 5.209199e-02 2.491539e-02 0.000000e+00 3.564517e-03 3.354455e-02
 [91] 0.000000e+00 1.168300e-03 2.093031e-02 0.000000e+00 4.868848e-02
 [96] 3.579031e-02 7.100867e-02 5.863282e-03 1.547940e-02 0.000000e+00
[101] 4.233792e-02 0.000000e+00 4.526018e-02 4.599632e-03 2.656431e-03
[106] 0.000000e+00 1.814470e-02 1.140517e-03 4.420976e-02 0.000000e+00
[111] 1.661293e-04 1.583676e-02 9.054008e-03 0.000000e+00 8.477373e-02
[116] 0.000000e+00 2.522268e-02 0.000000e+00 0.000000e+00 3.589732e-02
[121] 1.004730e-02 4.707643e-03 9.513271e-03 4.918217e-04 1.905233e-02
[126] 2.099139e-03 4.712952e-02 1.748420e-02 6.696557e-02 3.869291e-05
[131] 2.955812e-02 2.020796e-03 0.000000e+00 4.277899e-02 1.210286e-02
[136] 0.000000e+00 6.676636e-03 1.556197e-02 1.361528e-05 1.380179e-04
[141] 3.057105e-04 1.604852e-04 2.799362e-02 1.009948e-02 4.371361e-03
[146] 1.007292e-02 8.599159e-03 8.514085e-03 2.412430e-02 1.187702e-02
[151] 3.707462e-03 1.830722e-02 0.000000e+00 0.000000e+00 1.875473e-02
[156] 5.828872e-05 8.611008e-04 2.284681e-02 3.458796e-02 7.446317e-03
[161] 1.730595e-02 1.551982e-02 0.000000e+00 2.057369e-02 1.106844e-02
[166] 2.393843e-02 1.802449e-02 5.297609e-02 4.358799e-03 1.469304e-02
[171] 0.000000e+00 2.838535e-02 5.546573e-02 4.044609e-02 4.117524e-02
[176] 1.199669e-02 3.020043e-02 3.626258e-02 0.000000e+00 0.000000e+00
[181] 5.757874e-02 0.000000e+00 8.740282e-02 3.078140e-05 4.739779e-05
[186] 1.124035e-02 3.744311e-02 0.000000e+00 6.037378e-02 8.444416e-04
[191] 1.008642e-01 0.000000e+00 1.775921e-03 0.000000e+00 8.759381e-03
[196] 6.424831e-03 6.851657e-03 0.000000e+00 8.451063e-03 1.804043e-04
[201] 2.019741e-05 5.300764e-02 4.167484e-02 9.571858e-02 0.000000e+00
[206] 4.530190e-02
[1] "Bias"
  [1] -0.65291147 -0.17936999 -0.02971824 -0.11595021 -0.19583506 -0.56104438
  [7]         Inf         Inf        -Inf        -Inf         Inf         Inf
 [13]         Inf         Inf         NaN        -Inf         Inf        -Inf
 [19]         NaN         Inf        -Inf        -Inf        -Inf         Inf
 [25]        -Inf        -Inf         Inf        -Inf         Inf         Inf
 [31]        -Inf        -Inf         Inf         Inf        -Inf         Inf
 [37]         Inf         NaN        -Inf        -Inf         Inf         Inf
 [43]         Inf         Inf        -Inf         Inf         Inf         Inf
 [49]        -Inf         Inf        -Inf         NaN         NaN         Inf
 [55]        -Inf        -Inf        -Inf         NaN        -Inf         NaN
 [61]         Inf        -Inf         Inf        -Inf        -Inf        -Inf
 [67]         NaN        -Inf        -Inf        -Inf         Inf         NaN
 [73]        -Inf        -Inf         Inf        -Inf         NaN        -Inf
 [79]         Inf        -Inf         Inf        -Inf         Inf        -Inf
 [85]        -Inf        -Inf         Inf         NaN        -Inf        -Inf
 [91]         NaN         Inf         Inf         NaN        -Inf        -Inf
 [97]         Inf         Inf        -Inf         NaN        -Inf         NaN
[103]        -Inf        -Inf         Inf         NaN         Inf        -Inf
[109]         Inf         NaN         Inf        -Inf         Inf         NaN
[115]        -Inf         NaN         Inf         NaN         NaN         Inf
[121]        -Inf         Inf        -Inf        -Inf        -Inf         Inf
[127]         Inf        -Inf        -Inf        -Inf        -Inf         Inf
[133]         NaN        -Inf        -Inf         NaN        -Inf         Inf
[139]        -Inf         Inf         Inf        -Inf        -Inf        -Inf
[145]        -Inf         Inf        -Inf        -Inf        -Inf        -Inf
[151]         Inf         Inf         NaN         NaN         Inf        -Inf
[157]        -Inf         Inf        -Inf         Inf         Inf        -Inf
[163]         NaN        -Inf        -Inf        -Inf        -Inf         Inf
[169]         Inf         Inf         NaN        -Inf        -Inf        -Inf
[175]        -Inf         Inf         Inf         Inf         NaN         NaN
[181]         Inf         NaN        -Inf        -Inf        -Inf         Inf
[187]        -Inf         NaN         Inf         Inf        -Inf         NaN
[193]         Inf         NaN        -Inf        -Inf        -Inf         NaN
[199]         Inf         Inf         Inf        -Inf         Inf        -Inf
[205]         NaN         Inf
