final values in 1th iteration
  [1]  3.274926e-01  9.926193e-01  4.993137e+00  2.660860e+00  1.696304e+00
  [6] -2.769689e-01  0.000000e+00  1.055108e-02 -3.932511e-05  0.000000e+00
 [11]  0.000000e+00  0.000000e+00  0.000000e+00  0.000000e+00  0.000000e+00
 [16]  0.000000e+00  0.000000e+00  0.000000e+00  0.000000e+00  0.000000e+00
 [21]  0.000000e+00  0.000000e+00  0.000000e+00  0.000000e+00  0.000000e+00
 [26]  0.000000e+00  0.000000e+00  0.000000e+00  0.000000e+00  0.000000e+00
 [31]  0.000000e+00  7.917982e-04  0.000000e+00  0.000000e+00  0.000000e+00
 [36]  0.000000e+00  0.000000e+00  0.000000e+00  0.000000e+00  0.000000e+00
 [41]  0.000000e+00  0.000000e+00  0.000000e+00  0.000000e+00  0.000000e+00
 [46]  0.000000e+00  0.000000e+00  0.000000e+00  0.000000e+00  2.663831e-02
 [51]  0.000000e+00  0.000000e+00  0.000000e+00  0.000000e+00  0.000000e+00
 [56]  0.000000e+00  0.000000e+00  0.000000e+00  0.000000e+00  0.000000e+00
 [61]  1.354205e-03  0.000000e+00  0.000000e+00  0.000000e+00  0.000000e+00
 [66]  0.000000e+00  0.000000e+00  0.000000e+00  0.000000e+00  0.000000e+00
 [71]  0.000000e+00  0.000000e+00  0.000000e+00  0.000000e+00  2.524378e-02
 [76]  0.000000e+00  0.000000e+00  0.000000e+00  0.000000e+00  0.000000e+00
 [81]  0.000000e+00  0.000000e+00  0.000000e+00  0.000000e+00  0.000000e+00
 [86]  0.000000e+00  0.000000e+00  0.000000e+00  0.000000e+00  0.000000e+00
 [91]  0.000000e+00  0.000000e+00 -1.272851e-05  0.000000e+00  0.000000e+00
 [96] -5.465550e-02  5.525239e-02  0.000000e+00  0.000000e+00  0.000000e+00
[101]  0.000000e+00  0.000000e+00  0.000000e+00  0.000000e+00  0.000000e+00
[106]  0.000000e+00  0.000000e+00  0.000000e+00 -2.892631e-05  0.000000e+00
[111]  0.000000e+00  0.000000e+00  0.000000e+00  0.000000e+00  2.106629e-07
[116]  0.000000e+00  0.000000e+00  0.000000e+00  0.000000e+00  0.000000e+00
[121]  0.000000e+00  0.000000e+00  0.000000e+00  0.000000e+00  0.000000e+00
[126]  0.000000e+00  0.000000e+00  0.000000e+00  0.000000e+00  0.000000e+00
[131]  0.000000e+00  0.000000e+00  0.000000e+00 -1.043391e-03  0.000000e+00
[136]  0.000000e+00 -5.155176e-02  0.000000e+00  0.000000e+00  0.000000e+00
[141]  2.852939e-04  0.000000e+00  0.000000e+00  0.000000e+00  0.000000e+00
[146]  0.000000e+00  0.000000e+00 -2.182488e-04  0.000000e+00  0.000000e+00
[151]  0.000000e+00  0.000000e+00  0.000000e+00  0.000000e+00  0.000000e+00
[156] -2.799223e-04  0.000000e+00  0.000000e+00 -1.566687e-02  0.000000e+00
[161]  0.000000e+00  0.000000e+00  0.000000e+00 -9.660496e-03  0.000000e+00
[166]  0.000000e+00  0.000000e+00  0.000000e+00  2.557509e-02  0.000000e+00
[171]  0.000000e+00  0.000000e+00 -3.407980e-03  0.000000e+00  0.000000e+00
[176]  0.000000e+00  0.000000e+00  0.000000e+00  0.000000e+00  0.000000e+00
[181]  0.000000e+00  0.000000e+00  0.000000e+00  0.000000e+00  0.000000e+00
[186]  0.000000e+00  0.000000e+00  0.000000e+00  0.000000e+00  0.000000e+00
[191]  0.000000e+00  0.000000e+00  0.000000e+00  0.000000e+00  0.000000e+00
[196]  0.000000e+00 -3.439176e-06  0.000000e+00  0.000000e+00  0.000000e+00
[201]  0.000000e+00 -8.312620e-02  0.000000e+00  0.000000e+00  0.000000e+00
[206]  0.000000e+00
final values in 2th iteration
  [1]  4.081823e-01  1.320810e+00  4.828594e+00  2.839851e+00  1.837569e+00
  [6] -4.016835e-01  0.000000e+00  0.000000e+00  0.000000e+00  0.000000e+00
 [11]  0.000000e+00  0.000000e+00  0.000000e+00  0.000000e+00  0.000000e+00
 [16]  0.000000e+00  1.373905e-03  0.000000e+00  0.000000e+00  0.000000e+00
 [21]  0.000000e+00  0.000000e+00 -4.853204e-04  0.000000e+00  0.000000e+00
 [26]  0.000000e+00  4.908858e-04  0.000000e+00  0.000000e+00  0.000000e+00
 [31]  0.000000e+00  0.000000e+00  0.000000e+00  0.000000e+00  0.000000e+00
 [36]  0.000000e+00  0.000000e+00  0.000000e+00  0.000000e+00  0.000000e+00
 [41]  0.000000e+00  0.000000e+00  0.000000e+00  1.863135e-05  0.000000e+00
 [46] -1.821597e-06  0.000000e+00  0.000000e+00  0.000000e+00  0.000000e+00
 [51]  0.000000e+00  0.000000e+00  0.000000e+00  0.000000e+00  0.000000e+00
 [56]  0.000000e+00  0.000000e+00  0.000000e+00  0.000000e+00  0.000000e+00
 [61]  0.000000e+00  0.000000e+00  0.000000e+00  0.000000e+00  0.000000e+00
 [66]  0.000000e+00  0.000000e+00  0.000000e+00  0.000000e+00  2.443534e-02
 [71]  0.000000e+00  0.000000e+00  0.000000e+00  0.000000e+00  0.000000e+00
 [76]  0.000000e+00  0.000000e+00  0.000000e+00  5.879655e-03  0.000000e+00
 [81]  6.729491e-02  0.000000e+00  0.000000e+00  0.000000e+00  0.000000e+00
 [86]  0.000000e+00  0.000000e+00  0.000000e+00  0.000000e+00  0.000000e+00
 [91]  0.000000e+00  0.000000e+00  0.000000e+00  0.000000e+00  0.000000e+00
 [96]  0.000000e+00  0.000000e+00  0.000000e+00  0.000000e+00  0.000000e+00
[101]  0.000000e+00  0.000000e+00 -1.315126e-02  0.000000e+00  0.000000e+00
[106]  0.000000e+00  0.000000e+00 -8.729517e-06  0.000000e+00  0.000000e+00
[111]  0.000000e+00  0.000000e+00  0.000000e+00  0.000000e+00  0.000000e+00
[116]  0.000000e+00 -2.879267e-03  0.000000e+00  0.000000e+00  0.000000e+00
[121]  0.000000e+00  0.000000e+00  0.000000e+00  0.000000e+00  0.000000e+00
[126]  0.000000e+00  0.000000e+00  0.000000e+00  0.000000e+00  0.000000e+00
[131]  0.000000e+00  0.000000e+00  0.000000e+00  0.000000e+00  0.000000e+00
[136]  0.000000e+00  0.000000e+00  0.000000e+00  0.000000e+00  0.000000e+00
[141]  9.988005e-04  0.000000e+00  0.000000e+00  0.000000e+00  0.000000e+00
[146]  0.000000e+00  0.000000e+00  0.000000e+00  1.586024e-05  0.000000e+00
[151] -1.358023e-06  0.000000e+00  0.000000e+00  0.000000e+00  0.000000e+00
[156]  0.000000e+00  0.000000e+00  3.395979e-02  0.000000e+00  0.000000e+00
[161]  0.000000e+00  0.000000e+00  0.000000e+00  0.000000e+00 -3.100667e-03
[166]  0.000000e+00  0.000000e+00  0.000000e+00  0.000000e+00  0.000000e+00
[171]  0.000000e+00  0.000000e+00  0.000000e+00  0.000000e+00  0.000000e+00
[176]  0.000000e+00  0.000000e+00  0.000000e+00  0.000000e+00  0.000000e+00
[181]  0.000000e+00  0.000000e+00  0.000000e+00  0.000000e+00  0.000000e+00
[186]  0.000000e+00  0.000000e+00  0.000000e+00  0.000000e+00  0.000000e+00
[191]  0.000000e+00  0.000000e+00  0.000000e+00  0.000000e+00  0.000000e+00
[196]  0.000000e+00  0.000000e+00  0.000000e+00  0.000000e+00  0.000000e+00
[201]  0.000000e+00  0.000000e+00  0.000000e+00  0.000000e+00  0.000000e+00
[206]  0.000000e+00
[1] "broken"
final values in 3th iteration
  [1]  3.170200e-01  1.114022e+00  4.782265e+00  2.890218e+00  1.780205e+00
  [6] -3.976255e-01  0.000000e+00  0.000000e+00  0.000000e+00  0.000000e+00
 [11]  0.000000e+00  8.400912e-03  0.000000e+00  0.000000e+00  0.000000e+00
 [16] -4.859474e-05  0.000000e+00  0.000000e+00  0.000000e+00  0.000000e+00
 [21]  2.688778e-05 -1.193510e-02  0.000000e+00  0.000000e+00  0.000000e+00
 [26]  0.000000e+00  0.000000e+00  0.000000e+00  0.000000e+00  0.000000e+00
 [31]  0.000000e+00 -1.974799e-02  0.000000e+00  0.000000e+00  0.000000e+00
 [36]  0.000000e+00  0.000000e+00  0.000000e+00 -3.235773e-03  0.000000e+00
 [41]  0.000000e+00  3.614084e-02 -3.118936e-04  0.000000e+00  0.000000e+00
 [46]  0.000000e+00  0.000000e+00  0.000000e+00  0.000000e+00  0.000000e+00
 [51]  0.000000e+00  0.000000e+00  0.000000e+00  0.000000e+00  0.000000e+00
 [56]  0.000000e+00  0.000000e+00  2.279162e-05  0.000000e+00  0.000000e+00
 [61]  0.000000e+00 -4.641153e-02  0.000000e+00  0.000000e+00  0.000000e+00
 [66]  0.000000e+00  0.000000e+00  0.000000e+00  0.000000e+00  0.000000e+00
 [71]  0.000000e+00  0.000000e+00  0.000000e+00 -2.596434e-02  0.000000e+00
 [76]  1.800101e-02  0.000000e+00  0.000000e+00  0.000000e+00  0.000000e+00
 [81]  0.000000e+00  0.000000e+00  0.000000e+00  0.000000e+00  0.000000e+00
 [86]  0.000000e+00  0.000000e+00  0.000000e+00  0.000000e+00  0.000000e+00
 [91]  0.000000e+00  0.000000e+00  0.000000e+00  0.000000e+00  3.122798e-02
 [96]  0.000000e+00  0.000000e+00  0.000000e+00  0.000000e+00  0.000000e+00
[101]  0.000000e+00  0.000000e+00  0.000000e+00  0.000000e+00  0.000000e+00
[106]  0.000000e+00  0.000000e+00  0.000000e+00  0.000000e+00  1.797928e-02
[111]  0.000000e+00  0.000000e+00  0.000000e+00  0.000000e+00 -1.060663e-01
[116]  0.000000e+00  0.000000e+00  0.000000e+00  0.000000e+00  2.210957e-02
[121]  0.000000e+00  0.000000e+00  3.834964e-03  0.000000e+00  0.000000e+00
[126]  0.000000e+00  0.000000e+00  0.000000e+00  0.000000e+00  0.000000e+00
[131]  0.000000e+00  0.000000e+00  0.000000e+00  0.000000e+00  0.000000e+00
[136] -1.909804e-02  0.000000e+00  0.000000e+00  0.000000e+00  0.000000e+00
[141]  0.000000e+00  0.000000e+00  0.000000e+00  0.000000e+00  0.000000e+00
[146]  0.000000e+00  0.000000e+00  1.849938e-04  0.000000e+00  0.000000e+00
[151]  0.000000e+00  0.000000e+00  0.000000e+00 -8.177481e-03  0.000000e+00
[156]  0.000000e+00  0.000000e+00  0.000000e+00  0.000000e+00  0.000000e+00
[161]  0.000000e+00  0.000000e+00  0.000000e+00 -1.007275e-02  0.000000e+00
[166]  0.000000e+00 -3.809721e-03  0.000000e+00  0.000000e+00  9.948130e-05
[171]  0.000000e+00  0.000000e+00  0.000000e+00  0.000000e+00  0.000000e+00
[176]  0.000000e+00  0.000000e+00  0.000000e+00  0.000000e+00  0.000000e+00
[181]  0.000000e+00  0.000000e+00 -2.729699e-04  0.000000e+00  0.000000e+00
[186]  0.000000e+00  0.000000e+00  0.000000e+00  4.333907e-02 -4.418184e-05
[191] -1.012500e-01  0.000000e+00  0.000000e+00  0.000000e+00  0.000000e+00
[196]  0.000000e+00  0.000000e+00  0.000000e+00  0.000000e+00  0.000000e+00
[201]  0.000000e+00  0.000000e+00  0.000000e+00  0.000000e+00  0.000000e+00
[206]  0.000000e+00
final values in 4th iteration
  [1]  3.200815e-01  1.253249e+00  4.774257e+00  2.618075e+00  1.786556e+00
  [6] -3.836661e-01  0.000000e+00  0.000000e+00  0.000000e+00  0.000000e+00
 [11]  3.249908e-04  3.542944e-02  0.000000e+00  0.000000e+00  0.000000e+00
 [16]  0.000000e+00  0.000000e+00  0.000000e+00  0.000000e+00  0.000000e+00
 [21]  0.000000e+00  0.000000e+00  1.123700e-04  0.000000e+00  0.000000e+00
 [26]  0.000000e+00  0.000000e+00  0.000000e+00  0.000000e+00  0.000000e+00
 [31]  0.000000e+00  0.000000e+00  0.000000e+00  0.000000e+00  0.000000e+00
 [36]  0.000000e+00  5.705594e-02  0.000000e+00  0.000000e+00  0.000000e+00
 [41]  0.000000e+00  0.000000e+00  0.000000e+00  2.081238e-03  0.000000e+00
 [46]  0.000000e+00  0.000000e+00 -1.111221e-02  0.000000e+00  0.000000e+00
 [51]  0.000000e+00  0.000000e+00  0.000000e+00  0.000000e+00  5.039886e-03
 [56]  0.000000e+00  0.000000e+00  0.000000e+00  0.000000e+00  0.000000e+00
 [61]  0.000000e+00  0.000000e+00  0.000000e+00  0.000000e+00  0.000000e+00
 [66]  0.000000e+00  0.000000e+00  0.000000e+00  0.000000e+00  0.000000e+00
 [71]  0.000000e+00  0.000000e+00  0.000000e+00  0.000000e+00  0.000000e+00
 [76]  0.000000e+00  0.000000e+00  0.000000e+00  2.291041e-02  0.000000e+00
 [81]  0.000000e+00  0.000000e+00  0.000000e+00  0.000000e+00  0.000000e+00
 [86]  0.000000e+00  0.000000e+00  0.000000e+00  0.000000e+00 -1.341398e-05
 [91]  0.000000e+00  0.000000e+00  0.000000e+00  0.000000e+00  0.000000e+00
 [96]  0.000000e+00  0.000000e+00  0.000000e+00 -1.062096e-02  0.000000e+00
[101]  0.000000e+00  0.000000e+00  0.000000e+00  0.000000e+00  0.000000e+00
[106]  0.000000e+00 -3.256557e-02  0.000000e+00  0.000000e+00  0.000000e+00
[111]  0.000000e+00  0.000000e+00  0.000000e+00  0.000000e+00  0.000000e+00
[116]  0.000000e+00  0.000000e+00  0.000000e+00  0.000000e+00  0.000000e+00
[121] -1.000607e-02  0.000000e+00 -2.704981e-02  0.000000e+00  0.000000e+00
[126]  0.000000e+00  2.013340e-05  0.000000e+00 -4.323802e-02  0.000000e+00
[131]  0.000000e+00  0.000000e+00  0.000000e+00  0.000000e+00  0.000000e+00
[136]  0.000000e+00  0.000000e+00  0.000000e+00  0.000000e+00  0.000000e+00
[141]  0.000000e+00  0.000000e+00  0.000000e+00  0.000000e+00  0.000000e+00
[146]  0.000000e+00  0.000000e+00  0.000000e+00  0.000000e+00 -8.230716e-05
[151]  0.000000e+00  0.000000e+00  0.000000e+00  0.000000e+00  0.000000e+00
[156]  0.000000e+00  0.000000e+00  0.000000e+00  0.000000e+00  0.000000e+00
[161]  5.720345e-05  0.000000e+00  0.000000e+00 -2.626521e-03  0.000000e+00
[166]  0.000000e+00  0.000000e+00  0.000000e+00  0.000000e+00  0.000000e+00
[171]  0.000000e+00  0.000000e+00 -1.452877e-02  0.000000e+00  0.000000e+00
[176]  0.000000e+00  1.297143e-01  0.000000e+00  0.000000e+00  0.000000e+00
[181]  0.000000e+00  0.000000e+00  0.000000e+00  0.000000e+00  0.000000e+00
[186]  5.660172e-02  0.000000e+00  0.000000e+00  0.000000e+00  0.000000e+00
[191]  0.000000e+00  0.000000e+00  0.000000e+00  0.000000e+00  0.000000e+00
[196] -2.642274e-02  0.000000e+00  0.000000e+00  0.000000e+00  0.000000e+00
[201]  0.000000e+00  0.000000e+00  0.000000e+00 -1.092269e-01  0.000000e+00
[206]  0.000000e+00
[1] "broken"
final values in 5th iteration
  [1]  4.245872e-01  1.300182e+00  4.953764e+00  2.819342e+00  1.799223e+00
  [6] -2.482534e-01  0.000000e+00  0.000000e+00  0.000000e+00  2.238885e-05
 [11]  0.000000e+00  0.000000e+00  0.000000e+00  0.000000e+00  0.000000e+00
 [16] -7.627769e-05  0.000000e+00  0.000000e+00  0.000000e+00  0.000000e+00
 [21]  0.000000e+00  0.000000e+00  0.000000e+00  0.000000e+00  0.000000e+00
 [26]  0.000000e+00  0.000000e+00  4.229067e-04  0.000000e+00  0.000000e+00
 [31]  0.000000e+00  0.000000e+00  0.000000e+00  0.000000e+00  0.000000e+00
 [36]  0.000000e+00  0.000000e+00  0.000000e+00  0.000000e+00  0.000000e+00
 [41]  0.000000e+00  0.000000e+00  0.000000e+00  3.909902e-05  0.000000e+00
 [46]  0.000000e+00  0.000000e+00  0.000000e+00  0.000000e+00  0.000000e+00
 [51] -6.095093e-02  0.000000e+00  0.000000e+00  0.000000e+00  0.000000e+00
 [56]  0.000000e+00  0.000000e+00  0.000000e+00  0.000000e+00  0.000000e+00
 [61]  0.000000e+00  0.000000e+00  0.000000e+00  0.000000e+00  0.000000e+00
 [66]  0.000000e+00  0.000000e+00  0.000000e+00  0.000000e+00  0.000000e+00
 [71]  3.508207e-03  0.000000e+00  0.000000e+00  0.000000e+00  0.000000e+00
 [76] -1.948168e-02  0.000000e+00  0.000000e+00  0.000000e+00  0.000000e+00
 [81]  0.000000e+00  0.000000e+00  4.971358e-02  0.000000e+00  0.000000e+00
 [86]  0.000000e+00  0.000000e+00  0.000000e+00  0.000000e+00  0.000000e+00
 [91]  0.000000e+00  0.000000e+00  0.000000e+00  0.000000e+00  0.000000e+00
 [96]  0.000000e+00  0.000000e+00  0.000000e+00  0.000000e+00  0.000000e+00
[101]  0.000000e+00 -6.700669e-07  0.000000e+00  0.000000e+00  2.476392e-03
[106]  0.000000e+00  0.000000e+00  0.000000e+00  0.000000e+00  0.000000e+00
[111]  1.003860e-03  0.000000e+00  0.000000e+00  0.000000e+00  0.000000e+00
[116]  0.000000e+00  0.000000e+00  0.000000e+00  0.000000e+00  0.000000e+00
[121]  0.000000e+00  0.000000e+00  0.000000e+00  0.000000e+00  0.000000e+00
[126]  0.000000e+00  0.000000e+00  0.000000e+00  0.000000e+00  0.000000e+00
[131]  0.000000e+00  0.000000e+00  0.000000e+00  0.000000e+00  0.000000e+00
[136]  0.000000e+00  0.000000e+00  0.000000e+00  0.000000e+00  0.000000e+00
[141]  0.000000e+00  0.000000e+00  7.758377e-04  0.000000e+00  0.000000e+00
[146]  0.000000e+00  0.000000e+00 -8.185154e-06  0.000000e+00  0.000000e+00
[151]  0.000000e+00  6.143002e-03  0.000000e+00  0.000000e+00  0.000000e+00
[156]  0.000000e+00  0.000000e+00  0.000000e+00  0.000000e+00  0.000000e+00
[161]  0.000000e+00  0.000000e+00  0.000000e+00  0.000000e+00  0.000000e+00
[166]  0.000000e+00  0.000000e+00  0.000000e+00  0.000000e+00  0.000000e+00
[171]  0.000000e+00  0.000000e+00  0.000000e+00  0.000000e+00  0.000000e+00
[176]  2.948689e-03  2.281040e-02  0.000000e+00  0.000000e+00  0.000000e+00
[181]  0.000000e+00  0.000000e+00  0.000000e+00  0.000000e+00  3.684846e-05
[186]  0.000000e+00 -5.160478e-03  0.000000e+00 -7.384876e-02  0.000000e+00
[191]  0.000000e+00  0.000000e+00  0.000000e+00  0.000000e+00  0.000000e+00
[196]  0.000000e+00  0.000000e+00  0.000000e+00  0.000000e+00  0.000000e+00
[201]  0.000000e+00  0.000000e+00  0.000000e+00  0.000000e+00  0.000000e+00
[206]  1.332943e-02
final values in 6th iteration
  [1]  4.208851e-01  1.427086e+00  5.014697e+00  2.843915e+00  1.816241e+00
  [6] -3.758703e-01  0.000000e+00  0.000000e+00  0.000000e+00  0.000000e+00
 [11]  0.000000e+00  0.000000e+00  0.000000e+00  0.000000e+00  0.000000e+00
 [16]  0.000000e+00  0.000000e+00  0.000000e+00  0.000000e+00  0.000000e+00
 [21] -2.980924e-02  0.000000e+00  0.000000e+00  0.000000e+00  0.000000e+00
 [26]  0.000000e+00  0.000000e+00  0.000000e+00  0.000000e+00  0.000000e+00
 [31]  0.000000e+00  0.000000e+00  0.000000e+00  0.000000e+00  0.000000e+00
 [36]  0.000000e+00  0.000000e+00  0.000000e+00  0.000000e+00  0.000000e+00
 [41]  0.000000e+00  0.000000e+00  0.000000e+00  0.000000e+00  0.000000e+00
 [46]  0.000000e+00  0.000000e+00  0.000000e+00  0.000000e+00  0.000000e+00
 [51] -7.803190e-02  0.000000e+00  0.000000e+00  0.000000e+00  0.000000e+00
 [56]  0.000000e+00  0.000000e+00  0.000000e+00  0.000000e+00  0.000000e+00
 [61]  0.000000e+00 -4.253496e-02  2.031807e-02  0.000000e+00  0.000000e+00
 [66] -5.176209e-06  0.000000e+00  0.000000e+00 -9.959735e-04  0.000000e+00
 [71]  0.000000e+00  0.000000e+00  0.000000e+00  0.000000e+00  0.000000e+00
 [76]  0.000000e+00  0.000000e+00  0.000000e+00  0.000000e+00  0.000000e+00
 [81]  0.000000e+00  0.000000e+00  0.000000e+00  0.000000e+00  0.000000e+00
 [86]  0.000000e+00  0.000000e+00  0.000000e+00 -4.511696e-06  0.000000e+00
 [91]  0.000000e+00  0.000000e+00 -1.842441e-06  0.000000e+00  0.000000e+00
 [96]  0.000000e+00  0.000000e+00  0.000000e+00  0.000000e+00  0.000000e+00
[101]  0.000000e+00  0.000000e+00  0.000000e+00  0.000000e+00  0.000000e+00
[106]  0.000000e+00  0.000000e+00  0.000000e+00  6.710072e-09  0.000000e+00
[111]  0.000000e+00  0.000000e+00  5.240006e-04  0.000000e+00  0.000000e+00
[116]  0.000000e+00  0.000000e+00  0.000000e+00  0.000000e+00  0.000000e+00
[121]  0.000000e+00  0.000000e+00  0.000000e+00  0.000000e+00  0.000000e+00
[126]  0.000000e+00  0.000000e+00  0.000000e+00  0.000000e+00  0.000000e+00
[131] -5.490447e-03  0.000000e+00  0.000000e+00  0.000000e+00  0.000000e+00
[136]  0.000000e+00  0.000000e+00  0.000000e+00  0.000000e+00  0.000000e+00
[141]  0.000000e+00  0.000000e+00  0.000000e+00  0.000000e+00  0.000000e+00
[146]  0.000000e+00 -8.166283e-04  6.577923e-03  0.000000e+00  0.000000e+00
[151]  0.000000e+00  0.000000e+00  0.000000e+00  0.000000e+00  0.000000e+00
[156]  0.000000e+00  0.000000e+00  0.000000e+00  0.000000e+00  0.000000e+00
[161]  0.000000e+00  0.000000e+00  0.000000e+00  0.000000e+00  0.000000e+00
[166]  0.000000e+00  0.000000e+00  0.000000e+00  0.000000e+00  0.000000e+00
[171]  0.000000e+00  0.000000e+00  0.000000e+00  0.000000e+00  0.000000e+00
[176]  0.000000e+00  0.000000e+00  0.000000e+00  0.000000e+00  0.000000e+00
[181]  0.000000e+00  0.000000e+00  0.000000e+00  0.000000e+00  0.000000e+00
[186]  0.000000e+00  0.000000e+00  0.000000e+00  1.006584e-06  0.000000e+00
[191]  0.000000e+00  0.000000e+00  0.000000e+00  0.000000e+00  0.000000e+00
[196]  0.000000e+00  0.000000e+00  0.000000e+00  0.000000e+00  0.000000e+00
[201]  0.000000e+00  0.000000e+00  0.000000e+00  0.000000e+00  0.000000e+00
[206]  0.000000e+00
[1] "broken"
final values in 7th iteration
  [1]  3.554217e-01  1.539657e+00  4.980474e+00  2.728196e+00  1.738024e+00
  [6] -2.964560e-01  0.000000e+00 -4.256977e-02  0.000000e+00  0.000000e+00
 [11]  0.000000e+00  0.000000e+00  3.507526e-02  0.000000e+00  0.000000e+00
 [16]  0.000000e+00  0.000000e+00  0.000000e+00  0.000000e+00  1.138947e-04
 [21]  0.000000e+00 -5.945414e-02  0.000000e+00  0.000000e+00  0.000000e+00
 [26]  0.000000e+00  0.000000e+00 -4.253436e-05  4.915953e-05  0.000000e+00
 [31]  0.000000e+00  0.000000e+00  0.000000e+00  0.000000e+00  0.000000e+00
 [36]  3.770593e-03  0.000000e+00  0.000000e+00  0.000000e+00 -4.114698e-02
 [41]  0.000000e+00  0.000000e+00  0.000000e+00 -1.295530e-04  0.000000e+00
 [46]  1.873117e-04  0.000000e+00  0.000000e+00  0.000000e+00  0.000000e+00
 [51]  0.000000e+00  0.000000e+00  0.000000e+00  0.000000e+00  0.000000e+00
 [56]  0.000000e+00  0.000000e+00  0.000000e+00 -9.120248e-03  0.000000e+00
 [61]  0.000000e+00  0.000000e+00  0.000000e+00  0.000000e+00 -1.261967e-02
 [66]  0.000000e+00  0.000000e+00  0.000000e+00  0.000000e+00  0.000000e+00
 [71]  0.000000e+00  0.000000e+00  0.000000e+00  0.000000e+00  0.000000e+00
 [76]  0.000000e+00  0.000000e+00  0.000000e+00  0.000000e+00 -1.160320e-02
 [81]  0.000000e+00  0.000000e+00  0.000000e+00  4.966149e-06 -5.418909e-03
 [86]  0.000000e+00  9.957189e-03  0.000000e+00  0.000000e+00  0.000000e+00
 [91]  0.000000e+00  0.000000e+00  0.000000e+00  0.000000e+00  0.000000e+00
 [96]  0.000000e+00  0.000000e+00  0.000000e+00  0.000000e+00  0.000000e+00
[101]  0.000000e+00  0.000000e+00  0.000000e+00  0.000000e+00  0.000000e+00
[106]  0.000000e+00  1.564031e-03  0.000000e+00  0.000000e+00  0.000000e+00
[111]  0.000000e+00  0.000000e+00  0.000000e+00  0.000000e+00  0.000000e+00
[116]  0.000000e+00  2.630419e-02  0.000000e+00  0.000000e+00  0.000000e+00
[121]  0.000000e+00  0.000000e+00  0.000000e+00  0.000000e+00  0.000000e+00
[126]  0.000000e+00 -3.702414e-04  0.000000e+00  0.000000e+00  0.000000e+00
[131]  0.000000e+00  0.000000e+00  0.000000e+00  0.000000e+00 -3.506312e-06
[136]  0.000000e+00  0.000000e+00  0.000000e+00  0.000000e+00  0.000000e+00
[141]  0.000000e+00  0.000000e+00  0.000000e+00  0.000000e+00  0.000000e+00
[146]  0.000000e+00  0.000000e+00  0.000000e+00  0.000000e+00 -2.081769e-02
[151]  0.000000e+00  0.000000e+00  0.000000e+00  0.000000e+00 -1.550400e-02
[156]  0.000000e+00  0.000000e+00  0.000000e+00  0.000000e+00  1.211440e-05
[161]  0.000000e+00  0.000000e+00  0.000000e+00  0.000000e+00  0.000000e+00
[166]  0.000000e+00  0.000000e+00  0.000000e+00  0.000000e+00  0.000000e+00
[171]  0.000000e+00  0.000000e+00  0.000000e+00  0.000000e+00  0.000000e+00
[176]  0.000000e+00  0.000000e+00  0.000000e+00  0.000000e+00  0.000000e+00
[181]  5.151047e-02  0.000000e+00 -1.097468e-01  0.000000e+00  0.000000e+00
[186]  0.000000e+00  0.000000e+00  0.000000e+00  0.000000e+00  0.000000e+00
[191]  0.000000e+00  0.000000e+00  0.000000e+00  0.000000e+00  0.000000e+00
[196]  1.221368e-02  0.000000e+00  0.000000e+00  0.000000e+00  0.000000e+00
[201]  0.000000e+00  0.000000e+00  0.000000e+00  0.000000e+00  0.000000e+00
[206]  0.000000e+00
final values in 8th iteration
  [1]  0.443660666  1.276377535  4.985166359  2.867362898  1.872969334
  [6] -0.364333955  0.000000000  0.046596756  0.000000000  0.000000000
 [11]  0.000000000  0.000000000  0.000000000  0.000000000  0.000000000
 [16]  0.000000000  0.000000000  0.000000000  0.000000000  0.000000000
 [21]  0.000000000  0.000000000 -0.021221515  0.000000000  0.000000000
 [26]  0.000000000  0.062631135  0.000000000  0.000000000  0.000000000
 [31]  0.000000000  0.000000000  0.000000000  0.000000000  0.000000000
 [36]  0.000000000  0.000000000  0.000000000  0.000000000  0.000000000
 [41]  0.000000000  0.000000000  0.000000000  0.000000000  0.000000000
 [46]  0.000000000  0.000000000  0.000000000 -0.011535276  0.000000000
 [51]  0.000000000  0.000000000  0.000000000  0.000000000  0.000000000
 [56]  0.000000000  0.000000000  0.000000000  0.000000000  0.000000000
 [61]  0.000000000  0.000000000  0.000000000  0.000000000  0.000000000
 [66]  0.000000000  0.000000000  0.000000000  0.000000000  0.000000000
 [71]  0.012136098  0.000000000  0.000000000  0.000000000 -0.004077833
 [76]  0.000000000  0.000000000  0.000000000  0.000000000  0.000000000
 [81]  0.000000000  0.000000000  0.000000000  0.000000000 -0.001153875
 [86]  0.000000000  0.000000000  0.000000000  0.000000000  0.000000000
 [91]  0.000000000  0.000000000  0.010646245  0.000000000  0.000000000
 [96]  0.000000000  0.000000000  0.000000000  0.000000000  0.000000000
[101]  0.000000000  0.000000000  0.000000000  0.000000000  0.025924692
[106]  0.000000000  0.000000000  0.000000000  0.000000000  0.000000000
[111]  0.000000000  0.000000000  0.000000000  0.000000000  0.000000000
[116]  0.000000000  0.000000000  0.000000000  0.000000000  0.000000000
[121]  0.000000000  0.000000000  0.000000000  0.000000000  0.000000000
[126]  0.000000000  0.000000000  0.000000000  0.000000000  0.000000000
[131]  0.000000000  0.000000000  0.000000000 -0.003253639  0.000000000
[136]  0.000000000  0.000000000  0.000000000  0.000000000  0.000000000
[141]  0.000000000  0.000000000  0.000000000  0.000000000  0.000000000
[146]  0.000000000  0.000000000  0.000000000  0.000000000  0.000000000
[151]  0.000000000  0.000000000  0.000000000  0.000000000  0.000000000
[156]  0.000000000  0.000000000  0.000000000  0.000000000  0.000000000
[161]  0.000000000  0.000000000  0.000000000  0.000000000  0.000000000
[166]  0.000000000  0.000000000  0.008428700  0.000000000  0.000000000
[171]  0.000000000  0.000000000  0.000000000  0.000000000  0.000000000
[176]  0.000000000  0.000000000  0.000000000  0.000000000  0.000000000
[181]  0.000000000  0.000000000  0.000000000  0.000000000 -0.013961706
[186]  0.000000000  0.000000000  0.000000000  0.000000000  0.000000000
[191]  0.000000000  0.000000000  0.000000000  0.000000000  0.000000000
[196]  0.000000000  0.000000000  0.000000000  0.000000000  0.000000000
[201]  0.000000000  0.000000000  0.000000000  0.000000000  0.000000000
[206]  0.000000000
final values in 9th iteration
  [1]  3.780554e-01  1.498180e+00  4.898635e+00  2.995710e+00  1.832268e+00
  [6] -3.152173e-01  3.545703e-02  0.000000e+00  0.000000e+00  0.000000e+00
 [11]  0.000000e+00  0.000000e+00  0.000000e+00  0.000000e+00  0.000000e+00
 [16]  0.000000e+00  0.000000e+00  0.000000e+00  0.000000e+00  0.000000e+00
 [21]  0.000000e+00  0.000000e+00  0.000000e+00  0.000000e+00  0.000000e+00
 [26]  0.000000e+00  0.000000e+00  0.000000e+00  0.000000e+00  0.000000e+00
 [31]  0.000000e+00  0.000000e+00  0.000000e+00  0.000000e+00  0.000000e+00
 [36]  0.000000e+00  0.000000e+00  0.000000e+00  0.000000e+00  0.000000e+00
 [41]  2.112651e-02  0.000000e+00  0.000000e+00  0.000000e+00  0.000000e+00
 [46]  0.000000e+00  0.000000e+00  0.000000e+00 -3.052989e-02  0.000000e+00
 [51]  0.000000e+00  0.000000e+00  0.000000e+00  0.000000e+00  0.000000e+00
 [56]  0.000000e+00  0.000000e+00  0.000000e+00  0.000000e+00  0.000000e+00
 [61]  0.000000e+00  0.000000e+00  0.000000e+00  0.000000e+00  0.000000e+00
 [66]  0.000000e+00  0.000000e+00  0.000000e+00  0.000000e+00 -1.219201e-02
 [71]  0.000000e+00  0.000000e+00  0.000000e+00  0.000000e+00  0.000000e+00
 [76]  0.000000e+00  0.000000e+00  0.000000e+00  0.000000e+00  0.000000e+00
 [81]  0.000000e+00  0.000000e+00  0.000000e+00  0.000000e+00  0.000000e+00
 [86] -1.368002e-02  0.000000e+00  0.000000e+00  0.000000e+00  0.000000e+00
 [91]  0.000000e+00  0.000000e+00  0.000000e+00  0.000000e+00 -2.290955e-02
 [96]  0.000000e+00 -3.742068e-02  0.000000e+00  0.000000e+00  0.000000e+00
[101]  0.000000e+00  0.000000e+00  0.000000e+00  0.000000e+00  0.000000e+00
[106]  0.000000e+00  0.000000e+00  0.000000e+00  0.000000e+00  0.000000e+00
[111]  0.000000e+00  0.000000e+00  0.000000e+00  0.000000e+00  0.000000e+00
[116]  0.000000e+00  0.000000e+00  0.000000e+00  0.000000e+00  0.000000e+00
[121]  0.000000e+00  0.000000e+00  0.000000e+00  0.000000e+00  0.000000e+00
[126]  0.000000e+00  0.000000e+00  0.000000e+00  2.319569e-05  0.000000e+00
[131]  0.000000e+00  0.000000e+00  0.000000e+00  0.000000e+00  0.000000e+00
[136]  0.000000e+00  0.000000e+00  0.000000e+00  0.000000e+00  0.000000e+00
[141]  0.000000e+00  0.000000e+00  0.000000e+00 -2.199938e-04  0.000000e+00
[146]  0.000000e+00  0.000000e+00  0.000000e+00  0.000000e+00  0.000000e+00
[151]  0.000000e+00  0.000000e+00  0.000000e+00  0.000000e+00  0.000000e+00
[156]  0.000000e+00  0.000000e+00  0.000000e+00  0.000000e+00  0.000000e+00
[161]  0.000000e+00  0.000000e+00  0.000000e+00  0.000000e+00  0.000000e+00
[166] -1.255846e-02  0.000000e+00  0.000000e+00  0.000000e+00  0.000000e+00
[171]  0.000000e+00 -1.298187e-02  0.000000e+00  0.000000e+00  0.000000e+00
[176]  0.000000e+00  0.000000e+00  0.000000e+00  0.000000e+00  0.000000e+00
[181]  0.000000e+00  0.000000e+00  0.000000e+00  0.000000e+00  0.000000e+00
[186]  0.000000e+00  0.000000e+00  0.000000e+00  0.000000e+00  0.000000e+00
[191]  0.000000e+00  0.000000e+00  0.000000e+00  0.000000e+00  0.000000e+00
[196]  0.000000e+00  0.000000e+00  0.000000e+00  0.000000e+00  0.000000e+00
[201]  0.000000e+00  0.000000e+00  0.000000e+00  0.000000e+00  0.000000e+00
[206]  0.000000e+00
final values in 10th iteration
  [1]  3.602708e-01  1.458662e+00  4.995050e+00  2.828609e+00  1.954748e+00
  [6] -3.907159e-01 -1.456185e-02  0.000000e+00  0.000000e+00  0.000000e+00
 [11]  0.000000e+00  0.000000e+00  0.000000e+00  0.000000e+00  0.000000e+00
 [16]  1.466971e-03  0.000000e+00  0.000000e+00  0.000000e+00  0.000000e+00
 [21]  0.000000e+00  0.000000e+00  0.000000e+00  0.000000e+00  0.000000e+00
 [26]  0.000000e+00  0.000000e+00  0.000000e+00  0.000000e+00  0.000000e+00
 [31]  0.000000e+00  7.288266e-03  0.000000e+00  0.000000e+00  0.000000e+00
 [36]  0.000000e+00  0.000000e+00  0.000000e+00  0.000000e+00  0.000000e+00
 [41]  0.000000e+00  0.000000e+00  0.000000e+00  0.000000e+00  0.000000e+00
 [46]  0.000000e+00  0.000000e+00  0.000000e+00  0.000000e+00  0.000000e+00
 [51]  0.000000e+00  0.000000e+00  0.000000e+00  0.000000e+00  0.000000e+00
 [56]  0.000000e+00  0.000000e+00  0.000000e+00  0.000000e+00  0.000000e+00
 [61]  0.000000e+00  0.000000e+00  0.000000e+00 -5.963059e-03  0.000000e+00
 [66]  0.000000e+00  0.000000e+00  0.000000e+00  0.000000e+00  0.000000e+00
 [71]  0.000000e+00  0.000000e+00  0.000000e+00  0.000000e+00  0.000000e+00
 [76]  0.000000e+00  0.000000e+00  0.000000e+00  0.000000e+00  1.325697e-03
 [81]  0.000000e+00  0.000000e+00  0.000000e+00  0.000000e+00  0.000000e+00
 [86]  0.000000e+00  0.000000e+00  0.000000e+00  0.000000e+00  0.000000e+00
 [91]  0.000000e+00  0.000000e+00  0.000000e+00  0.000000e+00  0.000000e+00
 [96]  0.000000e+00  0.000000e+00  0.000000e+00  0.000000e+00  0.000000e+00
[101] -4.564968e-02  0.000000e+00  0.000000e+00  0.000000e+00  0.000000e+00
[106]  0.000000e+00  0.000000e+00  0.000000e+00 -2.988716e-03  0.000000e+00
[111]  0.000000e+00  0.000000e+00  0.000000e+00  0.000000e+00  0.000000e+00
[116]  0.000000e+00  0.000000e+00  0.000000e+00  0.000000e+00  0.000000e+00
[121]  0.000000e+00  4.242308e-03  0.000000e+00  0.000000e+00  0.000000e+00
[126]  0.000000e+00  0.000000e+00 -2.507294e-05  0.000000e+00  0.000000e+00
[131]  0.000000e+00  0.000000e+00  0.000000e+00  0.000000e+00  0.000000e+00
[136]  0.000000e+00  0.000000e+00  0.000000e+00  0.000000e+00  0.000000e+00
[141]  0.000000e+00  0.000000e+00  0.000000e+00  0.000000e+00  0.000000e+00
[146]  0.000000e+00  0.000000e+00  0.000000e+00  0.000000e+00  0.000000e+00
[151]  0.000000e+00  0.000000e+00  0.000000e+00  0.000000e+00  0.000000e+00
[156]  0.000000e+00  0.000000e+00  0.000000e+00  0.000000e+00  0.000000e+00
[161]  0.000000e+00  0.000000e+00  0.000000e+00  0.000000e+00  0.000000e+00
[166]  0.000000e+00  0.000000e+00  0.000000e+00  0.000000e+00  0.000000e+00
[171]  0.000000e+00  0.000000e+00  0.000000e+00 -3.786435e-02 -4.826023e-02
[176]  0.000000e+00  0.000000e+00  0.000000e+00  0.000000e+00  0.000000e+00
[181]  0.000000e+00  0.000000e+00  0.000000e+00  0.000000e+00  0.000000e+00
[186]  0.000000e+00  0.000000e+00  0.000000e+00  0.000000e+00  0.000000e+00
[191]  0.000000e+00  0.000000e+00  0.000000e+00  0.000000e+00  0.000000e+00
[196]  0.000000e+00  0.000000e+00  0.000000e+00  0.000000e+00  0.000000e+00
[201]  0.000000e+00  0.000000e+00  0.000000e+00  0.000000e+00  0.000000e+00
[206]  0.000000e+00
           [,1]      [,2]     [,3]     [,4]     [,5]       [,6]        [,7]
 [1,] 0.3274926 0.9926193 4.993137 2.660860 1.696304 -0.2769689  0.00000000
 [2,] 0.4081823 1.3208102 4.828594 2.839851 1.837569 -0.4016835  0.00000000
 [3,] 0.3170200 1.1140223 4.782265 2.890218 1.780205 -0.3976255  0.00000000
 [4,] 0.3200815 1.2532489 4.774257 2.618075 1.786556 -0.3836661  0.00000000
 [5,] 0.4245872 1.3001822 4.953764 2.819342 1.799223 -0.2482534  0.00000000
 [6,] 0.4208851 1.4270863 5.014697 2.843915 1.816241 -0.3758703  0.00000000
 [7,] 0.3554217 1.5396567 4.980474 2.728196 1.738024 -0.2964560  0.00000000
 [8,] 0.4436607 1.2763775 4.985166 2.867363 1.872969 -0.3643340  0.00000000
 [9,] 0.3780554 1.4981804 4.898635 2.995710 1.832268 -0.3152173  0.03545703
[10,] 0.3602708 1.4586620 4.995050 2.828609 1.954748 -0.3907159 -0.01456185
             [,8]          [,9]        [,10]        [,11]       [,12]
 [1,]  0.01055108 -3.932511e-05 0.000000e+00 0.0000000000 0.000000000
 [2,]  0.00000000  0.000000e+00 0.000000e+00 0.0000000000 0.000000000
 [3,]  0.00000000  0.000000e+00 0.000000e+00 0.0000000000 0.008400912
 [4,]  0.00000000  0.000000e+00 0.000000e+00 0.0003249908 0.035429441
 [5,]  0.00000000  0.000000e+00 2.238885e-05 0.0000000000 0.000000000
 [6,]  0.00000000  0.000000e+00 0.000000e+00 0.0000000000 0.000000000
 [7,] -0.04256977  0.000000e+00 0.000000e+00 0.0000000000 0.000000000
 [8,]  0.04659676  0.000000e+00 0.000000e+00 0.0000000000 0.000000000
 [9,]  0.00000000  0.000000e+00 0.000000e+00 0.0000000000 0.000000000
[10,]  0.00000000  0.000000e+00 0.000000e+00 0.0000000000 0.000000000
           [,13] [,14] [,15]         [,16]       [,17] [,18] [,19]        [,20]
 [1,] 0.00000000     0     0  0.000000e+00 0.000000000     0     0 0.0000000000
 [2,] 0.00000000     0     0  0.000000e+00 0.001373905     0     0 0.0000000000
 [3,] 0.00000000     0     0 -4.859474e-05 0.000000000     0     0 0.0000000000
 [4,] 0.00000000     0     0  0.000000e+00 0.000000000     0     0 0.0000000000
 [5,] 0.00000000     0     0 -7.627769e-05 0.000000000     0     0 0.0000000000
 [6,] 0.00000000     0     0  0.000000e+00 0.000000000     0     0 0.0000000000
 [7,] 0.03507526     0     0  0.000000e+00 0.000000000     0     0 0.0001138947
 [8,] 0.00000000     0     0  0.000000e+00 0.000000000     0     0 0.0000000000
 [9,] 0.00000000     0     0  0.000000e+00 0.000000000     0     0 0.0000000000
[10,] 0.00000000     0     0  1.466971e-03 0.000000000     0     0 0.0000000000
              [,21]       [,22]         [,23] [,24] [,25] [,26]        [,27]
 [1,]  0.000000e+00  0.00000000  0.0000000000     0     0     0 0.0000000000
 [2,]  0.000000e+00  0.00000000 -0.0004853204     0     0     0 0.0004908858
 [3,]  2.688778e-05 -0.01193510  0.0000000000     0     0     0 0.0000000000
 [4,]  0.000000e+00  0.00000000  0.0001123700     0     0     0 0.0000000000
 [5,]  0.000000e+00  0.00000000  0.0000000000     0     0     0 0.0000000000
 [6,] -2.980924e-02  0.00000000  0.0000000000     0     0     0 0.0000000000
 [7,]  0.000000e+00 -0.05945414  0.0000000000     0     0     0 0.0000000000
 [8,]  0.000000e+00  0.00000000 -0.0212215153     0     0     0 0.0626311346
 [9,]  0.000000e+00  0.00000000  0.0000000000     0     0     0 0.0000000000
[10,]  0.000000e+00  0.00000000  0.0000000000     0     0     0 0.0000000000
              [,28]        [,29] [,30] [,31]         [,32] [,33] [,34] [,35]
 [1,]  0.000000e+00 0.000000e+00     0     0  0.0007917982     0     0     0
 [2,]  0.000000e+00 0.000000e+00     0     0  0.0000000000     0     0     0
 [3,]  0.000000e+00 0.000000e+00     0     0 -0.0197479921     0     0     0
 [4,]  0.000000e+00 0.000000e+00     0     0  0.0000000000     0     0     0
 [5,]  4.229067e-04 0.000000e+00     0     0  0.0000000000     0     0     0
 [6,]  0.000000e+00 0.000000e+00     0     0  0.0000000000     0     0     0
 [7,] -4.253436e-05 4.915953e-05     0     0  0.0000000000     0     0     0
 [8,]  0.000000e+00 0.000000e+00     0     0  0.0000000000     0     0     0
 [9,]  0.000000e+00 0.000000e+00     0     0  0.0000000000     0     0     0
[10,]  0.000000e+00 0.000000e+00     0     0  0.0072882655     0     0     0
            [,36]      [,37] [,38]        [,39]       [,40]      [,41]
 [1,] 0.000000000 0.00000000     0  0.000000000  0.00000000 0.00000000
 [2,] 0.000000000 0.00000000     0  0.000000000  0.00000000 0.00000000
 [3,] 0.000000000 0.00000000     0 -0.003235773  0.00000000 0.00000000
 [4,] 0.000000000 0.05705594     0  0.000000000  0.00000000 0.00000000
 [5,] 0.000000000 0.00000000     0  0.000000000  0.00000000 0.00000000
 [6,] 0.000000000 0.00000000     0  0.000000000  0.00000000 0.00000000
 [7,] 0.003770593 0.00000000     0  0.000000000 -0.04114698 0.00000000
 [8,] 0.000000000 0.00000000     0  0.000000000  0.00000000 0.00000000
 [9,] 0.000000000 0.00000000     0  0.000000000  0.00000000 0.02112651
[10,] 0.000000000 0.00000000     0  0.000000000  0.00000000 0.00000000
           [,42]         [,43]         [,44] [,45]         [,46] [,47]
 [1,] 0.00000000  0.0000000000  0.000000e+00     0  0.000000e+00     0
 [2,] 0.00000000  0.0000000000  1.863135e-05     0 -1.821597e-06     0
 [3,] 0.03614084 -0.0003118936  0.000000e+00     0  0.000000e+00     0
 [4,] 0.00000000  0.0000000000  2.081238e-03     0  0.000000e+00     0
 [5,] 0.00000000  0.0000000000  3.909902e-05     0  0.000000e+00     0
 [6,] 0.00000000  0.0000000000  0.000000e+00     0  0.000000e+00     0
 [7,] 0.00000000  0.0000000000 -1.295530e-04     0  1.873117e-04     0
 [8,] 0.00000000  0.0000000000  0.000000e+00     0  0.000000e+00     0
 [9,] 0.00000000  0.0000000000  0.000000e+00     0  0.000000e+00     0
[10,] 0.00000000  0.0000000000  0.000000e+00     0  0.000000e+00     0
            [,48]       [,49]      [,50]       [,51] [,52] [,53] [,54]
 [1,]  0.00000000  0.00000000 0.02663831  0.00000000     0     0     0
 [2,]  0.00000000  0.00000000 0.00000000  0.00000000     0     0     0
 [3,]  0.00000000  0.00000000 0.00000000  0.00000000     0     0     0
 [4,] -0.01111221  0.00000000 0.00000000  0.00000000     0     0     0
 [5,]  0.00000000  0.00000000 0.00000000 -0.06095093     0     0     0
 [6,]  0.00000000  0.00000000 0.00000000 -0.07803190     0     0     0
 [7,]  0.00000000  0.00000000 0.00000000  0.00000000     0     0     0
 [8,]  0.00000000 -0.01153528 0.00000000  0.00000000     0     0     0
 [9,]  0.00000000 -0.03052989 0.00000000  0.00000000     0     0     0
[10,]  0.00000000  0.00000000 0.00000000  0.00000000     0     0     0
            [,55] [,56] [,57]        [,58]        [,59] [,60]       [,61]
 [1,] 0.000000000     0     0 0.000000e+00  0.000000000     0 0.001354205
 [2,] 0.000000000     0     0 0.000000e+00  0.000000000     0 0.000000000
 [3,] 0.000000000     0     0 2.279162e-05  0.000000000     0 0.000000000
 [4,] 0.005039886     0     0 0.000000e+00  0.000000000     0 0.000000000
 [5,] 0.000000000     0     0 0.000000e+00  0.000000000     0 0.000000000
 [6,] 0.000000000     0     0 0.000000e+00  0.000000000     0 0.000000000
 [7,] 0.000000000     0     0 0.000000e+00 -0.009120248     0 0.000000000
 [8,] 0.000000000     0     0 0.000000e+00  0.000000000     0 0.000000000
 [9,] 0.000000000     0     0 0.000000e+00  0.000000000     0 0.000000000
[10,] 0.000000000     0     0 0.000000e+00  0.000000000     0 0.000000000
            [,62]      [,63]        [,64]       [,65]         [,66] [,67] [,68]
 [1,]  0.00000000 0.00000000  0.000000000  0.00000000  0.000000e+00     0     0
 [2,]  0.00000000 0.00000000  0.000000000  0.00000000  0.000000e+00     0     0
 [3,] -0.04641153 0.00000000  0.000000000  0.00000000  0.000000e+00     0     0
 [4,]  0.00000000 0.00000000  0.000000000  0.00000000  0.000000e+00     0     0
 [5,]  0.00000000 0.00000000  0.000000000  0.00000000  0.000000e+00     0     0
 [6,] -0.04253496 0.02031807  0.000000000  0.00000000 -5.176209e-06     0     0
 [7,]  0.00000000 0.00000000  0.000000000 -0.01261967  0.000000e+00     0     0
 [8,]  0.00000000 0.00000000  0.000000000  0.00000000  0.000000e+00     0     0
 [9,]  0.00000000 0.00000000  0.000000000  0.00000000  0.000000e+00     0     0
[10,]  0.00000000 0.00000000 -0.005963059  0.00000000  0.000000e+00     0     0
              [,69]       [,70]       [,71] [,72] [,73]       [,74]
 [1,]  0.0000000000  0.00000000 0.000000000     0     0  0.00000000
 [2,]  0.0000000000  0.02443534 0.000000000     0     0  0.00000000
 [3,]  0.0000000000  0.00000000 0.000000000     0     0 -0.02596434
 [4,]  0.0000000000  0.00000000 0.000000000     0     0  0.00000000
 [5,]  0.0000000000  0.00000000 0.003508207     0     0  0.00000000
 [6,] -0.0009959735  0.00000000 0.000000000     0     0  0.00000000
 [7,]  0.0000000000  0.00000000 0.000000000     0     0  0.00000000
 [8,]  0.0000000000  0.00000000 0.012136098     0     0  0.00000000
 [9,]  0.0000000000 -0.01219201 0.000000000     0     0  0.00000000
[10,]  0.0000000000  0.00000000 0.000000000     0     0  0.00000000
             [,75]       [,76] [,77] [,78]       [,79]        [,80]      [,81]
 [1,]  0.025243781  0.00000000     0     0 0.000000000  0.000000000 0.00000000
 [2,]  0.000000000  0.00000000     0     0 0.005879655  0.000000000 0.06729491
 [3,]  0.000000000  0.01800101     0     0 0.000000000  0.000000000 0.00000000
 [4,]  0.000000000  0.00000000     0     0 0.022910412  0.000000000 0.00000000
 [5,]  0.000000000 -0.01948168     0     0 0.000000000  0.000000000 0.00000000
 [6,]  0.000000000  0.00000000     0     0 0.000000000  0.000000000 0.00000000
 [7,]  0.000000000  0.00000000     0     0 0.000000000 -0.011603202 0.00000000
 [8,] -0.004077833  0.00000000     0     0 0.000000000  0.000000000 0.00000000
 [9,]  0.000000000  0.00000000     0     0 0.000000000  0.000000000 0.00000000
[10,]  0.000000000  0.00000000     0     0 0.000000000  0.001325697 0.00000000
      [,82]      [,83]        [,84]        [,85]       [,86]       [,87] [,88]
 [1,]     0 0.00000000 0.000000e+00  0.000000000  0.00000000 0.000000000     0
 [2,]     0 0.00000000 0.000000e+00  0.000000000  0.00000000 0.000000000     0
 [3,]     0 0.00000000 0.000000e+00  0.000000000  0.00000000 0.000000000     0
 [4,]     0 0.00000000 0.000000e+00  0.000000000  0.00000000 0.000000000     0
 [5,]     0 0.04971358 0.000000e+00  0.000000000  0.00000000 0.000000000     0
 [6,]     0 0.00000000 0.000000e+00  0.000000000  0.00000000 0.000000000     0
 [7,]     0 0.00000000 4.966149e-06 -0.005418909  0.00000000 0.009957189     0
 [8,]     0 0.00000000 0.000000e+00 -0.001153875  0.00000000 0.000000000     0
 [9,]     0 0.00000000 0.000000e+00  0.000000000 -0.01368002 0.000000000     0
[10,]     0 0.00000000 0.000000e+00  0.000000000  0.00000000 0.000000000     0
              [,89]         [,90] [,91] [,92]         [,93] [,94]       [,95]
 [1,]  0.000000e+00  0.000000e+00     0     0 -1.272851e-05     0  0.00000000
 [2,]  0.000000e+00  0.000000e+00     0     0  0.000000e+00     0  0.00000000
 [3,]  0.000000e+00  0.000000e+00     0     0  0.000000e+00     0  0.03122798
 [4,]  0.000000e+00 -1.341398e-05     0     0  0.000000e+00     0  0.00000000
 [5,]  0.000000e+00  0.000000e+00     0     0  0.000000e+00     0  0.00000000
 [6,] -4.511696e-06  0.000000e+00     0     0 -1.842441e-06     0  0.00000000
 [7,]  0.000000e+00  0.000000e+00     0     0  0.000000e+00     0  0.00000000
 [8,]  0.000000e+00  0.000000e+00     0     0  1.064624e-02     0  0.00000000
 [9,]  0.000000e+00  0.000000e+00     0     0  0.000000e+00     0 -0.02290955
[10,]  0.000000e+00  0.000000e+00     0     0  0.000000e+00     0  0.00000000
           [,96]       [,97] [,98]       [,99] [,100]      [,101]        [,102]
 [1,] -0.0546555  0.05525239     0  0.00000000      0  0.00000000  0.000000e+00
 [2,]  0.0000000  0.00000000     0  0.00000000      0  0.00000000  0.000000e+00
 [3,]  0.0000000  0.00000000     0  0.00000000      0  0.00000000  0.000000e+00
 [4,]  0.0000000  0.00000000     0 -0.01062096      0  0.00000000  0.000000e+00
 [5,]  0.0000000  0.00000000     0  0.00000000      0  0.00000000 -6.700669e-07
 [6,]  0.0000000  0.00000000     0  0.00000000      0  0.00000000  0.000000e+00
 [7,]  0.0000000  0.00000000     0  0.00000000      0  0.00000000  0.000000e+00
 [8,]  0.0000000  0.00000000     0  0.00000000      0  0.00000000  0.000000e+00
 [9,]  0.0000000 -0.03742068     0  0.00000000      0  0.00000000  0.000000e+00
[10,]  0.0000000  0.00000000     0  0.00000000      0 -0.04564968  0.000000e+00
           [,103] [,104]      [,105] [,106]       [,107]        [,108]
 [1,]  0.00000000      0 0.000000000      0  0.000000000  0.000000e+00
 [2,] -0.01315126      0 0.000000000      0  0.000000000 -8.729517e-06
 [3,]  0.00000000      0 0.000000000      0  0.000000000  0.000000e+00
 [4,]  0.00000000      0 0.000000000      0 -0.032565571  0.000000e+00
 [5,]  0.00000000      0 0.002476392      0  0.000000000  0.000000e+00
 [6,]  0.00000000      0 0.000000000      0  0.000000000  0.000000e+00
 [7,]  0.00000000      0 0.000000000      0  0.001564031  0.000000e+00
 [8,]  0.00000000      0 0.025924692      0  0.000000000  0.000000e+00
 [9,]  0.00000000      0 0.000000000      0  0.000000000  0.000000e+00
[10,]  0.00000000      0 0.000000000      0  0.000000000  0.000000e+00
             [,109]     [,110]     [,111] [,112]       [,113] [,114]
 [1,] -2.892631e-05 0.00000000 0.00000000      0 0.0000000000      0
 [2,]  0.000000e+00 0.00000000 0.00000000      0 0.0000000000      0
 [3,]  0.000000e+00 0.01797928 0.00000000      0 0.0000000000      0
 [4,]  0.000000e+00 0.00000000 0.00000000      0 0.0000000000      0
 [5,]  0.000000e+00 0.00000000 0.00100386      0 0.0000000000      0
 [6,]  6.710072e-09 0.00000000 0.00000000      0 0.0005240006      0
 [7,]  0.000000e+00 0.00000000 0.00000000      0 0.0000000000      0
 [8,]  0.000000e+00 0.00000000 0.00000000      0 0.0000000000      0
 [9,]  0.000000e+00 0.00000000 0.00000000      0 0.0000000000      0
[10,] -2.988716e-03 0.00000000 0.00000000      0 0.0000000000      0
             [,115] [,116]       [,117] [,118] [,119]     [,120]      [,121]
 [1,]  2.106629e-07      0  0.000000000      0      0 0.00000000  0.00000000
 [2,]  0.000000e+00      0 -0.002879267      0      0 0.00000000  0.00000000
 [3,] -1.060663e-01      0  0.000000000      0      0 0.02210957  0.00000000
 [4,]  0.000000e+00      0  0.000000000      0      0 0.00000000 -0.01000607
 [5,]  0.000000e+00      0  0.000000000      0      0 0.00000000  0.00000000
 [6,]  0.000000e+00      0  0.000000000      0      0 0.00000000  0.00000000
 [7,]  0.000000e+00      0  0.026304192      0      0 0.00000000  0.00000000
 [8,]  0.000000e+00      0  0.000000000      0      0 0.00000000  0.00000000
 [9,]  0.000000e+00      0  0.000000000      0      0 0.00000000  0.00000000
[10,]  0.000000e+00      0  0.000000000      0      0 0.00000000  0.00000000
           [,122]       [,123] [,124] [,125] [,126]        [,127]        [,128]
 [1,] 0.000000000  0.000000000      0      0      0  0.0000000000  0.000000e+00
 [2,] 0.000000000  0.000000000      0      0      0  0.0000000000  0.000000e+00
 [3,] 0.000000000  0.003834964      0      0      0  0.0000000000  0.000000e+00
 [4,] 0.000000000 -0.027049812      0      0      0  0.0000201334  0.000000e+00
 [5,] 0.000000000  0.000000000      0      0      0  0.0000000000  0.000000e+00
 [6,] 0.000000000  0.000000000      0      0      0  0.0000000000  0.000000e+00
 [7,] 0.000000000  0.000000000      0      0      0 -0.0003702414  0.000000e+00
 [8,] 0.000000000  0.000000000      0      0      0  0.0000000000  0.000000e+00
 [9,] 0.000000000  0.000000000      0      0      0  0.0000000000  0.000000e+00
[10,] 0.004242308  0.000000000      0      0      0  0.0000000000 -2.507294e-05
             [,129] [,130]       [,131] [,132] [,133]       [,134]
 [1,]  0.000000e+00      0  0.000000000      0      0 -0.001043391
 [2,]  0.000000e+00      0  0.000000000      0      0  0.000000000
 [3,]  0.000000e+00      0  0.000000000      0      0  0.000000000
 [4,] -4.323802e-02      0  0.000000000      0      0  0.000000000
 [5,]  0.000000e+00      0  0.000000000      0      0  0.000000000
 [6,]  0.000000e+00      0 -0.005490447      0      0  0.000000000
 [7,]  0.000000e+00      0  0.000000000      0      0  0.000000000
 [8,]  0.000000e+00      0  0.000000000      0      0 -0.003253639
 [9,]  2.319569e-05      0  0.000000000      0      0  0.000000000
[10,]  0.000000e+00      0  0.000000000      0      0  0.000000000
             [,135]      [,136]      [,137] [,138] [,139] [,140]       [,141]
 [1,]  0.000000e+00  0.00000000 -0.05155176      0      0      0 0.0002852939
 [2,]  0.000000e+00  0.00000000  0.00000000      0      0      0 0.0009988005
 [3,]  0.000000e+00 -0.01909804  0.00000000      0      0      0 0.0000000000
 [4,]  0.000000e+00  0.00000000  0.00000000      0      0      0 0.0000000000
 [5,]  0.000000e+00  0.00000000  0.00000000      0      0      0 0.0000000000
 [6,]  0.000000e+00  0.00000000  0.00000000      0      0      0 0.0000000000
 [7,] -3.506312e-06  0.00000000  0.00000000      0      0      0 0.0000000000
 [8,]  0.000000e+00  0.00000000  0.00000000      0      0      0 0.0000000000
 [9,]  0.000000e+00  0.00000000  0.00000000      0      0      0 0.0000000000
[10,]  0.000000e+00  0.00000000  0.00000000      0      0      0 0.0000000000
      [,142]       [,143]        [,144] [,145] [,146]        [,147]
 [1,]      0 0.0000000000  0.0000000000      0      0  0.0000000000
 [2,]      0 0.0000000000  0.0000000000      0      0  0.0000000000
 [3,]      0 0.0000000000  0.0000000000      0      0  0.0000000000
 [4,]      0 0.0000000000  0.0000000000      0      0  0.0000000000
 [5,]      0 0.0007758377  0.0000000000      0      0  0.0000000000
 [6,]      0 0.0000000000  0.0000000000      0      0 -0.0008166283
 [7,]      0 0.0000000000  0.0000000000      0      0  0.0000000000
 [8,]      0 0.0000000000  0.0000000000      0      0  0.0000000000
 [9,]      0 0.0000000000 -0.0002199938      0      0  0.0000000000
[10,]      0 0.0000000000  0.0000000000      0      0  0.0000000000
             [,148]       [,149]        [,150]        [,151]      [,152] [,153]
 [1,] -2.182488e-04 0.000000e+00  0.000000e+00  0.000000e+00 0.000000000      0
 [2,]  0.000000e+00 1.586024e-05  0.000000e+00 -1.358023e-06 0.000000000      0
 [3,]  1.849938e-04 0.000000e+00  0.000000e+00  0.000000e+00 0.000000000      0
 [4,]  0.000000e+00 0.000000e+00 -8.230716e-05  0.000000e+00 0.000000000      0
 [5,] -8.185154e-06 0.000000e+00  0.000000e+00  0.000000e+00 0.006143002      0
 [6,]  6.577923e-03 0.000000e+00  0.000000e+00  0.000000e+00 0.000000000      0
 [7,]  0.000000e+00 0.000000e+00 -2.081769e-02  0.000000e+00 0.000000000      0
 [8,]  0.000000e+00 0.000000e+00  0.000000e+00  0.000000e+00 0.000000000      0
 [9,]  0.000000e+00 0.000000e+00  0.000000e+00  0.000000e+00 0.000000000      0
[10,]  0.000000e+00 0.000000e+00  0.000000e+00  0.000000e+00 0.000000000      0
            [,154]    [,155]        [,156] [,157]     [,158]      [,159]
 [1,]  0.000000000  0.000000 -0.0002799223      0 0.00000000 -0.01566687
 [2,]  0.000000000  0.000000  0.0000000000      0 0.03395979  0.00000000
 [3,] -0.008177481  0.000000  0.0000000000      0 0.00000000  0.00000000
 [4,]  0.000000000  0.000000  0.0000000000      0 0.00000000  0.00000000
 [5,]  0.000000000  0.000000  0.0000000000      0 0.00000000  0.00000000
 [6,]  0.000000000  0.000000  0.0000000000      0 0.00000000  0.00000000
 [7,]  0.000000000 -0.015504  0.0000000000      0 0.00000000  0.00000000
 [8,]  0.000000000  0.000000  0.0000000000      0 0.00000000  0.00000000
 [9,]  0.000000000  0.000000  0.0000000000      0 0.00000000  0.00000000
[10,]  0.000000000  0.000000  0.0000000000      0 0.00000000  0.00000000
           [,160]       [,161] [,162] [,163]       [,164]       [,165]
 [1,] 0.00000e+00 0.000000e+00      0      0 -0.009660496  0.000000000
 [2,] 0.00000e+00 0.000000e+00      0      0  0.000000000 -0.003100667
 [3,] 0.00000e+00 0.000000e+00      0      0 -0.010072753  0.000000000
 [4,] 0.00000e+00 5.720345e-05      0      0 -0.002626521  0.000000000
 [5,] 0.00000e+00 0.000000e+00      0      0  0.000000000  0.000000000
 [6,] 0.00000e+00 0.000000e+00      0      0  0.000000000  0.000000000
 [7,] 1.21144e-05 0.000000e+00      0      0  0.000000000  0.000000000
 [8,] 0.00000e+00 0.000000e+00      0      0  0.000000000  0.000000000
 [9,] 0.00000e+00 0.000000e+00      0      0  0.000000000  0.000000000
[10,] 0.00000e+00 0.000000e+00      0      0  0.000000000  0.000000000
           [,166]       [,167]    [,168]     [,169]      [,170] [,171]
 [1,]  0.00000000  0.000000000 0.0000000 0.02557509 0.00000e+00      0
 [2,]  0.00000000  0.000000000 0.0000000 0.00000000 0.00000e+00      0
 [3,]  0.00000000 -0.003809721 0.0000000 0.00000000 9.94813e-05      0
 [4,]  0.00000000  0.000000000 0.0000000 0.00000000 0.00000e+00      0
 [5,]  0.00000000  0.000000000 0.0000000 0.00000000 0.00000e+00      0
 [6,]  0.00000000  0.000000000 0.0000000 0.00000000 0.00000e+00      0
 [7,]  0.00000000  0.000000000 0.0000000 0.00000000 0.00000e+00      0
 [8,]  0.00000000  0.000000000 0.0084287 0.00000000 0.00000e+00      0
 [9,] -0.01255846  0.000000000 0.0000000 0.00000000 0.00000e+00      0
[10,]  0.00000000  0.000000000 0.0000000 0.00000000 0.00000e+00      0
           [,172]      [,173]      [,174]      [,175]      [,176]    [,177]
 [1,]  0.00000000 -0.00340798  0.00000000  0.00000000 0.000000000 0.0000000
 [2,]  0.00000000  0.00000000  0.00000000  0.00000000 0.000000000 0.0000000
 [3,]  0.00000000  0.00000000  0.00000000  0.00000000 0.000000000 0.0000000
 [4,]  0.00000000 -0.01452877  0.00000000  0.00000000 0.000000000 0.1297143
 [5,]  0.00000000  0.00000000  0.00000000  0.00000000 0.002948689 0.0228104
 [6,]  0.00000000  0.00000000  0.00000000  0.00000000 0.000000000 0.0000000
 [7,]  0.00000000  0.00000000  0.00000000  0.00000000 0.000000000 0.0000000
 [8,]  0.00000000  0.00000000  0.00000000  0.00000000 0.000000000 0.0000000
 [9,] -0.01298187  0.00000000  0.00000000  0.00000000 0.000000000 0.0000000
[10,]  0.00000000  0.00000000 -0.03786435 -0.04826023 0.000000000 0.0000000
      [,178] [,179] [,180]     [,181] [,182]        [,183] [,184]        [,185]
 [1,]      0      0      0 0.00000000      0  0.0000000000      0  0.000000e+00
 [2,]      0      0      0 0.00000000      0  0.0000000000      0  0.000000e+00
 [3,]      0      0      0 0.00000000      0 -0.0002729699      0  0.000000e+00
 [4,]      0      0      0 0.00000000      0  0.0000000000      0  0.000000e+00
 [5,]      0      0      0 0.00000000      0  0.0000000000      0  3.684846e-05
 [6,]      0      0      0 0.00000000      0  0.0000000000      0  0.000000e+00
 [7,]      0      0      0 0.05151047      0 -0.1097468258      0  0.000000e+00
 [8,]      0      0      0 0.00000000      0  0.0000000000      0 -1.396171e-02
 [9,]      0      0      0 0.00000000      0  0.0000000000      0  0.000000e+00
[10,]      0      0      0 0.00000000      0  0.0000000000      0  0.000000e+00
          [,186]       [,187] [,188]        [,189]        [,190]   [,191]
 [1,] 0.00000000  0.000000000      0  0.000000e+00  0.000000e+00  0.00000
 [2,] 0.00000000  0.000000000      0  0.000000e+00  0.000000e+00  0.00000
 [3,] 0.00000000  0.000000000      0  4.333907e-02 -4.418184e-05 -0.10125
 [4,] 0.05660172  0.000000000      0  0.000000e+00  0.000000e+00  0.00000
 [5,] 0.00000000 -0.005160478      0 -7.384876e-02  0.000000e+00  0.00000
 [6,] 0.00000000  0.000000000      0  1.006584e-06  0.000000e+00  0.00000
 [7,] 0.00000000  0.000000000      0  0.000000e+00  0.000000e+00  0.00000
 [8,] 0.00000000  0.000000000      0  0.000000e+00  0.000000e+00  0.00000
 [9,] 0.00000000  0.000000000      0  0.000000e+00  0.000000e+00  0.00000
[10,] 0.00000000  0.000000000      0  0.000000e+00  0.000000e+00  0.00000
      [,192] [,193] [,194] [,195]      [,196]        [,197] [,198] [,199]
 [1,]      0      0      0      0  0.00000000 -3.439176e-06      0      0
 [2,]      0      0      0      0  0.00000000  0.000000e+00      0      0
 [3,]      0      0      0      0  0.00000000  0.000000e+00      0      0
 [4,]      0      0      0      0 -0.02642274  0.000000e+00      0      0
 [5,]      0      0      0      0  0.00000000  0.000000e+00      0      0
 [6,]      0      0      0      0  0.00000000  0.000000e+00      0      0
 [7,]      0      0      0      0  0.01221368  0.000000e+00      0      0
 [8,]      0      0      0      0  0.00000000  0.000000e+00      0      0
 [9,]      0      0      0      0  0.00000000  0.000000e+00      0      0
[10,]      0      0      0      0  0.00000000  0.000000e+00      0      0
      [,200] [,201]     [,202] [,203]     [,204] [,205]     [,206]
 [1,]      0      0 -0.0831262      0  0.0000000      0 0.00000000
 [2,]      0      0  0.0000000      0  0.0000000      0 0.00000000
 [3,]      0      0  0.0000000      0  0.0000000      0 0.00000000
 [4,]      0      0  0.0000000      0 -0.1092269      0 0.00000000
 [5,]      0      0  0.0000000      0  0.0000000      0 0.01332943
 [6,]      0      0  0.0000000      0  0.0000000      0 0.00000000
 [7,]      0      0  0.0000000      0  0.0000000      0 0.00000000
 [8,]      0      0  0.0000000      0  0.0000000      0 0.00000000
 [9,]      0      0  0.0000000      0  0.0000000      0 0.00000000
[10,]      0      0  0.0000000      0  0.0000000      0 0.00000000
[1] "Mean"
  [1]  3.755657e-01  1.318085e+00  4.920604e+00  2.809214e+00  1.811411e+00
  [6] -3.450791e-01  2.089518e-03  1.457807e-03 -3.932511e-06  2.238885e-06
 [11]  3.249908e-05  4.383035e-03  3.507526e-03  0.000000e+00  0.000000e+00
 [16]  1.342099e-04  1.373905e-04  0.000000e+00  0.000000e+00  1.138947e-05
 [21] -2.978235e-03 -7.138924e-03 -2.159447e-03  0.000000e+00  0.000000e+00
 [26]  0.000000e+00  6.312202e-03  3.803724e-05  4.915953e-06  0.000000e+00
 [31]  0.000000e+00 -1.166793e-03  0.000000e+00  0.000000e+00  0.000000e+00
 [36]  3.770593e-04  5.705594e-03  0.000000e+00 -3.235773e-04 -4.114698e-03
 [41]  2.112651e-03  3.614084e-03 -3.118936e-05  2.009416e-04  0.000000e+00
 [46]  1.854901e-05  0.000000e+00 -1.111221e-03 -4.206516e-03  2.663831e-03
 [51] -1.389828e-02  0.000000e+00  0.000000e+00  0.000000e+00  5.039886e-04
 [56]  0.000000e+00  0.000000e+00  2.279162e-06 -9.120248e-04  0.000000e+00
 [61]  1.354205e-04 -8.894649e-03  2.031807e-03 -5.963059e-04 -1.261967e-03
 [66] -5.176209e-07  0.000000e+00  0.000000e+00 -9.959735e-05  1.224333e-03
 [71]  1.564430e-03  0.000000e+00  0.000000e+00 -2.596434e-03  2.116595e-03
 [76] -1.480664e-04  0.000000e+00  0.000000e+00  2.879007e-03 -1.027751e-03
 [81]  6.729491e-03  0.000000e+00  4.971358e-03  4.966149e-07 -6.572784e-04
 [86] -1.368002e-03  9.957189e-04  0.000000e+00 -4.511696e-07 -1.341398e-06
 [91]  0.000000e+00  0.000000e+00  1.063167e-03  0.000000e+00  8.318431e-04
 [96] -5.465550e-03  1.783170e-03  0.000000e+00 -1.062096e-03  0.000000e+00
[101] -4.564968e-03 -6.700669e-08 -1.315126e-03  0.000000e+00  2.840108e-03
[106]  0.000000e+00 -3.100154e-03 -8.729517e-07 -3.017635e-04  1.797928e-03
[111]  1.003860e-04  0.000000e+00  5.240006e-05  0.000000e+00 -1.060660e-02
[116]  0.000000e+00  2.342493e-03  0.000000e+00  0.000000e+00  2.210957e-03
[121] -1.000607e-03  4.242308e-04 -2.321485e-03  0.000000e+00  0.000000e+00
[126]  0.000000e+00 -3.501080e-05 -2.507294e-06 -4.321482e-03  0.000000e+00
[131] -5.490447e-04  0.000000e+00  0.000000e+00 -4.297030e-04 -3.506312e-07
[136] -1.909804e-03 -5.155176e-03  0.000000e+00  0.000000e+00  0.000000e+00
[141]  1.284094e-04  0.000000e+00  7.758377e-05 -2.199938e-05  0.000000e+00
[146]  0.000000e+00 -8.166283e-05  6.536483e-04  1.586024e-06 -2.089999e-03
[151] -1.358023e-07  6.143002e-04  0.000000e+00 -8.177481e-04 -1.550400e-03
[156] -2.799223e-05  0.000000e+00  3.395979e-03 -1.566687e-03  1.211440e-06
[161]  5.720345e-06  0.000000e+00  0.000000e+00 -2.235977e-03 -3.100667e-04
[166] -1.255846e-03 -3.809721e-04  8.428700e-04  2.557509e-03  9.948130e-06
[171]  0.000000e+00 -1.298187e-03 -1.793675e-03 -3.786435e-03 -4.826023e-03
[176]  2.948689e-04  1.525247e-02  0.000000e+00  0.000000e+00  0.000000e+00
[181]  5.151047e-03  0.000000e+00 -1.100198e-02  0.000000e+00 -1.392486e-03
[186]  5.660172e-03 -5.160478e-04  0.000000e+00 -3.050868e-03 -4.418184e-06
[191] -1.012500e-02  0.000000e+00  0.000000e+00  0.000000e+00  0.000000e+00
[196] -1.420906e-03 -3.439176e-07  0.000000e+00  0.000000e+00  0.000000e+00
[201]  0.000000e+00 -8.312620e-03  0.000000e+00 -1.092269e-02  0.000000e+00
[206]  1.332943e-03
[1] "Variance"
  [1] 4.669138e-02 1.722441e-01 9.310254e-02 1.117796e-01 7.137769e-02
  [6] 5.590255e-02 1.258565e-02 2.127470e-02 1.243569e-05 7.079976e-06
 [11] 1.027711e-04 1.122354e-02 1.109177e-02 0.000000e+00 0.000000e+00
 [16] 4.690488e-04 4.344670e-04 0.000000e+00 0.000000e+00 3.601668e-05
 [21] 9.427456e-03 1.876048e-02 6.699658e-03 0.000000e+00 0.000000e+00
 [26] 0.000000e+00 1.978906e-02 1.358884e-04 1.554561e-05 0.000000e+00
 [31] 0.000000e+00 6.913071e-03 0.000000e+00 0.000000e+00 0.000000e+00
 [36] 1.192366e-03 1.804267e-02 0.000000e+00 1.023241e-03 1.301182e-02
 [41] 6.680791e-03 1.142874e-02 9.862941e-05 6.621881e-04 0.000000e+00
 [46] 5.929992e-05 0.000000e+00 3.513991e-03 9.934166e-03 8.423772e-03
 [51] 2.957546e-02 0.000000e+00 0.000000e+00 0.000000e+00 1.593752e-03
 [56] 0.000000e+00 0.000000e+00 7.207342e-06 2.884076e-03 0.000000e+00
 [61] 4.282373e-04 1.877381e-02 6.425136e-03 1.885685e-03 3.990691e-03
 [66] 1.636861e-06 0.000000e+00 0.000000e+00 3.149545e-04 9.010741e-03
 [71] 3.874675e-03 0.000000e+00 0.000000e+00 8.210646e-03 8.226498e-03
 [76] 8.840268e-03 0.000000e+00 0.000000e+00 7.276832e-03 3.739118e-03
 [81] 2.128052e-02 0.000000e+00 1.572081e-02 1.570434e-06 1.711914e-03
 [86] 4.326002e-03 3.148740e-03 0.000000e+00 1.426723e-06 4.241874e-06
 [91] 0.000000e+00 0.000000e+00 3.367152e-03 0.000000e+00 1.288028e-02
 [96] 1.728359e-02 2.216438e-02 0.000000e+00 3.358643e-03 0.000000e+00
[101] 1.443570e-02 2.118938e-07 4.158795e-03 0.000000e+00 8.148347e-03
[106] 0.000000e+00 1.036475e-02 2.760516e-06 9.441426e-04 5.685549e-03
[111] 3.174485e-04 0.000000e+00 1.657036e-04 0.000000e+00 3.354110e-02
[116] 0.000000e+00 8.467769e-03 0.000000e+00 0.000000e+00 6.991660e-03
[121] 3.164198e-03 1.341536e-03 8.771838e-03 0.000000e+00 0.000000e+00
[126] 0.000000e+00 1.179578e-04 7.928759e-06 1.367388e-02 0.000000e+00
[131] 1.736232e-03 0.000000e+00 0.000000e+00 1.045009e-03 1.108793e-06
[136] 6.039330e-03 1.630210e-02 0.000000e+00 0.000000e+00 0.000000e+00
[141] 3.186962e-04 0.000000e+00 2.453414e-04 6.956815e-05 0.000000e+00
[146] 0.000000e+00 2.582406e-04 2.083758e-03 5.015450e-06 6.580290e-03
[151] 4.294446e-07 1.942588e-03 0.000000e+00 2.585947e-03 4.902796e-03
[156] 8.851920e-05 0.000000e+00 1.073903e-02 4.954300e-03 3.830909e-06
[161] 1.808932e-05 0.000000e+00 0.000000e+00 4.105392e-03 9.805170e-04
[166] 3.971332e-03 1.204740e-03 2.665389e-03 8.087555e-03 3.145875e-05
[171] 0.000000e+00 4.105226e-03 4.601048e-03 1.197376e-02 1.526122e-02
[176] 9.324572e-04 4.085169e-02 0.000000e+00 0.000000e+00 0.000000e+00
[181] 1.628904e-02 0.000000e+00 3.469551e-02 0.000000e+00 4.416389e-03
[186] 1.789904e-02 1.631887e-03 0.000000e+00 2.836045e-02 1.397152e-05
[191] 3.201806e-02 0.000000e+00 0.000000e+00 0.000000e+00 0.000000e+00
[196] 9.586711e-03 1.087563e-06 0.000000e+00 0.000000e+00 0.000000e+00
[201] 0.000000e+00 2.628681e-02 0.000000e+00 3.454056e-02 0.000000e+00
[206] 4.215137e-03
[1] "Bias"
  [1] -0.24886855 -0.12127694 -0.01587924 -0.06359534 -0.09429463 -0.30984181
  [7]         Inf         Inf        -Inf         Inf         Inf         Inf
 [13]         Inf         NaN         NaN         Inf         Inf         NaN
 [19]         NaN         Inf        -Inf        -Inf        -Inf         NaN
 [25]         NaN         NaN         Inf         Inf         Inf         NaN
 [31]         NaN        -Inf         NaN         NaN         NaN         Inf
 [37]         Inf         NaN        -Inf        -Inf         Inf         Inf
 [43]        -Inf         Inf         NaN         Inf         NaN        -Inf
 [49]        -Inf         Inf        -Inf         NaN         NaN         NaN
 [55]         Inf         NaN         NaN         Inf        -Inf         NaN
 [61]         Inf        -Inf         Inf        -Inf        -Inf        -Inf
 [67]         NaN         NaN        -Inf         Inf         Inf         NaN
 [73]         NaN        -Inf         Inf        -Inf         NaN         NaN
 [79]         Inf        -Inf         Inf         NaN         Inf         Inf
 [85]        -Inf        -Inf         Inf         NaN        -Inf        -Inf
 [91]         NaN         NaN         Inf         NaN         Inf        -Inf
 [97]         Inf         NaN        -Inf         NaN        -Inf        -Inf
[103]        -Inf         NaN         Inf         NaN        -Inf        -Inf
[109]        -Inf         Inf         Inf         NaN         Inf         NaN
[115]        -Inf         NaN         Inf         NaN         NaN         Inf
[121]        -Inf         Inf        -Inf         NaN         NaN         NaN
[127]        -Inf        -Inf        -Inf         NaN        -Inf         NaN
[133]         NaN        -Inf        -Inf        -Inf        -Inf         NaN
[139]         NaN         NaN         Inf         NaN         Inf        -Inf
[145]         NaN         NaN        -Inf         Inf         Inf        -Inf
[151]        -Inf         Inf         NaN        -Inf        -Inf        -Inf
[157]         NaN         Inf        -Inf         Inf         Inf         NaN
[163]         NaN        -Inf        -Inf        -Inf        -Inf         Inf
[169]         Inf         Inf         NaN        -Inf        -Inf        -Inf
[175]        -Inf         Inf         Inf         NaN         NaN         NaN
[181]         Inf         NaN        -Inf         NaN        -Inf         Inf
[187]        -Inf         NaN        -Inf        -Inf        -Inf         NaN
[193]         NaN         NaN         NaN        -Inf        -Inf         NaN
[199]         NaN         NaN         NaN        -Inf         NaN        -Inf
[205]         NaN         Inf
