[1] "broken"
final values in 1th iteration
  [1]  2.950397e-01 -4.429140e-02  4.760406e+00  2.344214e+00  1.261341e+00
  [6]  0.000000e+00  0.000000e+00  0.000000e+00  0.000000e+00  0.000000e+00
 [11]  0.000000e+00  0.000000e+00  0.000000e+00  0.000000e+00  0.000000e+00
 [16]  0.000000e+00  0.000000e+00  0.000000e+00  0.000000e+00  0.000000e+00
 [21]  0.000000e+00  0.000000e+00  0.000000e+00  0.000000e+00  0.000000e+00
 [26]  0.000000e+00  0.000000e+00  0.000000e+00  9.838045e-02  0.000000e+00
 [31]  0.000000e+00  3.978871e-05  0.000000e+00  0.000000e+00 -6.756094e-02
 [36]  0.000000e+00  0.000000e+00  0.000000e+00  0.000000e+00  8.975740e-02
 [41]  0.000000e+00  0.000000e+00  3.903159e-02  0.000000e+00  0.000000e+00
 [46]  0.000000e+00  0.000000e+00  0.000000e+00 -1.082107e-04  6.589998e-02
 [51]  0.000000e+00  0.000000e+00  0.000000e+00  0.000000e+00  0.000000e+00
 [56]  0.000000e+00  0.000000e+00  0.000000e+00  4.245061e-07  0.000000e+00
 [61]  1.307009e-04  0.000000e+00  0.000000e+00  0.000000e+00  0.000000e+00
 [66]  0.000000e+00  0.000000e+00  2.289132e-02  0.000000e+00  0.000000e+00
 [71]  0.000000e+00  0.000000e+00  0.000000e+00 -2.962428e-04  2.957074e-04
 [76]  0.000000e+00  0.000000e+00  0.000000e+00  0.000000e+00  0.000000e+00
 [81]  0.000000e+00  0.000000e+00  0.000000e+00  0.000000e+00  0.000000e+00
 [86]  0.000000e+00  0.000000e+00  0.000000e+00  0.000000e+00  0.000000e+00
 [91]  0.000000e+00  0.000000e+00  0.000000e+00  0.000000e+00  0.000000e+00
 [96] -1.669730e-01  3.076380e-06  0.000000e+00  0.000000e+00  0.000000e+00
[101]  0.000000e+00  0.000000e+00  0.000000e+00  0.000000e+00  0.000000e+00
[106]  0.000000e+00  0.000000e+00  0.000000e+00  0.000000e+00  0.000000e+00
[111]  0.000000e+00  0.000000e+00  0.000000e+00  0.000000e+00  0.000000e+00
[116]  0.000000e+00  0.000000e+00  0.000000e+00  0.000000e+00  1.051652e-01
[121]  0.000000e+00  0.000000e+00 -6.965671e-04  0.000000e+00 -6.276908e-02
[126]  0.000000e+00  0.000000e+00  0.000000e+00  0.000000e+00  0.000000e+00
[131]  0.000000e+00 -3.744515e-02  0.000000e+00  0.000000e+00  0.000000e+00
[136]  1.377613e-03 -1.019265e-01  0.000000e+00  0.000000e+00  0.000000e+00
[141]  0.000000e+00  0.000000e+00  0.000000e+00  0.000000e+00  0.000000e+00
[146]  0.000000e+00  0.000000e+00  0.000000e+00  0.000000e+00  0.000000e+00
[151]  0.000000e+00 -2.533674e-02  0.000000e+00  0.000000e+00  0.000000e+00
[156] -2.763366e-05  0.000000e+00  0.000000e+00 -1.013148e-04  0.000000e+00
[161]  0.000000e+00  0.000000e+00  0.000000e+00  0.000000e+00  0.000000e+00
[166]  0.000000e+00  0.000000e+00  0.000000e+00  5.881563e-03  0.000000e+00
[171]  0.000000e+00  0.000000e+00 -1.474099e-01  0.000000e+00  0.000000e+00
[176]  0.000000e+00  0.000000e+00  6.194265e-02  0.000000e+00  7.768894e-03
[181]  0.000000e+00  0.000000e+00  0.000000e+00  0.000000e+00  0.000000e+00
[186]  0.000000e+00  0.000000e+00  0.000000e+00  0.000000e+00  0.000000e+00
[191]  0.000000e+00  0.000000e+00  0.000000e+00 -3.539416e-04  0.000000e+00
[196]  0.000000e+00  0.000000e+00  0.000000e+00  0.000000e+00  0.000000e+00
[201] -7.911987e-03 -6.850070e-03  0.000000e+00  0.000000e+00  0.000000e+00
[206]  0.000000e+00
[1] "broken"
final values in 2th iteration
  [1]  3.777140e-01  6.368820e-01  4.590629e+00  2.588988e+00  1.634801e+00
  [6] -1.496556e-01  0.000000e+00  0.000000e+00  0.000000e+00  0.000000e+00
 [11]  0.000000e+00  0.000000e+00  0.000000e+00  0.000000e+00  0.000000e+00
 [16]  0.000000e+00  1.195836e-01  0.000000e+00  0.000000e+00  0.000000e+00
 [21]  0.000000e+00  0.000000e+00  0.000000e+00  0.000000e+00  0.000000e+00
 [26]  0.000000e+00  2.933381e-04  0.000000e+00  0.000000e+00  0.000000e+00
 [31]  0.000000e+00  0.000000e+00 -1.965774e-05  0.000000e+00  2.495398e-04
 [36]  0.000000e+00  0.000000e+00  0.000000e+00  0.000000e+00  0.000000e+00
 [41]  0.000000e+00  0.000000e+00  0.000000e+00  0.000000e+00  0.000000e+00
 [46]  0.000000e+00  0.000000e+00  0.000000e+00  0.000000e+00  0.000000e+00
 [51]  0.000000e+00  0.000000e+00  0.000000e+00  0.000000e+00  0.000000e+00
 [56]  0.000000e+00  0.000000e+00  0.000000e+00  0.000000e+00  0.000000e+00
 [61]  6.632506e-03  0.000000e+00  0.000000e+00  0.000000e+00  0.000000e+00
 [66]  0.000000e+00  0.000000e+00  0.000000e+00  0.000000e+00  1.101524e-01
 [71]  0.000000e+00  0.000000e+00  0.000000e+00  0.000000e+00  0.000000e+00
 [76]  0.000000e+00  0.000000e+00  0.000000e+00  0.000000e+00  0.000000e+00
 [81]  1.771720e-01  0.000000e+00 -7.150661e-05  0.000000e+00  0.000000e+00
 [86]  0.000000e+00  0.000000e+00  0.000000e+00  0.000000e+00  1.986588e-04
 [91]  0.000000e+00  0.000000e+00  0.000000e+00  0.000000e+00  0.000000e+00
 [96]  0.000000e+00  0.000000e+00  0.000000e+00 -1.212295e-03  0.000000e+00
[101]  0.000000e+00  0.000000e+00  0.000000e+00  0.000000e+00  0.000000e+00
[106]  0.000000e+00  0.000000e+00 -1.582606e-01  0.000000e+00  0.000000e+00
[111]  0.000000e+00  0.000000e+00  0.000000e+00  0.000000e+00  0.000000e+00
[116]  0.000000e+00  0.000000e+00  0.000000e+00  0.000000e+00  0.000000e+00
[121]  0.000000e+00  0.000000e+00  0.000000e+00  6.030546e-04  0.000000e+00
[126]  0.000000e+00  0.000000e+00  0.000000e+00  0.000000e+00  0.000000e+00
[131]  0.000000e+00  0.000000e+00  0.000000e+00  0.000000e+00  0.000000e+00
[136]  0.000000e+00  0.000000e+00  0.000000e+00  0.000000e+00  0.000000e+00
[141]  3.943746e-02  0.000000e+00  0.000000e+00  0.000000e+00 -6.990379e-02
[146]  0.000000e+00  0.000000e+00  0.000000e+00  4.175824e-02  0.000000e+00
[151] -1.271903e-02  0.000000e+00  0.000000e+00  0.000000e+00  0.000000e+00
[156]  0.000000e+00  0.000000e+00  9.593672e-02  0.000000e+00  0.000000e+00
[161]  0.000000e+00  0.000000e+00  0.000000e+00  0.000000e+00 -9.574303e-02
[166]  0.000000e+00  0.000000e+00  0.000000e+00  0.000000e+00  0.000000e+00
[171]  0.000000e+00  0.000000e+00  0.000000e+00  0.000000e+00  0.000000e+00
[176]  0.000000e+00  5.527522e-02  0.000000e+00  0.000000e+00  2.064348e-03
[181]  0.000000e+00  0.000000e+00  0.000000e+00  0.000000e+00  0.000000e+00
[186]  0.000000e+00  2.348927e-05  0.000000e+00  0.000000e+00  0.000000e+00
[191]  0.000000e+00  0.000000e+00  0.000000e+00  0.000000e+00  2.104459e-04
[196]  0.000000e+00  0.000000e+00  0.000000e+00  0.000000e+00  0.000000e+00
[201]  0.000000e+00  0.000000e+00  0.000000e+00  0.000000e+00  0.000000e+00
[206]  0.000000e+00
[1] "broken"
[1] "broken"
[1] "broken"
final values in 3th iteration
  [1]  2.906435e-01  2.968625e-01  4.370345e+00  2.474211e+00  1.434704e+00
  [6] -2.966617e-01  0.000000e+00  0.000000e+00  0.000000e+00 -5.784111e-02
 [11]  0.000000e+00  6.712319e-02  0.000000e+00  0.000000e+00  0.000000e+00
 [16]  0.000000e+00  0.000000e+00  0.000000e+00  0.000000e+00  0.000000e+00
 [21]  0.000000e+00 -1.506982e-03  9.568722e-02  0.000000e+00  0.000000e+00
 [26]  0.000000e+00  0.000000e+00  0.000000e+00  0.000000e+00  0.000000e+00
 [31]  0.000000e+00 -4.085485e-03  0.000000e+00  0.000000e+00  0.000000e+00
 [36]  0.000000e+00  0.000000e+00  0.000000e+00 -3.961535e-02  0.000000e+00
 [41]  0.000000e+00  1.047418e-01  0.000000e+00  0.000000e+00  0.000000e+00
 [46]  0.000000e+00  0.000000e+00  0.000000e+00  0.000000e+00  0.000000e+00
 [51]  0.000000e+00  0.000000e+00  0.000000e+00  0.000000e+00  0.000000e+00
 [56]  0.000000e+00  0.000000e+00  0.000000e+00  0.000000e+00  0.000000e+00
 [61]  0.000000e+00 -9.182650e-02  0.000000e+00  0.000000e+00  3.934905e-03
 [66]  0.000000e+00  0.000000e+00  0.000000e+00  0.000000e+00  0.000000e+00
 [71]  0.000000e+00  0.000000e+00  0.000000e+00  0.000000e+00  0.000000e+00
 [76]  9.597819e-02  0.000000e+00  0.000000e+00  0.000000e+00  0.000000e+00
 [81]  0.000000e+00  0.000000e+00  0.000000e+00  0.000000e+00  0.000000e+00
 [86]  0.000000e+00  3.742349e-05  0.000000e+00  0.000000e+00  0.000000e+00
 [91]  0.000000e+00  0.000000e+00  0.000000e+00  0.000000e+00  4.366224e-02
 [96]  0.000000e+00  0.000000e+00  0.000000e+00  0.000000e+00  0.000000e+00
[101]  0.000000e+00  0.000000e+00  0.000000e+00  0.000000e+00  3.878633e-02
[106]  0.000000e+00  0.000000e+00  0.000000e+00  0.000000e+00  0.000000e+00
[111]  0.000000e+00 -4.252475e-02  0.000000e+00  0.000000e+00 -1.953881e-01
[116]  0.000000e+00 -1.491861e-02  0.000000e+00  0.000000e+00  1.936205e-01
[121]  0.000000e+00  0.000000e+00  0.000000e+00  0.000000e+00  0.000000e+00
[126]  0.000000e+00  0.000000e+00  0.000000e+00  0.000000e+00  0.000000e+00
[131]  0.000000e+00  0.000000e+00  0.000000e+00  0.000000e+00  0.000000e+00
[136] -4.833712e-02  0.000000e+00  4.839449e-03  0.000000e+00  0.000000e+00
[141]  0.000000e+00  0.000000e+00  0.000000e+00  0.000000e+00  0.000000e+00
[146]  0.000000e+00  0.000000e+00  0.000000e+00  0.000000e+00  0.000000e+00
[151]  0.000000e+00  0.000000e+00  5.012943e-06  0.000000e+00  0.000000e+00
[156]  0.000000e+00  0.000000e+00  0.000000e+00  0.000000e+00  0.000000e+00
[161]  0.000000e+00  0.000000e+00  2.710159e-05  0.000000e+00  0.000000e+00
[166]  0.000000e+00 -1.599414e-01  0.000000e+00  0.000000e+00  0.000000e+00
[171]  0.000000e+00  0.000000e+00  0.000000e+00  4.078834e-02  0.000000e+00
[176]  0.000000e+00  0.000000e+00  1.015824e-01  0.000000e+00  0.000000e+00
[181]  2.413320e-02  0.000000e+00  0.000000e+00  0.000000e+00  0.000000e+00
[186]  0.000000e+00  0.000000e+00  0.000000e+00  0.000000e+00  0.000000e+00
[191] -1.788507e-01  0.000000e+00  0.000000e+00  0.000000e+00  0.000000e+00
[196]  0.000000e+00  0.000000e+00  0.000000e+00  0.000000e+00  0.000000e+00
[201]  0.000000e+00  1.912342e-03  0.000000e+00  0.000000e+00 -1.935494e-02
[206]  0.000000e+00
[1] "broken"
final values in 4th iteration
  [1]  2.833983e-01 -5.440859e-02  4.009175e+00  1.782946e+00  1.361991e+00
  [6] -1.104919e-02  0.000000e+00  1.982565e-01  0.000000e+00  0.000000e+00
 [11]  0.000000e+00  1.806469e-01  0.000000e+00  0.000000e+00  0.000000e+00
 [16]  0.000000e+00  0.000000e+00 -2.529629e-04  0.000000e+00  0.000000e+00
 [21]  0.000000e+00 -6.839580e-02  0.000000e+00  0.000000e+00  0.000000e+00
 [26]  0.000000e+00  0.000000e+00  0.000000e+00  0.000000e+00  0.000000e+00
 [31]  0.000000e+00  0.000000e+00  0.000000e+00  0.000000e+00  0.000000e+00
 [36]  0.000000e+00  0.000000e+00  0.000000e+00  0.000000e+00  0.000000e+00
 [41]  0.000000e+00  7.241756e-04  0.000000e+00  1.981677e-01  0.000000e+00
 [46]  0.000000e+00  0.000000e+00  0.000000e+00  0.000000e+00  0.000000e+00
 [51]  0.000000e+00  0.000000e+00 -7.123935e-05  0.000000e+00  0.000000e+00
 [56]  0.000000e+00  0.000000e+00  0.000000e+00  0.000000e+00  0.000000e+00
 [61]  0.000000e+00  0.000000e+00  0.000000e+00  0.000000e+00  0.000000e+00
 [66]  0.000000e+00  0.000000e+00  0.000000e+00  0.000000e+00  0.000000e+00
 [71]  0.000000e+00  0.000000e+00  0.000000e+00  0.000000e+00 -1.790117e-02
 [76]  0.000000e+00  0.000000e+00  0.000000e+00  0.000000e+00 -2.537714e-03
 [81]  0.000000e+00  0.000000e+00  0.000000e+00  0.000000e+00  0.000000e+00
 [86]  0.000000e+00  0.000000e+00  0.000000e+00  0.000000e+00 -7.300497e-02
 [91]  0.000000e+00  0.000000e+00  0.000000e+00  0.000000e+00  2.165412e-05
 [96]  0.000000e+00  1.088077e-04  0.000000e+00 -3.675965e-03  0.000000e+00
[101]  0.000000e+00  0.000000e+00  0.000000e+00  0.000000e+00  0.000000e+00
[106]  0.000000e+00  0.000000e+00  0.000000e+00  0.000000e+00  0.000000e+00
[111]  0.000000e+00  0.000000e+00  0.000000e+00  0.000000e+00  0.000000e+00
[116]  0.000000e+00  0.000000e+00 -1.174929e-01  0.000000e+00  0.000000e+00
[121]  0.000000e+00 -2.150837e-04 -1.193150e-01  0.000000e+00  0.000000e+00
[126]  0.000000e+00  0.000000e+00  0.000000e+00 -1.053178e-01  0.000000e+00
[131]  1.328840e-05  0.000000e+00 -1.526876e-04  0.000000e+00  0.000000e+00
[136]  0.000000e+00  0.000000e+00 -8.449983e-03  0.000000e+00 -5.393248e-04
[141]  0.000000e+00  0.000000e+00  0.000000e+00  0.000000e+00  0.000000e+00
[146]  0.000000e+00  0.000000e+00  0.000000e+00  0.000000e+00 -4.789024e-02
[151]  0.000000e+00  0.000000e+00  0.000000e+00  0.000000e+00  0.000000e+00
[156]  0.000000e+00  0.000000e+00  0.000000e+00  0.000000e+00  0.000000e+00
[161]  4.946261e-02  0.000000e+00  4.082973e-02  0.000000e+00  0.000000e+00
[166]  0.000000e+00  0.000000e+00  0.000000e+00  0.000000e+00  5.970864e-04
[171]  0.000000e+00  0.000000e+00  0.000000e+00  0.000000e+00  2.790484e-01
[176]  0.000000e+00  3.493751e-01  0.000000e+00  3.990787e-02  0.000000e+00
[181]  0.000000e+00  0.000000e+00  0.000000e+00  0.000000e+00  0.000000e+00
[186]  2.305770e-04  1.384205e-04  0.000000e+00  0.000000e+00  0.000000e+00
[191]  0.000000e+00  0.000000e+00  0.000000e+00  0.000000e+00  0.000000e+00
[196]  0.000000e+00  0.000000e+00  0.000000e+00  0.000000e+00  0.000000e+00
[201]  7.605826e-02  0.000000e+00  0.000000e+00 -1.984467e-01  1.537696e-02
[206]  0.000000e+00
[1] "broken"
final values in 5th iteration
  [1]  3.999522e-01  8.531554e-01  4.777700e+00  2.687916e+00  1.625688e+00
  [6]  0.000000e+00  0.000000e+00  0.000000e+00  0.000000e+00  0.000000e+00
 [11]  0.000000e+00  0.000000e+00  0.000000e+00  0.000000e+00  0.000000e+00
 [16] -3.958136e-02  0.000000e+00  0.000000e+00  0.000000e+00  0.000000e+00
 [21]  0.000000e+00  0.000000e+00  0.000000e+00  0.000000e+00  0.000000e+00
 [26]  0.000000e+00  0.000000e+00  0.000000e+00  0.000000e+00  0.000000e+00
 [31]  0.000000e+00  0.000000e+00  7.787438e-02  3.881134e-05  0.000000e+00
 [36]  0.000000e+00  0.000000e+00  0.000000e+00  1.977535e-04  0.000000e+00
 [41]  0.000000e+00  0.000000e+00  0.000000e+00  0.000000e+00  0.000000e+00
 [46]  0.000000e+00  0.000000e+00  0.000000e+00  0.000000e+00  0.000000e+00
 [51] -1.389287e-01  0.000000e+00  0.000000e+00  0.000000e+00  0.000000e+00
 [56]  0.000000e+00  0.000000e+00  0.000000e+00  0.000000e+00  0.000000e+00
 [61]  1.789930e-02  0.000000e+00  0.000000e+00  0.000000e+00  0.000000e+00
 [66]  0.000000e+00  0.000000e+00  0.000000e+00  0.000000e+00  0.000000e+00
 [71]  2.574122e-03  0.000000e+00  0.000000e+00  0.000000e+00  2.943224e-02
 [76] -6.854711e-02  0.000000e+00  0.000000e+00 -2.269950e-02  0.000000e+00
 [81]  0.000000e+00  0.000000e+00  1.081684e-01  0.000000e+00  0.000000e+00
 [86]  0.000000e+00  0.000000e+00  0.000000e+00  1.616273e-04  0.000000e+00
 [91]  0.000000e+00  0.000000e+00  0.000000e+00  0.000000e+00  0.000000e+00
 [96]  0.000000e+00  0.000000e+00  0.000000e+00  0.000000e+00  0.000000e+00
[101]  0.000000e+00  0.000000e+00  0.000000e+00  0.000000e+00  2.223649e-02
[106]  0.000000e+00  0.000000e+00  0.000000e+00  0.000000e+00  0.000000e+00
[111]  0.000000e+00  0.000000e+00  0.000000e+00  0.000000e+00  0.000000e+00
[116]  0.000000e+00  0.000000e+00  0.000000e+00 -9.923179e-03  0.000000e+00
[121]  0.000000e+00  0.000000e+00  0.000000e+00  0.000000e+00  0.000000e+00
[126]  0.000000e+00  0.000000e+00  0.000000e+00  0.000000e+00  0.000000e+00
[131]  0.000000e+00  0.000000e+00  0.000000e+00  0.000000e+00  0.000000e+00
[136]  0.000000e+00  0.000000e+00  0.000000e+00  0.000000e+00  3.411616e-05
[141]  0.000000e+00  0.000000e+00  0.000000e+00  0.000000e+00  0.000000e+00
[146]  0.000000e+00  9.079650e-04  0.000000e+00  0.000000e+00  0.000000e+00
[151]  0.000000e+00  7.753386e-03  0.000000e+00  3.699199e-03  0.000000e+00
[156]  0.000000e+00  0.000000e+00  0.000000e+00  0.000000e+00  0.000000e+00
[161]  0.000000e+00  0.000000e+00  0.000000e+00  0.000000e+00  0.000000e+00
[166]  0.000000e+00  0.000000e+00  0.000000e+00  0.000000e+00  0.000000e+00
[171]  0.000000e+00  0.000000e+00  0.000000e+00  0.000000e+00  0.000000e+00
[176]  0.000000e+00  4.837687e-02  0.000000e+00  0.000000e+00  0.000000e+00
[181]  0.000000e+00  0.000000e+00  0.000000e+00  0.000000e+00  0.000000e+00
[186]  0.000000e+00 -2.598899e-02  0.000000e+00 -1.512886e-01  0.000000e+00
[191]  0.000000e+00  0.000000e+00  0.000000e+00  0.000000e+00  0.000000e+00
[196]  0.000000e+00  0.000000e+00  0.000000e+00  0.000000e+00  0.000000e+00
[201]  0.000000e+00  0.000000e+00  0.000000e+00  0.000000e+00  0.000000e+00
[206]  9.003355e-02
[1] "broken"
final values in 6th iteration
  [1]  4.127766e-01  9.548636e-01  4.989738e+00  2.632669e+00  1.633393e+00
  [6] -1.900063e-01  0.000000e+00  0.000000e+00  0.000000e+00  0.000000e+00
 [11]  0.000000e+00  0.000000e+00  0.000000e+00  0.000000e+00  0.000000e+00
 [16] -1.508682e-04  0.000000e+00  0.000000e+00  0.000000e+00  0.000000e+00
 [21] -1.138664e-03  0.000000e+00  0.000000e+00  0.000000e+00 -2.538948e-05
 [26]  0.000000e+00  0.000000e+00  0.000000e+00  0.000000e+00  0.000000e+00
 [31]  0.000000e+00  0.000000e+00  0.000000e+00  0.000000e+00 -6.519011e-02
 [36]  0.000000e+00  0.000000e+00 -7.219464e-02  0.000000e+00  0.000000e+00
 [41]  0.000000e+00  0.000000e+00  0.000000e+00  3.439019e-02  0.000000e+00
 [46] -3.565605e-03  0.000000e+00  0.000000e+00  0.000000e+00  0.000000e+00
 [51]  0.000000e+00  0.000000e+00  0.000000e+00  0.000000e+00  0.000000e+00
 [56]  0.000000e+00  0.000000e+00  0.000000e+00  0.000000e+00  0.000000e+00
 [61]  0.000000e+00 -1.093398e-01  0.000000e+00  0.000000e+00  0.000000e+00
 [66] -2.457666e-02  0.000000e+00  0.000000e+00  0.000000e+00  0.000000e+00
 [71]  0.000000e+00  0.000000e+00  0.000000e+00  0.000000e+00  0.000000e+00
 [76] -2.693924e-02  0.000000e+00  0.000000e+00  0.000000e+00  0.000000e+00
 [81]  0.000000e+00 -1.526944e-02  0.000000e+00  0.000000e+00  0.000000e+00
 [86]  0.000000e+00  0.000000e+00  0.000000e+00  0.000000e+00  0.000000e+00
 [91]  0.000000e+00  0.000000e+00  0.000000e+00  0.000000e+00  0.000000e+00
 [96]  0.000000e+00  0.000000e+00  0.000000e+00  0.000000e+00  0.000000e+00
[101]  0.000000e+00  0.000000e+00  0.000000e+00  0.000000e+00  0.000000e+00
[106]  0.000000e+00  0.000000e+00  0.000000e+00  1.080827e-04 -7.805447e-03
[111]  0.000000e+00  0.000000e+00  4.840781e-02  0.000000e+00  2.940154e-02
[116]  0.000000e+00  0.000000e+00  0.000000e+00  0.000000e+00  0.000000e+00
[121]  0.000000e+00  0.000000e+00  0.000000e+00  0.000000e+00  0.000000e+00
[126]  0.000000e+00  0.000000e+00  0.000000e+00  0.000000e+00  0.000000e+00
[131]  0.000000e+00  0.000000e+00  0.000000e+00  0.000000e+00  0.000000e+00
[136]  0.000000e+00  0.000000e+00  0.000000e+00  0.000000e+00  0.000000e+00
[141]  0.000000e+00  0.000000e+00  0.000000e+00  0.000000e+00  0.000000e+00
[146]  0.000000e+00  0.000000e+00  2.728461e-06  0.000000e+00  0.000000e+00
[151]  0.000000e+00  0.000000e+00  0.000000e+00  0.000000e+00  8.686067e-02
[156]  0.000000e+00  0.000000e+00  0.000000e+00  0.000000e+00  0.000000e+00
[161]  0.000000e+00  0.000000e+00  0.000000e+00  0.000000e+00  0.000000e+00
[166]  0.000000e+00  0.000000e+00  0.000000e+00  0.000000e+00  0.000000e+00
[171]  0.000000e+00  0.000000e+00  0.000000e+00  8.862551e-03  0.000000e+00
[176]  1.185542e-03  0.000000e+00  0.000000e+00  0.000000e+00  0.000000e+00
[181]  0.000000e+00  0.000000e+00  0.000000e+00 -1.950667e-01  0.000000e+00
[186]  0.000000e+00  0.000000e+00  0.000000e+00  5.300803e-02  0.000000e+00
[191]  0.000000e+00  0.000000e+00  0.000000e+00  0.000000e+00  0.000000e+00
[196]  0.000000e+00  0.000000e+00  0.000000e+00  4.315834e-02  0.000000e+00
[201]  0.000000e+00  0.000000e+00  0.000000e+00  0.000000e+00  0.000000e+00
[206]  0.000000e+00
[1] "broken"
[1] "broken"
[1] "broken"
[1] "broken"
[1] "broken"
[1] "broken"
[1] "broken"
[1] "broken"
[1] "broken"
[1] "broken"
[1] "broken"
[1] "broken"
final values in 7th iteration
  [1]  3.088548e-01 -3.969672e-01  4.225031e+00  5.986068e-01  4.936112e-01
  [6]  0.000000e+00  0.000000e+00 -1.382356e-01  0.000000e+00  0.000000e+00
 [11]  0.000000e+00  0.000000e+00  0.000000e+00  0.000000e+00  0.000000e+00
 [16]  0.000000e+00  0.000000e+00  0.000000e+00  0.000000e+00  0.000000e+00
 [21]  1.023891e-02  0.000000e+00  0.000000e+00  0.000000e+00  0.000000e+00
 [26]  0.000000e+00  0.000000e+00 -1.615064e-01  0.000000e+00  0.000000e+00
 [31]  0.000000e+00  0.000000e+00  0.000000e+00  0.000000e+00  0.000000e+00
 [36]  1.643702e-04  0.000000e+00  0.000000e+00  0.000000e+00 -5.867344e-03
 [41]  0.000000e+00  0.000000e+00  0.000000e+00  0.000000e+00  4.409470e-01
 [46]  2.057636e-01  0.000000e+00  0.000000e+00  0.000000e+00  0.000000e+00
 [51]  0.000000e+00  0.000000e+00  0.000000e+00  0.000000e+00  0.000000e+00
 [56]  0.000000e+00  0.000000e+00  5.349681e-03  0.000000e+00  0.000000e+00
 [61]  0.000000e+00  0.000000e+00  0.000000e+00  1.278416e-01  0.000000e+00
 [66]  0.000000e+00  0.000000e+00  0.000000e+00  9.995953e-02  0.000000e+00
 [71]  0.000000e+00  0.000000e+00  0.000000e+00  0.000000e+00  0.000000e+00
 [76]  0.000000e+00  0.000000e+00  0.000000e+00  0.000000e+00  0.000000e+00
 [81]  0.000000e+00  0.000000e+00  0.000000e+00  0.000000e+00  0.000000e+00
 [86]  0.000000e+00  3.043436e-01 -1.693610e-01  0.000000e+00  0.000000e+00
 [91] -5.922971e-01  0.000000e+00  0.000000e+00  0.000000e+00 -1.941807e-03
 [96]  0.000000e+00  0.000000e+00  0.000000e+00  0.000000e+00 -6.798771e-05
[101]  0.000000e+00  0.000000e+00  0.000000e+00  0.000000e+00  0.000000e+00
[106]  0.000000e+00  2.094094e-01  0.000000e+00  0.000000e+00  0.000000e+00
[111]  0.000000e+00  0.000000e+00  0.000000e+00  0.000000e+00  0.000000e+00
[116]  0.000000e+00  0.000000e+00  0.000000e+00  0.000000e+00  0.000000e+00
[121]  0.000000e+00  6.604652e-03  0.000000e+00  0.000000e+00  0.000000e+00
[126]  0.000000e+00  0.000000e+00  1.335218e-02 -4.879995e-02  0.000000e+00
[131]  0.000000e+00  0.000000e+00  0.000000e+00  3.113205e-01  0.000000e+00
[136]  0.000000e+00  0.000000e+00  0.000000e+00  0.000000e+00  0.000000e+00
[141]  0.000000e+00 -6.804361e-02  0.000000e+00  0.000000e+00  0.000000e+00
[146]  0.000000e+00  0.000000e+00  0.000000e+00  0.000000e+00  0.000000e+00
[151]  0.000000e+00  0.000000e+00  0.000000e+00  0.000000e+00  0.000000e+00
[156] -4.067630e-03  0.000000e+00  0.000000e+00  0.000000e+00  1.363946e-01
[161]  0.000000e+00  0.000000e+00  0.000000e+00  0.000000e+00  0.000000e+00
[166]  0.000000e+00  0.000000e+00  0.000000e+00  0.000000e+00  0.000000e+00
[171]  0.000000e+00  0.000000e+00  2.001990e-02  0.000000e+00  0.000000e+00
[176]  0.000000e+00  0.000000e+00  0.000000e+00  0.000000e+00 -3.799081e-04
[181]  0.000000e+00  0.000000e+00 -1.732126e-05  0.000000e+00  0.000000e+00
[186]  0.000000e+00  0.000000e+00  0.000000e+00  0.000000e+00  0.000000e+00
[191]  0.000000e+00  0.000000e+00  0.000000e+00  0.000000e+00  0.000000e+00
[196]  0.000000e+00  0.000000e+00  0.000000e+00  0.000000e+00  0.000000e+00
[201]  0.000000e+00  0.000000e+00  0.000000e+00  0.000000e+00  0.000000e+00
[206]  0.000000e+00
[1] "broken"
final values in 8th iteration
  [1]  4.316880e-01  9.435186e-01  4.956398e+00  2.753972e+00  1.744725e+00
  [6] -1.822510e-01  0.000000e+00  2.945168e-02  0.000000e+00  0.000000e+00
 [11]  0.000000e+00  0.000000e+00  0.000000e+00  0.000000e+00  0.000000e+00
 [16]  0.000000e+00  0.000000e+00  0.000000e+00  0.000000e+00  0.000000e+00
 [21]  0.000000e+00  0.000000e+00 -1.475510e-01  0.000000e+00  0.000000e+00
 [26]  0.000000e+00  2.040946e-01  0.000000e+00  0.000000e+00 -5.972759e-02
 [31]  0.000000e+00  0.000000e+00  0.000000e+00  7.763015e-02  0.000000e+00
 [36]  0.000000e+00  0.000000e+00  0.000000e+00  0.000000e+00  0.000000e+00
 [41]  0.000000e+00  0.000000e+00  0.000000e+00  0.000000e+00  0.000000e+00
 [46]  0.000000e+00  0.000000e+00  0.000000e+00  0.000000e+00  0.000000e+00
 [51]  0.000000e+00  0.000000e+00  0.000000e+00  0.000000e+00  0.000000e+00
 [56]  0.000000e+00  0.000000e+00  0.000000e+00  0.000000e+00  0.000000e+00
 [61]  0.000000e+00  0.000000e+00  0.000000e+00  0.000000e+00  0.000000e+00
 [66]  0.000000e+00 -5.947959e-04  0.000000e+00  0.000000e+00  0.000000e+00
 [71]  0.000000e+00  0.000000e+00  0.000000e+00  0.000000e+00  0.000000e+00
 [76]  0.000000e+00  0.000000e+00  0.000000e+00  0.000000e+00  0.000000e+00
 [81]  0.000000e+00  0.000000e+00  0.000000e+00  0.000000e+00 -9.911575e-02
 [86]  4.320537e-05  0.000000e+00  0.000000e+00  0.000000e+00  0.000000e+00
 [91]  0.000000e+00  0.000000e+00  0.000000e+00  0.000000e+00  0.000000e+00
 [96]  1.316787e-02  0.000000e+00  0.000000e+00  0.000000e+00  0.000000e+00
[101]  0.000000e+00  0.000000e+00  0.000000e+00  0.000000e+00  9.247453e-02
[106]  0.000000e+00  0.000000e+00  0.000000e+00  0.000000e+00  0.000000e+00
[111]  0.000000e+00  0.000000e+00  0.000000e+00  0.000000e+00  0.000000e+00
[116]  0.000000e+00 -1.259724e-02  0.000000e+00  0.000000e+00  0.000000e+00
[121]  0.000000e+00  0.000000e+00  0.000000e+00  0.000000e+00  0.000000e+00
[126]  0.000000e+00  0.000000e+00  0.000000e+00 -4.146582e-02  0.000000e+00
[131] -5.890552e-05  0.000000e+00  0.000000e+00 -8.485947e-06  0.000000e+00
[136]  0.000000e+00  0.000000e+00  0.000000e+00  0.000000e+00  0.000000e+00
[141]  0.000000e+00  0.000000e+00  0.000000e+00  0.000000e+00  0.000000e+00
[146]  0.000000e+00  0.000000e+00  0.000000e+00  0.000000e+00 -7.273881e-03
[151]  0.000000e+00  0.000000e+00  0.000000e+00  0.000000e+00  0.000000e+00
[156]  0.000000e+00  0.000000e+00  0.000000e+00  0.000000e+00  0.000000e+00
[161]  0.000000e+00  0.000000e+00  0.000000e+00  0.000000e+00  0.000000e+00
[166]  0.000000e+00  0.000000e+00  0.000000e+00  0.000000e+00  0.000000e+00
[171]  0.000000e+00  0.000000e+00  0.000000e+00  0.000000e+00  0.000000e+00
[176]  0.000000e+00  0.000000e+00  0.000000e+00  0.000000e+00  0.000000e+00
[181]  5.898251e-04  0.000000e+00  0.000000e+00  0.000000e+00 -1.409654e-02
[186]  0.000000e+00  0.000000e+00  0.000000e+00  0.000000e+00  0.000000e+00
[191]  0.000000e+00 -1.052790e-02  0.000000e+00  0.000000e+00  0.000000e+00
[196]  0.000000e+00  0.000000e+00  0.000000e+00  0.000000e+00  0.000000e+00
[201]  0.000000e+00  0.000000e+00  0.000000e+00  0.000000e+00  0.000000e+00
[206]  0.000000e+00
[1] "broken"
final values in 9th iteration
  [1]  0.3398116161  0.2236748772  4.4871048369  2.6520642578  1.5628677211
  [6] -0.3459074924  0.0776813799  0.0000000000  0.0000000000  0.0000000000
 [11]  0.0000000000  0.0000000000  0.0000000000  0.0000000000  0.0000000000
 [16]  0.0000000000  0.0000000000  0.0000000000  0.0000000000  0.0000000000
 [21]  0.0000000000  0.0000000000  0.0000000000  0.0000000000  0.0000000000
 [26]  0.0000000000  0.0000000000  0.0000000000  0.0000000000  0.0000000000
 [31]  0.0000000000  0.0000000000  0.0000000000  0.0000000000  0.0000000000
 [36]  0.0000000000  0.0000000000  0.0000000000  0.0530880879  0.0000000000
 [41]  0.0000000000  0.0000000000  0.0021211842  0.0000000000  0.0000000000
 [46]  0.0000000000  0.0000000000  0.0000000000 -0.0477086092  0.0000000000
 [51]  0.0000000000  0.0000000000  0.0000000000  0.0000000000  0.0000000000
 [56]  0.0000000000  0.0000000000  0.0000000000  0.0000000000  0.0000000000
 [61]  0.0000000000  0.0000000000  0.0000000000  0.0000000000  0.0000000000
 [66]  0.0000000000  0.0000000000  0.0000000000  0.0000000000  0.0000000000
 [71]  0.0000000000  0.0000000000  0.0000000000  0.0000000000  0.0000000000
 [76]  0.0000000000  0.0000000000  0.0000000000  0.0000000000  0.0000000000
 [81]  0.0000000000  0.0000000000  0.0000000000  0.0000000000  0.0000000000
 [86]  0.0000000000  0.0000000000  0.0000000000  0.0000000000  0.0000000000
 [91] -0.0493562499  0.0000000000  0.0000000000  0.0000000000 -0.0180623119
 [96]  0.0000000000 -0.0742080726  0.0000000000  0.0000000000  0.0000000000
[101]  0.0000000000  0.0000000000  0.0000000000  0.0000000000  0.0000000000
[106]  0.0000000000  0.0000000000  0.0000000000  0.0000000000  0.1239794278
[111]  0.0000000000  0.0000000000  0.0000000000  0.0000000000 -0.0331209508
[116]  0.0000000000 -0.0280658366  0.0000000000  0.0000000000  0.0000000000
[121]  0.0000000000  0.0000000000  0.0000000000  0.0000000000  0.0707583314
[126]  0.0007597928  0.0000000000  0.0000000000  0.0000000000  0.0000000000
[131]  0.0000000000  0.0000000000  0.0000000000  0.0000000000  0.0000000000
[136]  0.0000000000  0.0000000000  0.0000000000  0.0000000000  0.0000000000
[141]  0.0000000000  0.0000000000  0.0000000000  0.0000000000  0.0000000000
[146]  0.0000000000  0.0000000000  0.0000000000  0.0000000000  0.0000000000
[151]  0.0000000000  0.0000000000  0.0000000000  0.0000000000  0.0000000000
[156]  0.0000000000  0.0000000000  0.0000000000  0.0000000000  0.0000000000
[161]  0.0000000000  0.0000000000  0.0000000000  0.0000000000  0.0000000000
[166]  0.0000000000  0.0000000000  0.0000000000  0.0000000000  0.0000000000
[171]  0.0000000000  0.0000000000  0.0000000000  0.0332886609  0.0000000000
[176]  0.0000000000  0.0000000000  0.0000000000  0.0000000000  0.0000000000
[181]  0.0000000000  0.0000000000  0.0000000000  0.0000000000  0.0000000000
[186]  0.0000000000  0.0000000000  0.0000000000  0.0000000000  0.0000000000
[191]  0.0000000000  0.0000000000  0.0000000000  0.0000000000  0.0000000000
[196]  0.0000000000  0.0000000000  0.0000000000  0.0000000000  0.0000000000
[201]  0.0000000000  0.0000000000  0.0000000000  0.0000000000  0.0000000000
[206]  0.0000000000
[1] "broken"
[1] "broken"
[1] "broken"
final values in 10th iteration
  [1]  4.925755e-01  1.386354e+00  4.990174e+00  2.671402e+00  1.900677e+00
  [6] -2.530813e-01 -8.431554e-05  0.000000e+00  0.000000e+00  0.000000e+00
 [11]  0.000000e+00  0.000000e+00  0.000000e+00  0.000000e+00  0.000000e+00
 [16]  0.000000e+00  0.000000e+00  0.000000e+00  0.000000e+00  0.000000e+00
 [21]  3.144797e-03  0.000000e+00  0.000000e+00  0.000000e+00  0.000000e+00
 [26]  0.000000e+00  0.000000e+00  0.000000e+00  0.000000e+00  8.528951e-03
 [31]  0.000000e+00  4.733867e-02  0.000000e+00  0.000000e+00  0.000000e+00
 [36]  0.000000e+00  0.000000e+00  0.000000e+00  0.000000e+00  0.000000e+00
 [41]  0.000000e+00  0.000000e+00  0.000000e+00  0.000000e+00  0.000000e+00
 [46]  0.000000e+00  0.000000e+00  0.000000e+00  0.000000e+00  0.000000e+00
 [51] -1.578868e-03  0.000000e+00  1.727248e-03  0.000000e+00  0.000000e+00
 [56]  0.000000e+00  0.000000e+00  0.000000e+00  0.000000e+00  0.000000e+00
 [61]  0.000000e+00  0.000000e+00  7.552423e-05 -2.137503e-02  0.000000e+00
 [66]  0.000000e+00 -3.382098e-05  0.000000e+00  0.000000e+00  0.000000e+00
 [71]  0.000000e+00  0.000000e+00  0.000000e+00  0.000000e+00  0.000000e+00
 [76]  0.000000e+00  0.000000e+00  0.000000e+00  0.000000e+00  2.621848e-05
 [81]  0.000000e+00  4.482580e-03  0.000000e+00  0.000000e+00  0.000000e+00
 [86]  0.000000e+00  3.854779e-02  0.000000e+00  0.000000e+00  0.000000e+00
 [91]  0.000000e+00  0.000000e+00  0.000000e+00  0.000000e+00  0.000000e+00
 [96]  0.000000e+00  0.000000e+00  0.000000e+00  0.000000e+00  0.000000e+00
[101] -6.834641e-02  0.000000e+00 -6.198239e-03  0.000000e+00  1.325540e-03
[106]  0.000000e+00  0.000000e+00  0.000000e+00 -3.274912e-02  0.000000e+00
[111] -2.190944e-03  0.000000e+00  0.000000e+00  0.000000e+00  0.000000e+00
[116]  0.000000e+00  0.000000e+00  0.000000e+00  0.000000e+00  2.632346e-04
[121]  0.000000e+00  0.000000e+00  0.000000e+00  0.000000e+00  0.000000e+00
[126]  0.000000e+00  0.000000e+00  0.000000e+00  0.000000e+00  0.000000e+00
[131]  0.000000e+00  0.000000e+00  0.000000e+00  0.000000e+00  0.000000e+00
[136]  0.000000e+00  0.000000e+00  0.000000e+00  0.000000e+00  0.000000e+00
[141]  0.000000e+00  6.057982e-02 -2.570951e-02  0.000000e+00  0.000000e+00
[146]  0.000000e+00  0.000000e+00  0.000000e+00  0.000000e+00  0.000000e+00
[151] -3.340824e-03  0.000000e+00  0.000000e+00  0.000000e+00  0.000000e+00
[156]  0.000000e+00 -4.564818e-04  0.000000e+00  0.000000e+00  0.000000e+00
[161]  0.000000e+00 -5.347367e-03 -2.949133e-04  0.000000e+00  0.000000e+00
[166]  0.000000e+00  0.000000e+00  0.000000e+00  0.000000e+00 -4.825739e-04
[171]  3.425546e-04  0.000000e+00  0.000000e+00 -4.370213e-02 -1.027050e-01
[176]  0.000000e+00  0.000000e+00  1.346752e-04  0.000000e+00  0.000000e+00
[181]  0.000000e+00  0.000000e+00  1.560643e-03  0.000000e+00  0.000000e+00
[186]  0.000000e+00  0.000000e+00  0.000000e+00  5.556327e-02  0.000000e+00
[191]  0.000000e+00  0.000000e+00  0.000000e+00  0.000000e+00  0.000000e+00
[196]  0.000000e+00  0.000000e+00 -1.003225e-03  0.000000e+00  0.000000e+00
[201] -2.122821e-05  0.000000e+00  0.000000e+00  3.839786e-02  0.000000e+00
[206]  0.000000e+00
           [,1]        [,2]     [,3]      [,4]      [,5]        [,6]
 [1,] 0.2950397 -0.04429140 4.760406 2.3442137 1.2613412  0.00000000
 [2,] 0.3777140  0.63688195 4.590629 2.5889879 1.6348011 -0.14965565
 [3,] 0.2906435  0.29686251 4.370345 2.4742115 1.4347044 -0.29666175
 [4,] 0.2833983 -0.05440859 4.009175 1.7829463 1.3619913 -0.01104919
 [5,] 0.3999522  0.85315535 4.777700 2.6879163 1.6256877  0.00000000
 [6,] 0.4127766  0.95486362 4.989738 2.6326692 1.6333928 -0.19000633
 [7,] 0.3088548 -0.39696722 4.225031 0.5986068 0.4936112  0.00000000
 [8,] 0.4316880  0.94351857 4.956398 2.7539720 1.7447252 -0.18225099
 [9,] 0.3398116  0.22367488 4.487105 2.6520643 1.5628677 -0.34590749
[10,] 0.4925755  1.38635437 4.990174 2.6714023 1.9006771 -0.25308129
               [,7]        [,8] [,9]       [,10] [,11]      [,12] [,13] [,14]
 [1,]  0.000000e+00  0.00000000    0  0.00000000     0 0.00000000     0     0
 [2,]  0.000000e+00  0.00000000    0  0.00000000     0 0.00000000     0     0
 [3,]  0.000000e+00  0.00000000    0 -0.05784111     0 0.06712319     0     0
 [4,]  0.000000e+00  0.19825651    0  0.00000000     0 0.18064695     0     0
 [5,]  0.000000e+00  0.00000000    0  0.00000000     0 0.00000000     0     0
 [6,]  0.000000e+00  0.00000000    0  0.00000000     0 0.00000000     0     0
 [7,]  0.000000e+00 -0.13823557    0  0.00000000     0 0.00000000     0     0
 [8,]  0.000000e+00  0.02945168    0  0.00000000     0 0.00000000     0     0
 [9,]  7.768138e-02  0.00000000    0  0.00000000     0 0.00000000     0     0
[10,] -8.431554e-05  0.00000000    0  0.00000000     0 0.00000000     0     0
      [,15]         [,16]     [,17]         [,18] [,19] [,20]        [,21]
 [1,]     0  0.0000000000 0.0000000  0.0000000000     0     0  0.000000000
 [2,]     0  0.0000000000 0.1195836  0.0000000000     0     0  0.000000000
 [3,]     0  0.0000000000 0.0000000  0.0000000000     0     0  0.000000000
 [4,]     0  0.0000000000 0.0000000 -0.0002529629     0     0  0.000000000
 [5,]     0 -0.0395813650 0.0000000  0.0000000000     0     0  0.000000000
 [6,]     0 -0.0001508682 0.0000000  0.0000000000     0     0 -0.001138664
 [7,]     0  0.0000000000 0.0000000  0.0000000000     0     0  0.010238912
 [8,]     0  0.0000000000 0.0000000  0.0000000000     0     0  0.000000000
 [9,]     0  0.0000000000 0.0000000  0.0000000000     0     0  0.000000000
[10,]     0  0.0000000000 0.0000000  0.0000000000     0     0  0.003144797
             [,22]       [,23] [,24]         [,25] [,26]        [,27]
 [1,]  0.000000000  0.00000000     0  0.000000e+00     0 0.0000000000
 [2,]  0.000000000  0.00000000     0  0.000000e+00     0 0.0002933381
 [3,] -0.001506982  0.09568722     0  0.000000e+00     0 0.0000000000
 [4,] -0.068395798  0.00000000     0  0.000000e+00     0 0.0000000000
 [5,]  0.000000000  0.00000000     0  0.000000e+00     0 0.0000000000
 [6,]  0.000000000  0.00000000     0 -2.538948e-05     0 0.0000000000
 [7,]  0.000000000  0.00000000     0  0.000000e+00     0 0.0000000000
 [8,]  0.000000000 -0.14755100     0  0.000000e+00     0 0.2040945781
 [9,]  0.000000000  0.00000000     0  0.000000e+00     0 0.0000000000
[10,]  0.000000000  0.00000000     0  0.000000e+00     0 0.0000000000
           [,28]      [,29]        [,30] [,31]         [,32]         [,33]
 [1,]  0.0000000 0.09838045  0.000000000     0  3.978871e-05  0.000000e+00
 [2,]  0.0000000 0.00000000  0.000000000     0  0.000000e+00 -1.965774e-05
 [3,]  0.0000000 0.00000000  0.000000000     0 -4.085485e-03  0.000000e+00
 [4,]  0.0000000 0.00000000  0.000000000     0  0.000000e+00  0.000000e+00
 [5,]  0.0000000 0.00000000  0.000000000     0  0.000000e+00  7.787438e-02
 [6,]  0.0000000 0.00000000  0.000000000     0  0.000000e+00  0.000000e+00
 [7,] -0.1615064 0.00000000  0.000000000     0  0.000000e+00  0.000000e+00
 [8,]  0.0000000 0.00000000 -0.059727594     0  0.000000e+00  0.000000e+00
 [9,]  0.0000000 0.00000000  0.000000000     0  0.000000e+00  0.000000e+00
[10,]  0.0000000 0.00000000  0.008528951     0  4.733867e-02  0.000000e+00
             [,34]         [,35]        [,36] [,37]       [,38]         [,39]
 [1,] 0.000000e+00 -0.0675609396 0.0000000000     0  0.00000000  0.0000000000
 [2,] 0.000000e+00  0.0002495398 0.0000000000     0  0.00000000  0.0000000000
 [3,] 0.000000e+00  0.0000000000 0.0000000000     0  0.00000000 -0.0396153515
 [4,] 0.000000e+00  0.0000000000 0.0000000000     0  0.00000000  0.0000000000
 [5,] 3.881134e-05  0.0000000000 0.0000000000     0  0.00000000  0.0001977535
 [6,] 0.000000e+00 -0.0651901146 0.0000000000     0 -0.07219464  0.0000000000
 [7,] 0.000000e+00  0.0000000000 0.0001643702     0  0.00000000  0.0000000000
 [8,] 7.763015e-02  0.0000000000 0.0000000000     0  0.00000000  0.0000000000
 [9,] 0.000000e+00  0.0000000000 0.0000000000     0  0.00000000  0.0530880879
[10,] 0.000000e+00  0.0000000000 0.0000000000     0  0.00000000  0.0000000000
             [,40] [,41]        [,42]       [,43]      [,44]    [,45]
 [1,]  0.089757395     0 0.0000000000 0.039031588 0.00000000 0.000000
 [2,]  0.000000000     0 0.0000000000 0.000000000 0.00000000 0.000000
 [3,]  0.000000000     0 0.1047417555 0.000000000 0.00000000 0.000000
 [4,]  0.000000000     0 0.0007241756 0.000000000 0.19816773 0.000000
 [5,]  0.000000000     0 0.0000000000 0.000000000 0.00000000 0.000000
 [6,]  0.000000000     0 0.0000000000 0.000000000 0.03439019 0.000000
 [7,] -0.005867344     0 0.0000000000 0.000000000 0.00000000 0.440947
 [8,]  0.000000000     0 0.0000000000 0.000000000 0.00000000 0.000000
 [9,]  0.000000000     0 0.0000000000 0.002121184 0.00000000 0.000000
[10,]  0.000000000     0 0.0000000000 0.000000000 0.00000000 0.000000
             [,46] [,47] [,48]         [,49]      [,50]        [,51] [,52]
 [1,]  0.000000000     0     0 -0.0001082107 0.06589998  0.000000000     0
 [2,]  0.000000000     0     0  0.0000000000 0.00000000  0.000000000     0
 [3,]  0.000000000     0     0  0.0000000000 0.00000000  0.000000000     0
 [4,]  0.000000000     0     0  0.0000000000 0.00000000  0.000000000     0
 [5,]  0.000000000     0     0  0.0000000000 0.00000000 -0.138928711     0
 [6,] -0.003565605     0     0  0.0000000000 0.00000000  0.000000000     0
 [7,]  0.205763570     0     0  0.0000000000 0.00000000  0.000000000     0
 [8,]  0.000000000     0     0  0.0000000000 0.00000000  0.000000000     0
 [9,]  0.000000000     0     0 -0.0477086092 0.00000000  0.000000000     0
[10,]  0.000000000     0     0  0.0000000000 0.00000000 -0.001578868     0
              [,53] [,54] [,55] [,56] [,57]       [,58]        [,59] [,60]
 [1,]  0.000000e+00     0     0     0     0 0.000000000 4.245061e-07     0
 [2,]  0.000000e+00     0     0     0     0 0.000000000 0.000000e+00     0
 [3,]  0.000000e+00     0     0     0     0 0.000000000 0.000000e+00     0
 [4,] -7.123935e-05     0     0     0     0 0.000000000 0.000000e+00     0
 [5,]  0.000000e+00     0     0     0     0 0.000000000 0.000000e+00     0
 [6,]  0.000000e+00     0     0     0     0 0.000000000 0.000000e+00     0
 [7,]  0.000000e+00     0     0     0     0 0.005349681 0.000000e+00     0
 [8,]  0.000000e+00     0     0     0     0 0.000000000 0.000000e+00     0
 [9,]  0.000000e+00     0     0     0     0 0.000000000 0.000000e+00     0
[10,]  1.727248e-03     0     0     0     0 0.000000000 0.000000e+00     0
             [,61]      [,62]        [,63]       [,64]       [,65]       [,66]
 [1,] 0.0001307009  0.0000000 0.000000e+00  0.00000000 0.000000000  0.00000000
 [2,] 0.0066325058  0.0000000 0.000000e+00  0.00000000 0.000000000  0.00000000
 [3,] 0.0000000000 -0.0918265 0.000000e+00  0.00000000 0.003934905  0.00000000
 [4,] 0.0000000000  0.0000000 0.000000e+00  0.00000000 0.000000000  0.00000000
 [5,] 0.0178993039  0.0000000 0.000000e+00  0.00000000 0.000000000  0.00000000
 [6,] 0.0000000000 -0.1093398 0.000000e+00  0.00000000 0.000000000 -0.02457666
 [7,] 0.0000000000  0.0000000 0.000000e+00  0.12784161 0.000000000  0.00000000
 [8,] 0.0000000000  0.0000000 0.000000e+00  0.00000000 0.000000000  0.00000000
 [9,] 0.0000000000  0.0000000 0.000000e+00  0.00000000 0.000000000  0.00000000
[10,] 0.0000000000  0.0000000 7.552423e-05 -0.02137503 0.000000000  0.00000000
              [,67]      [,68]      [,69]     [,70]       [,71] [,72] [,73]
 [1,]  0.000000e+00 0.02289132 0.00000000 0.0000000 0.000000000     0     0
 [2,]  0.000000e+00 0.00000000 0.00000000 0.1101524 0.000000000     0     0
 [3,]  0.000000e+00 0.00000000 0.00000000 0.0000000 0.000000000     0     0
 [4,]  0.000000e+00 0.00000000 0.00000000 0.0000000 0.000000000     0     0
 [5,]  0.000000e+00 0.00000000 0.00000000 0.0000000 0.002574122     0     0
 [6,]  0.000000e+00 0.00000000 0.00000000 0.0000000 0.000000000     0     0
 [7,]  0.000000e+00 0.00000000 0.09995953 0.0000000 0.000000000     0     0
 [8,] -5.947959e-04 0.00000000 0.00000000 0.0000000 0.000000000     0     0
 [9,]  0.000000e+00 0.00000000 0.00000000 0.0000000 0.000000000     0     0
[10,] -3.382098e-05 0.00000000 0.00000000 0.0000000 0.000000000     0     0
              [,74]         [,75]       [,76] [,77] [,78]      [,79]
 [1,] -0.0002962428  0.0002957074  0.00000000     0     0  0.0000000
 [2,]  0.0000000000  0.0000000000  0.00000000     0     0  0.0000000
 [3,]  0.0000000000  0.0000000000  0.09597819     0     0  0.0000000
 [4,]  0.0000000000 -0.0179011665  0.00000000     0     0  0.0000000
 [5,]  0.0000000000  0.0294322444 -0.06854711     0     0 -0.0226995
 [6,]  0.0000000000  0.0000000000 -0.02693924     0     0  0.0000000
 [7,]  0.0000000000  0.0000000000  0.00000000     0     0  0.0000000
 [8,]  0.0000000000  0.0000000000  0.00000000     0     0  0.0000000
 [9,]  0.0000000000  0.0000000000  0.00000000     0     0  0.0000000
[10,]  0.0000000000  0.0000000000  0.00000000     0     0  0.0000000
              [,80]    [,81]       [,82]         [,83] [,84]       [,85]
 [1,]  0.000000e+00 0.000000  0.00000000  0.000000e+00     0  0.00000000
 [2,]  0.000000e+00 0.177172  0.00000000 -7.150661e-05     0  0.00000000
 [3,]  0.000000e+00 0.000000  0.00000000  0.000000e+00     0  0.00000000
 [4,] -2.537714e-03 0.000000  0.00000000  0.000000e+00     0  0.00000000
 [5,]  0.000000e+00 0.000000  0.00000000  1.081684e-01     0  0.00000000
 [6,]  0.000000e+00 0.000000 -0.01526944  0.000000e+00     0  0.00000000
 [7,]  0.000000e+00 0.000000  0.00000000  0.000000e+00     0  0.00000000
 [8,]  0.000000e+00 0.000000  0.00000000  0.000000e+00     0 -0.09911575
 [9,]  0.000000e+00 0.000000  0.00000000  0.000000e+00     0  0.00000000
[10,]  2.621848e-05 0.000000  0.00448258  0.000000e+00     0  0.00000000
             [,86]        [,87]     [,88]        [,89]         [,90]
 [1,] 0.000000e+00 0.000000e+00  0.000000 0.0000000000  0.0000000000
 [2,] 0.000000e+00 0.000000e+00  0.000000 0.0000000000  0.0001986588
 [3,] 0.000000e+00 3.742349e-05  0.000000 0.0000000000  0.0000000000
 [4,] 0.000000e+00 0.000000e+00  0.000000 0.0000000000 -0.0730049659
 [5,] 0.000000e+00 0.000000e+00  0.000000 0.0001616273  0.0000000000
 [6,] 0.000000e+00 0.000000e+00  0.000000 0.0000000000  0.0000000000
 [7,] 0.000000e+00 3.043436e-01 -0.169361 0.0000000000  0.0000000000
 [8,] 4.320537e-05 0.000000e+00  0.000000 0.0000000000  0.0000000000
 [9,] 0.000000e+00 0.000000e+00  0.000000 0.0000000000  0.0000000000
[10,] 0.000000e+00 3.854779e-02  0.000000 0.0000000000  0.0000000000
            [,91] [,92] [,93] [,94]         [,95]       [,96]         [,97]
 [1,]  0.00000000     0     0     0  0.000000e+00 -0.16697299  3.076380e-06
 [2,]  0.00000000     0     0     0  0.000000e+00  0.00000000  0.000000e+00
 [3,]  0.00000000     0     0     0  4.366224e-02  0.00000000  0.000000e+00
 [4,]  0.00000000     0     0     0  2.165412e-05  0.00000000  1.088077e-04
 [5,]  0.00000000     0     0     0  0.000000e+00  0.00000000  0.000000e+00
 [6,]  0.00000000     0     0     0  0.000000e+00  0.00000000  0.000000e+00
 [7,] -0.59229712     0     0     0 -1.941807e-03  0.00000000  0.000000e+00
 [8,]  0.00000000     0     0     0  0.000000e+00  0.01316787  0.000000e+00
 [9,] -0.04935625     0     0     0 -1.806231e-02  0.00000000 -7.420807e-02
[10,]  0.00000000     0     0     0  0.000000e+00  0.00000000  0.000000e+00
      [,98]        [,99]        [,100]      [,101] [,102]       [,103] [,104]
 [1,]     0  0.000000000  0.000000e+00  0.00000000      0  0.000000000      0
 [2,]     0 -0.001212295  0.000000e+00  0.00000000      0  0.000000000      0
 [3,]     0  0.000000000  0.000000e+00  0.00000000      0  0.000000000      0
 [4,]     0 -0.003675965  0.000000e+00  0.00000000      0  0.000000000      0
 [5,]     0  0.000000000  0.000000e+00  0.00000000      0  0.000000000      0
 [6,]     0  0.000000000  0.000000e+00  0.00000000      0  0.000000000      0
 [7,]     0  0.000000000 -6.798771e-05  0.00000000      0  0.000000000      0
 [8,]     0  0.000000000  0.000000e+00  0.00000000      0  0.000000000      0
 [9,]     0  0.000000000  0.000000e+00  0.00000000      0  0.000000000      0
[10,]     0  0.000000000  0.000000e+00 -0.06834641      0 -0.006198239      0
          [,105] [,106]    [,107]     [,108]        [,109]       [,110]
 [1,] 0.00000000      0 0.0000000  0.0000000  0.0000000000  0.000000000
 [2,] 0.00000000      0 0.0000000 -0.1582606  0.0000000000  0.000000000
 [3,] 0.03878633      0 0.0000000  0.0000000  0.0000000000  0.000000000
 [4,] 0.00000000      0 0.0000000  0.0000000  0.0000000000  0.000000000
 [5,] 0.02223649      0 0.0000000  0.0000000  0.0000000000  0.000000000
 [6,] 0.00000000      0 0.0000000  0.0000000  0.0001080827 -0.007805447
 [7,] 0.00000000      0 0.2094094  0.0000000  0.0000000000  0.000000000
 [8,] 0.09247453      0 0.0000000  0.0000000  0.0000000000  0.000000000
 [9,] 0.00000000      0 0.0000000  0.0000000  0.0000000000  0.123979428
[10,] 0.00132554      0 0.0000000  0.0000000 -0.0327491196  0.000000000
            [,111]      [,112]     [,113] [,114]      [,115] [,116]      [,117]
 [1,]  0.000000000  0.00000000 0.00000000      0  0.00000000      0  0.00000000
 [2,]  0.000000000  0.00000000 0.00000000      0  0.00000000      0  0.00000000
 [3,]  0.000000000 -0.04252475 0.00000000      0 -0.19538809      0 -0.01491861
 [4,]  0.000000000  0.00000000 0.00000000      0  0.00000000      0  0.00000000
 [5,]  0.000000000  0.00000000 0.00000000      0  0.00000000      0  0.00000000
 [6,]  0.000000000  0.00000000 0.04840781      0  0.02940154      0  0.00000000
 [7,]  0.000000000  0.00000000 0.00000000      0  0.00000000      0  0.00000000
 [8,]  0.000000000  0.00000000 0.00000000      0  0.00000000      0 -0.01259724
 [9,]  0.000000000  0.00000000 0.00000000      0 -0.03312095      0 -0.02806584
[10,] -0.002190944  0.00000000 0.00000000      0  0.00000000      0  0.00000000
          [,118]       [,119]       [,120] [,121]        [,122]        [,123]
 [1,]  0.0000000  0.000000000 0.1051651788      0  0.0000000000 -0.0006965671
 [2,]  0.0000000  0.000000000 0.0000000000      0  0.0000000000  0.0000000000
 [3,]  0.0000000  0.000000000 0.1936204959      0  0.0000000000  0.0000000000
 [4,] -0.1174929  0.000000000 0.0000000000      0 -0.0002150837 -0.1193149675
 [5,]  0.0000000 -0.009923179 0.0000000000      0  0.0000000000  0.0000000000
 [6,]  0.0000000  0.000000000 0.0000000000      0  0.0000000000  0.0000000000
 [7,]  0.0000000  0.000000000 0.0000000000      0  0.0066046519  0.0000000000
 [8,]  0.0000000  0.000000000 0.0000000000      0  0.0000000000  0.0000000000
 [9,]  0.0000000  0.000000000 0.0000000000      0  0.0000000000  0.0000000000
[10,]  0.0000000  0.000000000 0.0002632346      0  0.0000000000  0.0000000000
            [,124]      [,125]       [,126] [,127]     [,128]      [,129]
 [1,] 0.0000000000 -0.06276908 0.0000000000      0 0.00000000  0.00000000
 [2,] 0.0006030546  0.00000000 0.0000000000      0 0.00000000  0.00000000
 [3,] 0.0000000000  0.00000000 0.0000000000      0 0.00000000  0.00000000
 [4,] 0.0000000000  0.00000000 0.0000000000      0 0.00000000 -0.10531779
 [5,] 0.0000000000  0.00000000 0.0000000000      0 0.00000000  0.00000000
 [6,] 0.0000000000  0.00000000 0.0000000000      0 0.00000000  0.00000000
 [7,] 0.0000000000  0.00000000 0.0000000000      0 0.01335218 -0.04879995
 [8,] 0.0000000000  0.00000000 0.0000000000      0 0.00000000 -0.04146582
 [9,] 0.0000000000  0.07075833 0.0007597928      0 0.00000000  0.00000000
[10,] 0.0000000000  0.00000000 0.0000000000      0 0.00000000  0.00000000
      [,130]        [,131]      [,132]        [,133]        [,134] [,135]
 [1,]      0  0.000000e+00 -0.03744515  0.0000000000  0.000000e+00      0
 [2,]      0  0.000000e+00  0.00000000  0.0000000000  0.000000e+00      0
 [3,]      0  0.000000e+00  0.00000000  0.0000000000  0.000000e+00      0
 [4,]      0  1.328840e-05  0.00000000 -0.0001526876  0.000000e+00      0
 [5,]      0  0.000000e+00  0.00000000  0.0000000000  0.000000e+00      0
 [6,]      0  0.000000e+00  0.00000000  0.0000000000  0.000000e+00      0
 [7,]      0  0.000000e+00  0.00000000  0.0000000000  3.113205e-01      0
 [8,]      0 -5.890552e-05  0.00000000  0.0000000000 -8.485947e-06      0
 [9,]      0  0.000000e+00  0.00000000  0.0000000000  0.000000e+00      0
[10,]      0  0.000000e+00  0.00000000  0.0000000000  0.000000e+00      0
            [,136]     [,137]       [,138] [,139]        [,140]     [,141]
 [1,]  0.001377613 -0.1019265  0.000000000      0  0.000000e+00 0.00000000
 [2,]  0.000000000  0.0000000  0.000000000      0  0.000000e+00 0.03943746
 [3,] -0.048337120  0.0000000  0.004839449      0  0.000000e+00 0.00000000
 [4,]  0.000000000  0.0000000 -0.008449983      0 -5.393248e-04 0.00000000
 [5,]  0.000000000  0.0000000  0.000000000      0  3.411616e-05 0.00000000
 [6,]  0.000000000  0.0000000  0.000000000      0  0.000000e+00 0.00000000
 [7,]  0.000000000  0.0000000  0.000000000      0  0.000000e+00 0.00000000
 [8,]  0.000000000  0.0000000  0.000000000      0  0.000000e+00 0.00000000
 [9,]  0.000000000  0.0000000  0.000000000      0  0.000000e+00 0.00000000
[10,]  0.000000000  0.0000000  0.000000000      0  0.000000e+00 0.00000000
           [,142]      [,143] [,144]      [,145] [,146]      [,147]
 [1,]  0.00000000  0.00000000      0  0.00000000      0 0.000000000
 [2,]  0.00000000  0.00000000      0 -0.06990379      0 0.000000000
 [3,]  0.00000000  0.00000000      0  0.00000000      0 0.000000000
 [4,]  0.00000000  0.00000000      0  0.00000000      0 0.000000000
 [5,]  0.00000000  0.00000000      0  0.00000000      0 0.000907965
 [6,]  0.00000000  0.00000000      0  0.00000000      0 0.000000000
 [7,] -0.06804361  0.00000000      0  0.00000000      0 0.000000000
 [8,]  0.00000000  0.00000000      0  0.00000000      0 0.000000000
 [9,]  0.00000000  0.00000000      0  0.00000000      0 0.000000000
[10,]  0.06057982 -0.02570951      0  0.00000000      0 0.000000000
            [,148]     [,149]       [,150]       [,151]       [,152]
 [1,] 0.000000e+00 0.00000000  0.000000000  0.000000000 -0.025336737
 [2,] 0.000000e+00 0.04175824  0.000000000 -0.012719028  0.000000000
 [3,] 0.000000e+00 0.00000000  0.000000000  0.000000000  0.000000000
 [4,] 0.000000e+00 0.00000000 -0.047890241  0.000000000  0.000000000
 [5,] 0.000000e+00 0.00000000  0.000000000  0.000000000  0.007753386
 [6,] 2.728461e-06 0.00000000  0.000000000  0.000000000  0.000000000
 [7,] 0.000000e+00 0.00000000  0.000000000  0.000000000  0.000000000
 [8,] 0.000000e+00 0.00000000 -0.007273881  0.000000000  0.000000000
 [9,] 0.000000e+00 0.00000000  0.000000000  0.000000000  0.000000000
[10,] 0.000000e+00 0.00000000  0.000000000 -0.003340824  0.000000000
            [,153]      [,154]     [,155]        [,156]        [,157]
 [1,] 0.000000e+00 0.000000000 0.00000000 -2.763366e-05  0.0000000000
 [2,] 0.000000e+00 0.000000000 0.00000000  0.000000e+00  0.0000000000
 [3,] 5.012943e-06 0.000000000 0.00000000  0.000000e+00  0.0000000000
 [4,] 0.000000e+00 0.000000000 0.00000000  0.000000e+00  0.0000000000
 [5,] 0.000000e+00 0.003699199 0.00000000  0.000000e+00  0.0000000000
 [6,] 0.000000e+00 0.000000000 0.08686067  0.000000e+00  0.0000000000
 [7,] 0.000000e+00 0.000000000 0.00000000 -4.067630e-03  0.0000000000
 [8,] 0.000000e+00 0.000000000 0.00000000  0.000000e+00  0.0000000000
 [9,] 0.000000e+00 0.000000000 0.00000000  0.000000e+00  0.0000000000
[10,] 0.000000e+00 0.000000000 0.00000000  0.000000e+00 -0.0004564818
          [,158]        [,159]    [,160]     [,161]       [,162]        [,163]
 [1,] 0.00000000 -0.0001013148 0.0000000 0.00000000  0.000000000  0.000000e+00
 [2,] 0.09593672  0.0000000000 0.0000000 0.00000000  0.000000000  0.000000e+00
 [3,] 0.00000000  0.0000000000 0.0000000 0.00000000  0.000000000  2.710159e-05
 [4,] 0.00000000  0.0000000000 0.0000000 0.04946261  0.000000000  4.082973e-02
 [5,] 0.00000000  0.0000000000 0.0000000 0.00000000  0.000000000  0.000000e+00
 [6,] 0.00000000  0.0000000000 0.0000000 0.00000000  0.000000000  0.000000e+00
 [7,] 0.00000000  0.0000000000 0.1363946 0.00000000  0.000000000  0.000000e+00
 [8,] 0.00000000  0.0000000000 0.0000000 0.00000000  0.000000000  0.000000e+00
 [9,] 0.00000000  0.0000000000 0.0000000 0.00000000  0.000000000  0.000000e+00
[10,] 0.00000000  0.0000000000 0.0000000 0.00000000 -0.005347367 -2.949133e-04
      [,164]      [,165] [,166]     [,167] [,168]      [,169]        [,170]
 [1,]      0  0.00000000      0  0.0000000      0 0.005881563  0.0000000000
 [2,]      0 -0.09574303      0  0.0000000      0 0.000000000  0.0000000000
 [3,]      0  0.00000000      0 -0.1599414      0 0.000000000  0.0000000000
 [4,]      0  0.00000000      0  0.0000000      0 0.000000000  0.0005970864
 [5,]      0  0.00000000      0  0.0000000      0 0.000000000  0.0000000000
 [6,]      0  0.00000000      0  0.0000000      0 0.000000000  0.0000000000
 [7,]      0  0.00000000      0  0.0000000      0 0.000000000  0.0000000000
 [8,]      0  0.00000000      0  0.0000000      0 0.000000000  0.0000000000
 [9,]      0  0.00000000      0  0.0000000      0 0.000000000  0.0000000000
[10,]      0  0.00000000      0  0.0000000      0 0.000000000 -0.0004825739
            [,171] [,172]     [,173]       [,174]     [,175]      [,176]
 [1,] 0.0000000000      0 -0.1474099  0.000000000  0.0000000 0.000000000
 [2,] 0.0000000000      0  0.0000000  0.000000000  0.0000000 0.000000000
 [3,] 0.0000000000      0  0.0000000  0.040788344  0.0000000 0.000000000
 [4,] 0.0000000000      0  0.0000000  0.000000000  0.2790484 0.000000000
 [5,] 0.0000000000      0  0.0000000  0.000000000  0.0000000 0.000000000
 [6,] 0.0000000000      0  0.0000000  0.008862551  0.0000000 0.001185542
 [7,] 0.0000000000      0  0.0200199  0.000000000  0.0000000 0.000000000
 [8,] 0.0000000000      0  0.0000000  0.000000000  0.0000000 0.000000000
 [9,] 0.0000000000      0  0.0000000  0.033288661  0.0000000 0.000000000
[10,] 0.0003425546      0  0.0000000 -0.043702128 -0.1027050 0.000000000
          [,177]       [,178]     [,179]        [,180]       [,181] [,182]
 [1,] 0.00000000 0.0619426529 0.00000000  0.0077688943 0.0000000000      0
 [2,] 0.05527522 0.0000000000 0.00000000  0.0020643480 0.0000000000      0
 [3,] 0.00000000 0.1015824239 0.00000000  0.0000000000 0.0241331960      0
 [4,] 0.34937505 0.0000000000 0.03990787  0.0000000000 0.0000000000      0
 [5,] 0.04837687 0.0000000000 0.00000000  0.0000000000 0.0000000000      0
 [6,] 0.00000000 0.0000000000 0.00000000  0.0000000000 0.0000000000      0
 [7,] 0.00000000 0.0000000000 0.00000000 -0.0003799081 0.0000000000      0
 [8,] 0.00000000 0.0000000000 0.00000000  0.0000000000 0.0005898251      0
 [9,] 0.00000000 0.0000000000 0.00000000  0.0000000000 0.0000000000      0
[10,] 0.00000000 0.0001346752 0.00000000  0.0000000000 0.0000000000      0
             [,183]     [,184]      [,185]      [,186]        [,187] [,188]
 [1,]  0.000000e+00  0.0000000  0.00000000 0.000000000  0.000000e+00      0
 [2,]  0.000000e+00  0.0000000  0.00000000 0.000000000  2.348927e-05      0
 [3,]  0.000000e+00  0.0000000  0.00000000 0.000000000  0.000000e+00      0
 [4,]  0.000000e+00  0.0000000  0.00000000 0.000230577  1.384205e-04      0
 [5,]  0.000000e+00  0.0000000  0.00000000 0.000000000 -2.598899e-02      0
 [6,]  0.000000e+00 -0.1950667  0.00000000 0.000000000  0.000000e+00      0
 [7,] -1.732126e-05  0.0000000  0.00000000 0.000000000  0.000000e+00      0
 [8,]  0.000000e+00  0.0000000 -0.01409654 0.000000000  0.000000e+00      0
 [9,]  0.000000e+00  0.0000000  0.00000000 0.000000000  0.000000e+00      0
[10,]  1.560643e-03  0.0000000  0.00000000 0.000000000  0.000000e+00      0
           [,189] [,190]     [,191]     [,192] [,193]        [,194]
 [1,]  0.00000000      0  0.0000000  0.0000000      0 -0.0003539416
 [2,]  0.00000000      0  0.0000000  0.0000000      0  0.0000000000
 [3,]  0.00000000      0 -0.1788507  0.0000000      0  0.0000000000
 [4,]  0.00000000      0  0.0000000  0.0000000      0  0.0000000000
 [5,] -0.15128855      0  0.0000000  0.0000000      0  0.0000000000
 [6,]  0.05300803      0  0.0000000  0.0000000      0  0.0000000000
 [7,]  0.00000000      0  0.0000000  0.0000000      0  0.0000000000
 [8,]  0.00000000      0  0.0000000 -0.0105279      0  0.0000000000
 [9,]  0.00000000      0  0.0000000  0.0000000      0  0.0000000000
[10,]  0.05556327      0  0.0000000  0.0000000      0  0.0000000000
            [,195] [,196] [,197]       [,198]     [,199] [,200]        [,201]
 [1,] 0.0000000000      0      0  0.000000000 0.00000000      0 -7.911987e-03
 [2,] 0.0002104459      0      0  0.000000000 0.00000000      0  0.000000e+00
 [3,] 0.0000000000      0      0  0.000000000 0.00000000      0  0.000000e+00
 [4,] 0.0000000000      0      0  0.000000000 0.00000000      0  7.605826e-02
 [5,] 0.0000000000      0      0  0.000000000 0.00000000      0  0.000000e+00
 [6,] 0.0000000000      0      0  0.000000000 0.04315834      0  0.000000e+00
 [7,] 0.0000000000      0      0  0.000000000 0.00000000      0  0.000000e+00
 [8,] 0.0000000000      0      0  0.000000000 0.00000000      0  0.000000e+00
 [9,] 0.0000000000      0      0  0.000000000 0.00000000      0  0.000000e+00
[10,] 0.0000000000      0      0 -0.001003225 0.00000000      0 -2.122821e-05
            [,202] [,203]      [,204]      [,205]     [,206]
 [1,] -0.006850070      0  0.00000000  0.00000000 0.00000000
 [2,]  0.000000000      0  0.00000000  0.00000000 0.00000000
 [3,]  0.001912342      0  0.00000000 -0.01935494 0.00000000
 [4,]  0.000000000      0 -0.19844665  0.01537696 0.00000000
 [5,]  0.000000000      0  0.00000000  0.00000000 0.09003355
 [6,]  0.000000000      0  0.00000000  0.00000000 0.00000000
 [7,]  0.000000000      0  0.00000000  0.00000000 0.00000000
 [8,]  0.000000000      0  0.00000000  0.00000000 0.00000000
 [9,]  0.000000000      0  0.00000000  0.00000000 0.00000000
[10,]  0.000000000      0  0.03839786  0.00000000 0.00000000
[1] "Mean"
  [1]  3.632454e-01  4.799644e-01  4.615670e+00  2.318699e+00  1.465380e+00
  [6] -1.428613e-01  7.759706e-03  8.947262e-03  0.000000e+00 -5.784111e-03
 [11]  0.000000e+00  2.477701e-02  0.000000e+00  0.000000e+00  0.000000e+00
 [16] -3.973223e-03  1.195836e-02 -2.529629e-05  0.000000e+00  0.000000e+00
 [21]  1.224505e-03 -6.990278e-03 -5.186378e-03  0.000000e+00 -2.538948e-06
 [26]  0.000000e+00  2.043879e-02 -1.615064e-02  9.838045e-03 -5.119864e-03
 [31]  0.000000e+00  4.329298e-03  7.785472e-03  7.766896e-03 -1.325015e-02
 [36]  1.643702e-05  0.000000e+00 -7.219464e-03  1.367049e-03  8.389005e-03
 [41]  0.000000e+00  1.054659e-02  4.115277e-03  2.325579e-02  4.409470e-02
 [46]  2.021980e-02  0.000000e+00  0.000000e+00 -4.781682e-03  6.589998e-03
 [51] -1.405076e-02  0.000000e+00  1.656009e-04  0.000000e+00  0.000000e+00
 [56]  0.000000e+00  0.000000e+00  5.349681e-04  4.245061e-08  0.000000e+00
 [61]  2.466251e-03 -2.011663e-02  7.552423e-06  1.064666e-02  3.934905e-04
 [66] -2.457666e-03 -6.286169e-05  2.289132e-03  9.995953e-03  1.101524e-02
 [71]  2.574122e-04  0.000000e+00  0.000000e+00 -2.962428e-05  1.182679e-03
 [76]  4.918489e-05  0.000000e+00  0.000000e+00 -2.269950e-03 -2.511496e-04
 [81]  1.771720e-02 -1.078686e-03  1.080969e-02  0.000000e+00 -9.911575e-03
 [86]  4.320537e-06  3.429288e-02 -1.693610e-02  1.616273e-05 -7.280631e-03
 [91] -6.416534e-02  0.000000e+00  0.000000e+00  0.000000e+00  2.367977e-03
 [96] -1.538051e-02 -7.409619e-03  0.000000e+00 -4.888260e-04 -6.798771e-06
[101] -6.834641e-03  0.000000e+00 -6.198239e-04  0.000000e+00  1.548229e-02
[106]  0.000000e+00  2.094094e-02 -1.582606e-02 -3.264104e-03  1.161740e-02
[111] -2.190944e-04 -4.252475e-03  4.840781e-03  0.000000e+00 -1.991075e-02
[116]  0.000000e+00 -5.558169e-03 -1.174929e-02 -9.923179e-04  2.990489e-02
[121]  0.000000e+00  6.389568e-04 -1.200115e-02  6.030546e-05  7.989247e-04
[126]  7.597928e-05  0.000000e+00  1.335218e-03 -1.955836e-02  0.000000e+00
[131] -4.561713e-06 -3.744515e-03 -1.526876e-05  3.113120e-02  0.000000e+00
[136] -4.695951e-03 -1.019265e-02 -3.610534e-04  0.000000e+00 -5.052086e-05
[141]  3.943746e-03 -7.463793e-04 -2.570951e-03  0.000000e+00 -6.990379e-03
[146]  0.000000e+00  9.079650e-05  2.728461e-07  4.175824e-03 -5.516412e-03
[151] -1.605985e-03 -1.758335e-03  5.012943e-07  3.699199e-04  8.686067e-03
[156] -4.095264e-04 -4.564818e-05  9.593672e-03 -1.013148e-05  1.363946e-02
[161]  4.946261e-03 -5.347367e-04  4.056192e-03  0.000000e+00 -9.574303e-03
[166]  0.000000e+00 -1.599414e-02  0.000000e+00  5.881563e-04  1.145125e-05
[171]  3.425546e-05  0.000000e+00 -1.273900e-02  3.923743e-03  1.763434e-02
[176]  1.185542e-04  4.530271e-02  1.636598e-02  3.990787e-03  9.453334e-04
[181]  2.472302e-03  0.000000e+00  1.543322e-04 -1.950667e-02 -1.409654e-03
[186]  2.305770e-05 -2.582708e-03  0.000000e+00 -4.271726e-03  0.000000e+00
[191] -1.788507e-02 -1.052790e-03  0.000000e+00 -3.539416e-05  2.104459e-05
[196]  0.000000e+00  0.000000e+00 -1.003225e-04  4.315834e-03  0.000000e+00
[201]  6.812505e-03 -4.937728e-04  0.000000e+00 -1.600488e-02 -3.977984e-04
[206]  9.003355e-03
[1] "Variance"
  [1] 7.088868e-02 5.631723e-01 3.401393e-01 6.669610e-01 3.883367e-01
  [6] 1.331055e-01 2.456799e-02 8.060989e-02 0.000000e+00 1.829096e-02
 [11] 0.000000e+00 5.868924e-02 0.000000e+00 0.000000e+00 0.000000e+00
 [16] 1.251152e-02 3.781564e-02 7.999388e-05 0.000000e+00 0.000000e+00
 [21] 3.350415e-03 2.158090e-02 5.836509e-02 0.000000e+00 8.028858e-06
 [26] 0.000000e+00 6.453013e-02 5.107282e-02 3.111063e-02 1.937352e-02
 [31] 0.000000e+00 1.516654e-02 2.462673e-02 2.454745e-02 2.800522e-02
 [36] 5.197843e-05 0.000000e+00 2.282995e-02 2.203299e-02 2.864934e-02
 [41] 0.000000e+00 3.309759e-02 1.228644e-02 6.240087e-02 1.394397e-01
 [46] 6.520307e-02 0.000000e+00 0.000000e+00 1.508302e-02 2.083940e-02
 [51] 4.388045e-02 0.000000e+00 5.491634e-04 0.000000e+00 0.000000e+00
 [56] 0.000000e+00 0.000000e+00 1.691718e-03 1.342406e-07 0.000000e+00
 [61] 5.807738e-03 4.261000e-02 2.388286e-05 4.172244e-02 1.244326e-03
 [66] 7.771822e-03 1.872046e-04 7.238872e-03 3.160998e-02 3.483324e-02
 [71] 8.140089e-04 0.000000e+00 0.000000e+00 9.368019e-05 1.141543e-02
 [76] 4.032675e-02 0.000000e+00 0.000000e+00 7.178213e-03 8.034592e-04
 [81] 5.602670e-02 5.181308e-03 3.420837e-02 0.000000e+00 3.134315e-02
 [86] 1.366274e-05 9.565619e-02 5.355665e-02 5.111104e-05 2.309326e-02
 [91] 1.862137e-01 0.000000e+00 0.000000e+00 0.000000e+00 1.556469e-02
 [96] 5.342468e-02 2.347061e-02 0.000000e+00 1.182881e-03 2.149960e-05
[101] 2.161303e-02 0.000000e+00 1.960055e-03 0.000000e+00 3.010191e-02
[106] 0.000000e+00 6.622108e-02 5.004639e-02 1.036003e-02 3.955613e-02
[111] 6.928372e-04 1.344751e-02 1.530789e-02 0.000000e+00 6.339784e-02
[116] 0.000000e+00 9.775333e-03 3.715451e-02 3.137985e-03 6.633723e-02
[121] 0.000000e+00 2.097221e-03 3.770687e-02 1.907026e-04 3.151775e-02
[126] 2.402676e-04 0.000000e+00 4.222331e-03 3.553933e-02 0.000000e+00
[131] 1.954581e-05 1.184120e-02 4.828407e-05 9.844848e-02 0.000000e+00
[136] 1.534005e-02 3.223199e-02 3.223506e-03 0.000000e+00 1.720825e-04
[141] 1.247122e-02 3.035764e-02 8.130061e-03 0.000000e+00 2.210552e-02
[146] 0.000000e+00 2.871238e-04 8.628152e-07 1.320511e-02 1.506311e-02
[151] 4.043416e-03 8.635507e-03 1.585232e-06 1.169789e-03 2.746776e-02
[156] 1.285356e-03 1.443522e-04 3.033785e-02 3.203855e-05 4.313175e-02
[161] 1.564145e-02 1.690986e-03 1.292125e-02 0.000000e+00 3.027661e-02
[166] 0.000000e+00 5.057791e-02 0.000000e+00 1.859914e-03 2.556209e-04
[171] 1.083253e-04 0.000000e+00 4.773498e-02 2.262321e-02 9.735764e-02
[176] 3.749012e-04 1.090032e-01 3.571095e-02 1.261998e-02 2.490538e-03
[181] 7.613119e-03 0.000000e+00 4.941572e-04 6.168550e-02 4.457717e-03
[186] 7.291486e-05 8.224243e-03 0.000000e+00 5.637462e-02 0.000000e+00
[191] 5.655755e-02 3.329213e-03 0.000000e+00 1.119262e-04 6.654885e-05
[196] 0.000000e+00 0.000000e+00 3.172476e-04 1.364787e-02 0.000000e+00
[201] 2.445712e-02 2.312824e-03 0.000000e+00 6.522943e-02 8.229232e-03
[206] 2.847111e-02
[1] "Bias"
  [1] -0.63675459 -0.68002373 -0.07686598 -0.22710032 -0.26731001 -0.71427746
  [7]         Inf         Inf         NaN        -Inf         NaN         Inf
 [13]         NaN         NaN         NaN        -Inf         Inf        -Inf
 [19]         NaN         NaN         Inf        -Inf        -Inf         NaN
 [25]        -Inf         NaN         Inf        -Inf         Inf        -Inf
 [31]         NaN         Inf         Inf         Inf        -Inf         Inf
 [37]         NaN        -Inf         Inf         Inf         NaN         Inf
 [43]         Inf         Inf         Inf         Inf         NaN         NaN
 [49]        -Inf         Inf        -Inf         NaN         Inf         NaN
 [55]         NaN         NaN         NaN         Inf         Inf         NaN
 [61]         Inf        -Inf         Inf         Inf         Inf        -Inf
 [67]        -Inf         Inf         Inf         Inf         Inf         NaN
 [73]         NaN        -Inf         Inf         Inf         NaN         NaN
 [79]        -Inf        -Inf         Inf        -Inf         Inf         NaN
 [85]        -Inf         Inf         Inf        -Inf         Inf        -Inf
 [91]        -Inf         NaN         NaN         NaN         Inf        -Inf
 [97]        -Inf         NaN        -Inf        -Inf        -Inf         NaN
[103]        -Inf         NaN         Inf         NaN         Inf        -Inf
[109]        -Inf         Inf        -Inf        -Inf         Inf         NaN
[115]        -Inf         NaN        -Inf        -Inf        -Inf         Inf
[121]         NaN         Inf        -Inf         Inf         Inf         Inf
[127]         NaN         Inf        -Inf         NaN        -Inf        -Inf
[133]        -Inf         Inf         NaN        -Inf        -Inf        -Inf
[139]         NaN        -Inf         Inf        -Inf        -Inf         NaN
[145]        -Inf         NaN         Inf         Inf         Inf        -Inf
[151]        -Inf        -Inf         Inf         Inf         Inf        -Inf
[157]        -Inf         Inf        -Inf         Inf         Inf        -Inf
[163]         Inf         NaN        -Inf         NaN        -Inf         NaN
[169]         Inf         Inf         Inf         NaN        -Inf         Inf
[175]         Inf         Inf         Inf         Inf         Inf         Inf
[181]         Inf         NaN         Inf        -Inf        -Inf         Inf
[187]        -Inf         NaN        -Inf         NaN        -Inf        -Inf
[193]         NaN        -Inf         Inf         NaN         NaN        -Inf
[199]         Inf         NaN         Inf        -Inf         NaN        -Inf
[205]        -Inf         Inf
