[1] "broken"
final values in 1th iteration
  [1]  3.044712e-01  2.403885e-01  4.840769e+00  2.495492e+00  1.295954e+00
  [6]  0.000000e+00  0.000000e+00  0.000000e+00  0.000000e+00  0.000000e+00
 [11]  0.000000e+00  0.000000e+00  0.000000e+00  0.000000e+00  0.000000e+00
 [16]  0.000000e+00  0.000000e+00  0.000000e+00  0.000000e+00  0.000000e+00
 [21]  0.000000e+00  0.000000e+00  0.000000e+00  0.000000e+00  0.000000e+00
 [26]  0.000000e+00  0.000000e+00  0.000000e+00  8.982235e-02  0.000000e+00
 [31]  0.000000e+00  1.615360e-02  0.000000e+00  0.000000e+00 -9.123540e-03
 [36]  0.000000e+00  0.000000e+00  0.000000e+00  0.000000e+00  7.462389e-02
 [41]  0.000000e+00  0.000000e+00  8.500934e-04  0.000000e+00  0.000000e+00
 [46]  0.000000e+00  0.000000e+00  0.000000e+00  0.000000e+00  2.414256e-02
 [51]  0.000000e+00  0.000000e+00  0.000000e+00  0.000000e+00  0.000000e+00
 [56]  0.000000e+00  0.000000e+00  0.000000e+00  0.000000e+00  0.000000e+00
 [61]  5.324150e-03  0.000000e+00  0.000000e+00  0.000000e+00  0.000000e+00
 [66]  0.000000e+00  0.000000e+00  7.387614e-04  0.000000e+00  0.000000e+00
 [71]  0.000000e+00  0.000000e+00  0.000000e+00 -1.079335e-02  3.522863e-02
 [76]  0.000000e+00  0.000000e+00  0.000000e+00  0.000000e+00  0.000000e+00
 [81]  0.000000e+00  0.000000e+00  0.000000e+00  0.000000e+00  0.000000e+00
 [86]  0.000000e+00  0.000000e+00  0.000000e+00  0.000000e+00  0.000000e+00
 [91]  0.000000e+00  0.000000e+00  0.000000e+00  0.000000e+00  0.000000e+00
 [96] -3.638532e-02  0.000000e+00  0.000000e+00  0.000000e+00  0.000000e+00
[101]  0.000000e+00  0.000000e+00  0.000000e+00  0.000000e+00  0.000000e+00
[106]  0.000000e+00  0.000000e+00  0.000000e+00  0.000000e+00  0.000000e+00
[111]  0.000000e+00  0.000000e+00  0.000000e+00  0.000000e+00  2.089062e-05
[116]  0.000000e+00  0.000000e+00  0.000000e+00  0.000000e+00  4.754889e-02
[121]  0.000000e+00  0.000000e+00 -2.140507e-02  0.000000e+00 -3.164670e-02
[126]  0.000000e+00  0.000000e+00  0.000000e+00  0.000000e+00  0.000000e+00
[131]  0.000000e+00 -2.467654e-02  0.000000e+00  0.000000e+00  0.000000e+00
[136]  1.215091e-05 -1.681823e-01  0.000000e+00  0.000000e+00  0.000000e+00
[141]  2.680103e-04  0.000000e+00  0.000000e+00  0.000000e+00  0.000000e+00
[146]  0.000000e+00  0.000000e+00  0.000000e+00  0.000000e+00  0.000000e+00
[151]  0.000000e+00 -7.233032e-03  0.000000e+00  0.000000e+00  0.000000e+00
[156] -8.016173e-05  0.000000e+00  0.000000e+00  0.000000e+00  0.000000e+00
[161]  0.000000e+00  0.000000e+00  0.000000e+00  0.000000e+00  0.000000e+00
[166]  0.000000e+00  0.000000e+00  0.000000e+00  1.742153e-03  0.000000e+00
[171]  0.000000e+00  0.000000e+00 -9.427099e-02  0.000000e+00  0.000000e+00
[176]  0.000000e+00  0.000000e+00  6.984933e-02  0.000000e+00  2.177556e-02
[181]  0.000000e+00  0.000000e+00  5.084428e-05  0.000000e+00  0.000000e+00
[186]  0.000000e+00  0.000000e+00  0.000000e+00  0.000000e+00  0.000000e+00
[191]  0.000000e+00  0.000000e+00  0.000000e+00  0.000000e+00  0.000000e+00
[196]  0.000000e+00  0.000000e+00  0.000000e+00  0.000000e+00  0.000000e+00
[201] -2.474875e-05 -6.920453e-02  0.000000e+00  0.000000e+00  0.000000e+00
[206]  0.000000e+00
[1] "broken"
final values in 2th iteration
  [1]  0.3956263146  1.0008969377  4.7260757485  2.7244931395  1.7887392310
  [6] -0.3143816207  0.0000000000  0.0000000000  0.0000000000  0.0000000000
 [11]  0.0000000000  0.0000000000  0.0000000000  0.0000000000  0.0000000000
 [16]  0.0000000000  0.0197156543  0.0000000000  0.0000000000  0.0000000000
 [21]  0.0000000000  0.0000000000  0.0000000000  0.0000000000  0.0000000000
 [26]  0.0000000000  0.0000000000  0.0000000000  0.0000000000  0.0000000000
 [31]  0.0000000000  0.0000000000  0.0000000000  0.0000000000  0.0000000000
 [36]  0.0000000000  0.0000000000  0.0000000000  0.0000000000  0.0000000000
 [41]  0.0000000000  0.0000000000  0.0000000000  0.0000000000  0.0000000000
 [46]  0.0000000000  0.0000000000  0.0000000000  0.0000000000  0.0000000000
 [51]  0.0000000000  0.0000000000  0.0000000000  0.0000000000  0.0000000000
 [56]  0.0000000000  0.0000000000  0.0000000000  0.0000000000  0.0000000000
 [61]  0.0000000000  0.0000000000  0.0000000000  0.0000000000  0.0000000000
 [66]  0.0000000000  0.0000000000  0.0000000000  0.0000000000  0.0377412628
 [71]  0.0000000000  0.0000000000  0.0000000000  0.0000000000  0.0000000000
 [76]  0.0000000000  0.0000000000  0.0000000000  0.0000000000  0.0000000000
 [81]  0.1042959909  0.0000000000  0.0000000000  0.0000000000  0.0000000000
 [86]  0.0000000000  0.0000000000  0.0000000000  0.0000000000  0.0000000000
 [91]  0.0000000000  0.0000000000  0.0000000000  0.0000000000  0.0000000000
 [96]  0.0000000000  0.0000000000  0.0000000000  0.0000000000  0.0000000000
[101]  0.0000000000  0.0000000000  0.0000000000  0.0000000000  0.0000000000
[106]  0.0000000000  0.0000000000 -0.0121883758  0.0000000000  0.0000000000
[111]  0.0000000000  0.0000000000  0.0000000000  0.0000000000  0.0000000000
[116]  0.0000000000  0.0000000000  0.0000000000  0.0000000000  0.0000000000
[121]  0.0000000000  0.0000000000  0.0000000000  0.0000000000  0.0000000000
[126]  0.0000000000  0.0000000000  0.0000000000  0.0000000000  0.0000000000
[131]  0.0000000000  0.0000000000  0.0000000000  0.0000000000  0.0000000000
[136]  0.0000000000  0.0000000000  0.0000000000  0.0000000000  0.0000000000
[141]  0.0035056518  0.0000000000  0.0000000000  0.0000000000  0.0000000000
[146]  0.0000000000  0.0000000000  0.0000000000  0.0259601384  0.0000000000
[151] -0.0011821960  0.0000000000  0.0000000000  0.0000000000  0.0000000000
[156]  0.0000000000  0.0000000000  0.0279173746  0.0000000000  0.0000000000
[161]  0.0000000000  0.0000000000  0.0000000000  0.0000000000 -0.0355217949
[166]  0.0000000000  0.0000000000  0.0000000000  0.0000000000  0.0000000000
[171]  0.0000000000  0.0000000000  0.0000000000  0.0000000000  0.0000000000
[176]  0.0000000000  0.0002767494  0.0000000000  0.0000000000  0.0016874788
[181]  0.0000000000  0.0000000000  0.0000000000  0.0000000000  0.0000000000
[186]  0.0000000000  0.0000000000  0.0000000000  0.0000000000  0.0000000000
[191]  0.0000000000  0.0000000000  0.0000000000  0.0000000000  0.0001591094
[196]  0.0000000000  0.0000000000  0.0000000000  0.0000000000  0.0000000000
[201]  0.0000000000  0.0000000000  0.0000000000  0.0000000000  0.0000000000
[206]  0.0000000000
[1] "broken"
final values in 3th iteration
  [1]  3.210464e-01  9.494302e-01  4.683935e+00  2.764089e+00  1.718232e+00
  [6] -3.716164e-01  0.000000e+00  0.000000e+00  0.000000e+00  0.000000e+00
 [11]  0.000000e+00  7.710000e-02  0.000000e+00  0.000000e+00  0.000000e+00
 [16]  0.000000e+00  0.000000e+00  0.000000e+00  0.000000e+00  0.000000e+00
 [21]  0.000000e+00  0.000000e+00  5.866104e-03  0.000000e+00  0.000000e+00
 [26]  0.000000e+00  0.000000e+00  0.000000e+00  0.000000e+00  0.000000e+00
 [31]  0.000000e+00 -1.257072e-03  0.000000e+00  0.000000e+00  0.000000e+00
 [36]  0.000000e+00  0.000000e+00  0.000000e+00 -5.082691e-02  0.000000e+00
 [41]  0.000000e+00  1.170709e-02  0.000000e+00  0.000000e+00  0.000000e+00
 [46]  0.000000e+00  0.000000e+00  0.000000e+00  0.000000e+00  0.000000e+00
 [51]  1.364077e-04  0.000000e+00  0.000000e+00  0.000000e+00  0.000000e+00
 [56]  0.000000e+00  0.000000e+00  0.000000e+00  0.000000e+00  0.000000e+00
 [61]  0.000000e+00 -5.821077e-02  2.348411e-02  0.000000e+00  0.000000e+00
 [66]  0.000000e+00  0.000000e+00  0.000000e+00  0.000000e+00 -2.925288e-03
 [71]  0.000000e+00  0.000000e+00  0.000000e+00  0.000000e+00  0.000000e+00
 [76]  3.036197e-02  0.000000e+00  0.000000e+00  0.000000e+00  0.000000e+00
 [81]  0.000000e+00  0.000000e+00  0.000000e+00  0.000000e+00  0.000000e+00
 [86]  0.000000e+00  0.000000e+00  0.000000e+00  0.000000e+00  0.000000e+00
 [91]  0.000000e+00  0.000000e+00  0.000000e+00  0.000000e+00  2.217067e-05
 [96]  0.000000e+00  0.000000e+00  0.000000e+00 -7.089090e-03  0.000000e+00
[101]  0.000000e+00  0.000000e+00  0.000000e+00  0.000000e+00  0.000000e+00
[106]  0.000000e+00  0.000000e+00  0.000000e+00  0.000000e+00  0.000000e+00
[111] -9.875081e-03  0.000000e+00  0.000000e+00  0.000000e+00 -1.435961e-02
[116]  0.000000e+00  0.000000e+00  0.000000e+00  0.000000e+00  5.685616e-02
[121]  0.000000e+00  0.000000e+00  0.000000e+00  0.000000e+00  0.000000e+00
[126]  0.000000e+00  0.000000e+00  0.000000e+00  0.000000e+00  0.000000e+00
[131]  0.000000e+00  0.000000e+00  0.000000e+00  0.000000e+00  0.000000e+00
[136] -7.108711e-03  0.000000e+00  5.083169e-03  0.000000e+00  0.000000e+00
[141]  0.000000e+00  0.000000e+00  0.000000e+00  0.000000e+00  0.000000e+00
[146]  0.000000e+00  0.000000e+00  0.000000e+00  0.000000e+00  0.000000e+00
[151]  0.000000e+00  0.000000e+00  0.000000e+00  0.000000e+00  0.000000e+00
[156]  0.000000e+00  0.000000e+00  0.000000e+00  0.000000e+00  0.000000e+00
[161]  0.000000e+00  0.000000e+00  0.000000e+00 -8.705171e-05  0.000000e+00
[166]  0.000000e+00 -9.573597e-02  0.000000e+00  0.000000e+00  0.000000e+00
[171]  0.000000e+00  0.000000e+00  0.000000e+00  5.962014e-06  0.000000e+00
[176]  0.000000e+00  0.000000e+00  2.195242e-02  0.000000e+00  0.000000e+00
[181]  0.000000e+00  0.000000e+00  0.000000e+00  0.000000e+00  0.000000e+00
[186]  0.000000e+00  0.000000e+00  0.000000e+00  1.634025e-04  0.000000e+00
[191] -1.265019e-01  0.000000e+00  0.000000e+00  0.000000e+00  0.000000e+00
[196]  0.000000e+00  0.000000e+00  0.000000e+00  0.000000e+00  0.000000e+00
[201] -2.163273e-03  0.000000e+00  0.000000e+00  0.000000e+00 -9.717991e-04
[206]  0.000000e+00
[1] "broken"
[1] "broken"
[1] "broken"
[1] "broken"
[1] "broken"
final values in 4th iteration
  [1]  2.750874e-01 -1.075781e+00  4.043239e+00  1.351916e+00  1.206255e+00
  [6] -3.733077e-06  0.000000e+00  5.317343e-05  0.000000e+00  0.000000e+00
 [11]  0.000000e+00  5.566775e-03  0.000000e+00  0.000000e+00  0.000000e+00
 [16]  0.000000e+00  0.000000e+00  0.000000e+00  0.000000e+00  0.000000e+00
 [21]  0.000000e+00 -1.238975e-01  7.365252e-02  0.000000e+00  0.000000e+00
 [26]  0.000000e+00  0.000000e+00  0.000000e+00  0.000000e+00  0.000000e+00
 [31]  0.000000e+00  0.000000e+00  0.000000e+00  0.000000e+00  0.000000e+00
 [36]  0.000000e+00  3.292738e-01  0.000000e+00  0.000000e+00  0.000000e+00
 [41]  0.000000e+00  0.000000e+00  0.000000e+00  4.738450e-02  0.000000e+00
 [46]  0.000000e+00  0.000000e+00  0.000000e+00  0.000000e+00  0.000000e+00
 [51]  0.000000e+00  0.000000e+00  0.000000e+00  0.000000e+00  1.668653e-05
 [56]  0.000000e+00  0.000000e+00  0.000000e+00  0.000000e+00  0.000000e+00
 [61]  0.000000e+00  0.000000e+00  0.000000e+00  0.000000e+00  0.000000e+00
 [66]  0.000000e+00  0.000000e+00  0.000000e+00  0.000000e+00  0.000000e+00
 [71]  0.000000e+00  0.000000e+00  0.000000e+00  0.000000e+00  0.000000e+00
 [76]  0.000000e+00  0.000000e+00  0.000000e+00  0.000000e+00  0.000000e+00
 [81]  0.000000e+00 -4.386484e-02  0.000000e+00  0.000000e+00  0.000000e+00
 [86]  0.000000e+00  0.000000e+00  0.000000e+00  0.000000e+00 -2.690747e-02
 [91]  0.000000e+00  0.000000e+00  1.241670e-01  0.000000e+00  0.000000e+00
 [96]  0.000000e+00  0.000000e+00  0.000000e+00  0.000000e+00  0.000000e+00
[101]  0.000000e+00  0.000000e+00  0.000000e+00 -7.895757e-06  0.000000e+00
[106]  5.513624e-05  0.000000e+00  0.000000e+00  0.000000e+00  0.000000e+00
[111]  0.000000e+00  0.000000e+00  0.000000e+00  0.000000e+00  0.000000e+00
[116]  0.000000e+00  0.000000e+00 -2.434641e-02  0.000000e+00  0.000000e+00
[121]  0.000000e+00  0.000000e+00 -1.766925e-02  0.000000e+00  0.000000e+00
[126]  0.000000e+00  0.000000e+00  0.000000e+00 -7.606537e-02  0.000000e+00
[131]  8.529151e-06  0.000000e+00  0.000000e+00  0.000000e+00  0.000000e+00
[136]  0.000000e+00 -8.714079e-05  0.000000e+00  0.000000e+00 -2.554933e-01
[141]  0.000000e+00  0.000000e+00  0.000000e+00  0.000000e+00  0.000000e+00
[146]  0.000000e+00  0.000000e+00  0.000000e+00  0.000000e+00  0.000000e+00
[151]  0.000000e+00  0.000000e+00  9.510521e-02  0.000000e+00  0.000000e+00
[156]  0.000000e+00  0.000000e+00  0.000000e+00  0.000000e+00  0.000000e+00
[161]  0.000000e+00  0.000000e+00  0.000000e+00 -3.459933e-02  0.000000e+00
[166]  0.000000e+00  0.000000e+00  0.000000e+00  0.000000e+00  0.000000e+00
[171]  0.000000e+00  0.000000e+00  0.000000e+00  0.000000e+00  3.422214e-01
[176]  0.000000e+00  4.456154e-01  0.000000e+00  0.000000e+00  0.000000e+00
[181]  0.000000e+00  0.000000e+00  0.000000e+00  0.000000e+00  0.000000e+00
[186]  1.633367e-01  0.000000e+00  0.000000e+00  0.000000e+00  0.000000e+00
[191]  0.000000e+00  0.000000e+00  0.000000e+00  0.000000e+00  0.000000e+00
[196]  0.000000e+00  0.000000e+00  0.000000e+00  0.000000e+00  0.000000e+00
[201]  0.000000e+00  0.000000e+00  0.000000e+00 -4.889635e-02  0.000000e+00
[206]  0.000000e+00
[1] "broken"
final values in 5th iteration
  [1]  4.039467e-01  9.813540e-01  4.832250e+00  2.730399e+00  1.727866e+00
  [6] -2.091778e-02  0.000000e+00  0.000000e+00  0.000000e+00  0.000000e+00
 [11]  0.000000e+00  0.000000e+00  0.000000e+00  0.000000e+00  0.000000e+00
 [16] -6.356102e-03  0.000000e+00  0.000000e+00  0.000000e+00  0.000000e+00
 [21]  0.000000e+00  0.000000e+00  0.000000e+00  0.000000e+00  0.000000e+00
 [26]  0.000000e+00  0.000000e+00  0.000000e+00  0.000000e+00  0.000000e+00
 [31]  0.000000e+00  0.000000e+00  4.243574e-02  9.694499e-03  0.000000e+00
 [36]  0.000000e+00  0.000000e+00  0.000000e+00  0.000000e+00  0.000000e+00
 [41]  0.000000e+00  0.000000e+00  0.000000e+00  0.000000e+00  0.000000e+00
 [46]  0.000000e+00  0.000000e+00  0.000000e+00  0.000000e+00  0.000000e+00
 [51] -1.200628e-01  0.000000e+00  0.000000e+00  0.000000e+00  0.000000e+00
 [56]  0.000000e+00  0.000000e+00  0.000000e+00  0.000000e+00  0.000000e+00
 [61]  1.745472e-02  0.000000e+00  0.000000e+00  0.000000e+00  0.000000e+00
 [66]  0.000000e+00  0.000000e+00  0.000000e+00  0.000000e+00  0.000000e+00
 [71]  9.239747e-06  0.000000e+00  0.000000e+00  0.000000e+00  1.872874e-02
 [76]  0.000000e+00  0.000000e+00  0.000000e+00  0.000000e+00  0.000000e+00
 [81]  0.000000e+00  0.000000e+00  4.202165e-02  0.000000e+00  0.000000e+00
 [86]  0.000000e+00  0.000000e+00  0.000000e+00  0.000000e+00  0.000000e+00
 [91]  0.000000e+00  0.000000e+00  0.000000e+00  0.000000e+00  0.000000e+00
 [96]  0.000000e+00  0.000000e+00  0.000000e+00  0.000000e+00  0.000000e+00
[101]  0.000000e+00  0.000000e+00  0.000000e+00  0.000000e+00  7.052882e-04
[106]  0.000000e+00  0.000000e+00  0.000000e+00  0.000000e+00  0.000000e+00
[111]  0.000000e+00  0.000000e+00  0.000000e+00  0.000000e+00  0.000000e+00
[116]  0.000000e+00  0.000000e+00  0.000000e+00  0.000000e+00  0.000000e+00
[121]  0.000000e+00  0.000000e+00  0.000000e+00  0.000000e+00  0.000000e+00
[126]  0.000000e+00  0.000000e+00  0.000000e+00  0.000000e+00  0.000000e+00
[131]  0.000000e+00  0.000000e+00  0.000000e+00  0.000000e+00  0.000000e+00
[136]  0.000000e+00  0.000000e+00  0.000000e+00  0.000000e+00  0.000000e+00
[141]  0.000000e+00  0.000000e+00  2.301751e-06  0.000000e+00  0.000000e+00
[146]  0.000000e+00  0.000000e+00  0.000000e+00  0.000000e+00  0.000000e+00
[151]  0.000000e+00  0.000000e+00  0.000000e+00  0.000000e+00  0.000000e+00
[156]  0.000000e+00  0.000000e+00  0.000000e+00  0.000000e+00  0.000000e+00
[161]  0.000000e+00  0.000000e+00  0.000000e+00  0.000000e+00  0.000000e+00
[166]  0.000000e+00  0.000000e+00  0.000000e+00  0.000000e+00  0.000000e+00
[171]  0.000000e+00  0.000000e+00  0.000000e+00  0.000000e+00  0.000000e+00
[176]  0.000000e+00  2.675557e-02  0.000000e+00  0.000000e+00 -3.942383e-06
[181]  0.000000e+00  0.000000e+00  0.000000e+00  0.000000e+00  0.000000e+00
[186]  0.000000e+00  0.000000e+00  0.000000e+00 -9.298509e-02  0.000000e+00
[191]  0.000000e+00  0.000000e+00  0.000000e+00  0.000000e+00  0.000000e+00
[196]  0.000000e+00  0.000000e+00  0.000000e+00  0.000000e+00  0.000000e+00
[201]  0.000000e+00  0.000000e+00  0.000000e+00  0.000000e+00  0.000000e+00
[206]  6.222247e-02
[1] "broken"
final values in 6th iteration
  [1]  4.230257e-01  1.203923e+00  4.957577e+00  2.794186e+00  1.805714e+00
  [6] -2.965902e-01  0.000000e+00  0.000000e+00  0.000000e+00  0.000000e+00
 [11]  0.000000e+00  0.000000e+00  0.000000e+00  0.000000e+00  0.000000e+00
 [16]  0.000000e+00  0.000000e+00  0.000000e+00  0.000000e+00  0.000000e+00
 [21]  0.000000e+00  0.000000e+00  0.000000e+00  0.000000e+00  0.000000e+00
 [26]  0.000000e+00  0.000000e+00  0.000000e+00  0.000000e+00  0.000000e+00
 [31]  0.000000e+00  0.000000e+00  0.000000e+00  0.000000e+00 -2.202466e-02
 [36]  0.000000e+00  0.000000e+00 -1.271962e-03  0.000000e+00  0.000000e+00
 [41]  0.000000e+00  0.000000e+00  0.000000e+00  0.000000e+00  0.000000e+00
 [46]  0.000000e+00  0.000000e+00  0.000000e+00  0.000000e+00  0.000000e+00
 [51]  0.000000e+00  0.000000e+00  0.000000e+00  0.000000e+00  0.000000e+00
 [56]  0.000000e+00  0.000000e+00  0.000000e+00  0.000000e+00  0.000000e+00
 [61]  0.000000e+00 -4.724828e-03  0.000000e+00  0.000000e+00  0.000000e+00
 [66]  0.000000e+00  0.000000e+00  0.000000e+00 -7.457323e-03  0.000000e+00
 [71]  0.000000e+00  0.000000e+00  0.000000e+00  0.000000e+00  0.000000e+00
 [76]  0.000000e+00  0.000000e+00  0.000000e+00  0.000000e+00  0.000000e+00
 [81]  0.000000e+00  0.000000e+00  0.000000e+00  0.000000e+00  0.000000e+00
 [86]  0.000000e+00  0.000000e+00  0.000000e+00 -1.955668e-02 -2.500259e-05
 [91]  0.000000e+00  0.000000e+00  0.000000e+00  0.000000e+00  0.000000e+00
 [96]  0.000000e+00  0.000000e+00  0.000000e+00  0.000000e+00  0.000000e+00
[101]  0.000000e+00  0.000000e+00  0.000000e+00  0.000000e+00  0.000000e+00
[106]  0.000000e+00  0.000000e+00  0.000000e+00  0.000000e+00  0.000000e+00
[111]  0.000000e+00  0.000000e+00  3.323251e-02  0.000000e+00  0.000000e+00
[116]  0.000000e+00  0.000000e+00  0.000000e+00  0.000000e+00  0.000000e+00
[121]  0.000000e+00  0.000000e+00  0.000000e+00  0.000000e+00  0.000000e+00
[126]  0.000000e+00  0.000000e+00  0.000000e+00  0.000000e+00  0.000000e+00
[131]  0.000000e+00  0.000000e+00  0.000000e+00  0.000000e+00  0.000000e+00
[136]  0.000000e+00  0.000000e+00  0.000000e+00  0.000000e+00  0.000000e+00
[141]  0.000000e+00  0.000000e+00  0.000000e+00  0.000000e+00  0.000000e+00
[146]  0.000000e+00 -2.920265e-06  0.000000e+00  0.000000e+00  0.000000e+00
[151]  0.000000e+00  0.000000e+00  0.000000e+00  0.000000e+00  3.809181e-02
[156]  0.000000e+00  0.000000e+00  0.000000e+00  0.000000e+00  0.000000e+00
[161]  0.000000e+00  0.000000e+00  0.000000e+00  0.000000e+00  0.000000e+00
[166]  0.000000e+00  0.000000e+00  0.000000e+00  0.000000e+00  0.000000e+00
[171]  0.000000e+00  0.000000e+00  0.000000e+00  0.000000e+00  0.000000e+00
[176]  2.054175e-04  0.000000e+00  0.000000e+00  0.000000e+00  0.000000e+00
[181]  0.000000e+00  0.000000e+00  0.000000e+00 -3.333126e-02  0.000000e+00
[186]  0.000000e+00  0.000000e+00  0.000000e+00  1.821324e-04  0.000000e+00
[191]  0.000000e+00  0.000000e+00  0.000000e+00  0.000000e+00  0.000000e+00
[196]  0.000000e+00  0.000000e+00  0.000000e+00  0.000000e+00  0.000000e+00
[201]  0.000000e+00  0.000000e+00  2.287140e-05  0.000000e+00  0.000000e+00
[206]  0.000000e+00
[1] "broken"
[1] "broken"
[1] "broken"
final values in 7th iteration
  [1]  3.169941e-01  4.704037e-01  4.492200e+00  1.543286e+00  1.070180e+00
  [6]  0.000000e+00  0.000000e+00 -1.857154e-01  0.000000e+00  0.000000e+00
 [11]  0.000000e+00  0.000000e+00  6.226581e-05  0.000000e+00  0.000000e+00
 [16]  0.000000e+00  3.689605e-05  0.000000e+00  0.000000e+00  0.000000e+00
 [21]  0.000000e+00 -4.461132e-04  0.000000e+00  0.000000e+00  0.000000e+00
 [26]  0.000000e+00  0.000000e+00 -2.245619e-01  0.000000e+00  0.000000e+00
 [31]  0.000000e+00  0.000000e+00  0.000000e+00  0.000000e+00  0.000000e+00
 [36]  0.000000e+00  0.000000e+00  0.000000e+00  1.596634e-06 -1.507174e-05
 [41]  0.000000e+00  0.000000e+00  0.000000e+00 -3.628248e-02  1.705624e-01
 [46]  1.906338e-01  0.000000e+00  0.000000e+00  0.000000e+00  0.000000e+00
 [51]  0.000000e+00  0.000000e+00  0.000000e+00  0.000000e+00  0.000000e+00
 [56]  0.000000e+00  0.000000e+00  0.000000e+00  0.000000e+00  0.000000e+00
 [61]  0.000000e+00  0.000000e+00  0.000000e+00  0.000000e+00  0.000000e+00
 [66]  0.000000e+00  0.000000e+00  0.000000e+00  7.770231e-02  0.000000e+00
 [71]  0.000000e+00  0.000000e+00  0.000000e+00  0.000000e+00  0.000000e+00
 [76]  0.000000e+00  0.000000e+00  0.000000e+00  0.000000e+00  0.000000e+00
 [81]  0.000000e+00  0.000000e+00  0.000000e+00  0.000000e+00  0.000000e+00
 [86]  0.000000e+00  1.988067e-01 -2.920238e-02  0.000000e+00  0.000000e+00
 [91] -2.539512e-01  0.000000e+00  0.000000e+00  0.000000e+00  0.000000e+00
 [96]  0.000000e+00  0.000000e+00  0.000000e+00  0.000000e+00  0.000000e+00
[101]  0.000000e+00  0.000000e+00  0.000000e+00  0.000000e+00  0.000000e+00
[106]  0.000000e+00  1.445894e-01  0.000000e+00  0.000000e+00  0.000000e+00
[111]  0.000000e+00  0.000000e+00  0.000000e+00  0.000000e+00  0.000000e+00
[116]  0.000000e+00  0.000000e+00  0.000000e+00  0.000000e+00  0.000000e+00
[121]  0.000000e+00  0.000000e+00  0.000000e+00  0.000000e+00  0.000000e+00
[126]  0.000000e+00  0.000000e+00  0.000000e+00 -1.323904e-06  0.000000e+00
[131]  0.000000e+00  0.000000e+00  0.000000e+00  5.950094e-02  0.000000e+00
[136]  0.000000e+00  0.000000e+00  0.000000e+00 -1.146842e-01  2.031473e-05
[141]  0.000000e+00  0.000000e+00  0.000000e+00  0.000000e+00  0.000000e+00
[146]  0.000000e+00  0.000000e+00  0.000000e+00  0.000000e+00 -3.878313e-06
[151]  0.000000e+00  0.000000e+00  0.000000e+00  0.000000e+00 -2.468199e-02
[156] -4.111638e-03  0.000000e+00  0.000000e+00  0.000000e+00  7.454051e-02
[161]  0.000000e+00  0.000000e+00  0.000000e+00  0.000000e+00  0.000000e+00
[166]  0.000000e+00  0.000000e+00  0.000000e+00  0.000000e+00  0.000000e+00
[171]  0.000000e+00  0.000000e+00  0.000000e+00  0.000000e+00  0.000000e+00
[176]  0.000000e+00  0.000000e+00  0.000000e+00  0.000000e+00 -3.098008e-06
[181]  0.000000e+00  0.000000e+00 -7.770981e-04  0.000000e+00  0.000000e+00
[186]  0.000000e+00  0.000000e+00  0.000000e+00 -1.160044e-05  0.000000e+00
[191]  0.000000e+00  4.564263e-02  0.000000e+00  0.000000e+00  0.000000e+00
[196]  0.000000e+00  0.000000e+00  0.000000e+00  0.000000e+00 -2.266303e-02
[201]  0.000000e+00  0.000000e+00  0.000000e+00  0.000000e+00  0.000000e+00
[206]  0.000000e+00
[1] "broken"
final values in 8th iteration
  [1]  4.471480e-01  1.073782e+00  4.979475e+00  2.847721e+00  1.779376e+00
  [6] -2.749454e-01  0.000000e+00  1.912005e-02  0.000000e+00  0.000000e+00
 [11]  0.000000e+00  0.000000e+00  0.000000e+00  0.000000e+00  0.000000e+00
 [16]  0.000000e+00  0.000000e+00  0.000000e+00  0.000000e+00  0.000000e+00
 [21]  0.000000e+00  0.000000e+00 -3.420679e-02  0.000000e+00  0.000000e+00
 [26]  0.000000e+00  1.029500e-01  0.000000e+00  0.000000e+00 -1.073254e-02
 [31]  0.000000e+00  0.000000e+00  0.000000e+00  1.828210e-02  0.000000e+00
 [36]  0.000000e+00  0.000000e+00  0.000000e+00  0.000000e+00  0.000000e+00
 [41]  0.000000e+00  0.000000e+00  0.000000e+00  0.000000e+00  0.000000e+00
 [46]  0.000000e+00  0.000000e+00  0.000000e+00  0.000000e+00  0.000000e+00
 [51]  0.000000e+00  0.000000e+00  0.000000e+00  0.000000e+00  0.000000e+00
 [56]  0.000000e+00  0.000000e+00  0.000000e+00  0.000000e+00  0.000000e+00
 [61]  0.000000e+00  0.000000e+00  0.000000e+00  0.000000e+00  0.000000e+00
 [66]  0.000000e+00  0.000000e+00  0.000000e+00  0.000000e+00  0.000000e+00
 [71]  0.000000e+00  0.000000e+00  0.000000e+00  0.000000e+00  0.000000e+00
 [76]  0.000000e+00  0.000000e+00  0.000000e+00  0.000000e+00  0.000000e+00
 [81]  0.000000e+00  0.000000e+00  0.000000e+00  0.000000e+00 -1.284744e-02
 [86]  0.000000e+00  0.000000e+00  0.000000e+00  0.000000e+00  0.000000e+00
 [91]  0.000000e+00  0.000000e+00  0.000000e+00  0.000000e+00  0.000000e+00
 [96]  0.000000e+00  0.000000e+00  0.000000e+00  0.000000e+00  0.000000e+00
[101]  0.000000e+00  0.000000e+00  0.000000e+00  0.000000e+00  4.566239e-02
[106]  0.000000e+00  0.000000e+00  0.000000e+00  0.000000e+00  0.000000e+00
[111]  0.000000e+00  0.000000e+00  0.000000e+00  0.000000e+00 -8.100582e-05
[116]  0.000000e+00  0.000000e+00  0.000000e+00  0.000000e+00  0.000000e+00
[121]  0.000000e+00  0.000000e+00  0.000000e+00  0.000000e+00  0.000000e+00
[126]  0.000000e+00  0.000000e+00  0.000000e+00 -2.279661e-06  0.000000e+00
[131]  0.000000e+00  0.000000e+00  0.000000e+00 -4.428043e-04  0.000000e+00
[136]  0.000000e+00  0.000000e+00  0.000000e+00  0.000000e+00  0.000000e+00
[141]  0.000000e+00  0.000000e+00  0.000000e+00  0.000000e+00  0.000000e+00
[146]  0.000000e+00  0.000000e+00  0.000000e+00  0.000000e+00  0.000000e+00
[151]  0.000000e+00  0.000000e+00  0.000000e+00  0.000000e+00  0.000000e+00
[156]  0.000000e+00  0.000000e+00  0.000000e+00  0.000000e+00  0.000000e+00
[161]  0.000000e+00  0.000000e+00  0.000000e+00  0.000000e+00  0.000000e+00
[166]  0.000000e+00  0.000000e+00  0.000000e+00  0.000000e+00  0.000000e+00
[171]  0.000000e+00  0.000000e+00  0.000000e+00  0.000000e+00  0.000000e+00
[176]  0.000000e+00  0.000000e+00  0.000000e+00  0.000000e+00  0.000000e+00
[181]  1.367200e-04  0.000000e+00  0.000000e+00  0.000000e+00 -1.736811e-04
[186]  0.000000e+00  0.000000e+00  0.000000e+00  0.000000e+00  0.000000e+00
[191]  0.000000e+00  0.000000e+00  0.000000e+00  0.000000e+00  0.000000e+00
[196]  0.000000e+00  0.000000e+00  0.000000e+00  0.000000e+00  0.000000e+00
[201]  0.000000e+00  0.000000e+00  0.000000e+00  0.000000e+00  0.000000e+00
[206]  0.000000e+00
final values in 9th iteration
  [1]  3.704158e-01  7.064293e-01  4.691345e+00  2.750149e+00  1.723679e+00
  [6] -3.748446e-01  3.023413e-02  0.000000e+00  0.000000e+00  0.000000e+00
 [11]  0.000000e+00  0.000000e+00  0.000000e+00  0.000000e+00  0.000000e+00
 [16]  0.000000e+00  0.000000e+00  0.000000e+00  0.000000e+00  0.000000e+00
 [21]  0.000000e+00  0.000000e+00  0.000000e+00  0.000000e+00  0.000000e+00
 [26]  0.000000e+00  0.000000e+00  0.000000e+00  0.000000e+00  0.000000e+00
 [31]  0.000000e+00  0.000000e+00  0.000000e+00  0.000000e+00  0.000000e+00
 [36]  0.000000e+00  0.000000e+00  0.000000e+00  0.000000e+00  0.000000e+00
 [41]  0.000000e+00  0.000000e+00  1.356515e-02  0.000000e+00  0.000000e+00
 [46]  0.000000e+00  0.000000e+00  0.000000e+00 -2.508104e-02  0.000000e+00
 [51]  0.000000e+00  0.000000e+00  0.000000e+00  0.000000e+00  0.000000e+00
 [56]  0.000000e+00  0.000000e+00  0.000000e+00  0.000000e+00  0.000000e+00
 [61]  0.000000e+00  0.000000e+00  0.000000e+00  0.000000e+00  0.000000e+00
 [66]  0.000000e+00  0.000000e+00  0.000000e+00  0.000000e+00  0.000000e+00
 [71]  0.000000e+00  0.000000e+00  0.000000e+00  0.000000e+00  0.000000e+00
 [76]  0.000000e+00  0.000000e+00  0.000000e+00  0.000000e+00  0.000000e+00
 [81]  0.000000e+00  0.000000e+00  0.000000e+00  0.000000e+00  0.000000e+00
 [86]  0.000000e+00  0.000000e+00  0.000000e+00  0.000000e+00  0.000000e+00
 [91]  0.000000e+00  0.000000e+00  0.000000e+00  0.000000e+00  0.000000e+00
 [96]  0.000000e+00 -2.313962e-02  0.000000e+00  0.000000e+00  0.000000e+00
[101]  0.000000e+00  0.000000e+00  0.000000e+00  0.000000e+00  0.000000e+00
[106]  0.000000e+00  0.000000e+00  0.000000e+00  0.000000e+00  5.823311e-02
[111]  0.000000e+00  0.000000e+00  0.000000e+00  0.000000e+00 -4.707784e-03
[116]  0.000000e+00 -9.655288e-03  0.000000e+00  0.000000e+00  0.000000e+00
[121]  0.000000e+00  0.000000e+00  0.000000e+00  0.000000e+00  1.417022e-02
[126]  0.000000e+00  0.000000e+00  0.000000e+00  0.000000e+00  0.000000e+00
[131]  0.000000e+00  0.000000e+00  0.000000e+00  0.000000e+00  0.000000e+00
[136]  0.000000e+00  0.000000e+00  0.000000e+00  0.000000e+00  0.000000e+00
[141]  0.000000e+00  0.000000e+00  0.000000e+00  0.000000e+00  0.000000e+00
[146]  0.000000e+00  0.000000e+00  0.000000e+00  0.000000e+00  0.000000e+00
[151]  0.000000e+00  0.000000e+00  0.000000e+00  0.000000e+00  0.000000e+00
[156]  0.000000e+00  0.000000e+00  0.000000e+00  0.000000e+00  0.000000e+00
[161]  0.000000e+00  0.000000e+00  0.000000e+00  0.000000e+00  0.000000e+00
[166]  0.000000e+00  0.000000e+00  0.000000e+00  0.000000e+00  0.000000e+00
[171]  0.000000e+00  0.000000e+00  0.000000e+00  1.415015e-05  0.000000e+00
[176]  0.000000e+00  0.000000e+00  0.000000e+00  0.000000e+00  0.000000e+00
[181]  0.000000e+00  0.000000e+00  0.000000e+00  0.000000e+00  0.000000e+00
[186]  0.000000e+00  0.000000e+00  0.000000e+00  0.000000e+00  0.000000e+00
[191]  0.000000e+00  0.000000e+00  0.000000e+00  0.000000e+00  0.000000e+00
[196]  0.000000e+00  0.000000e+00  0.000000e+00  0.000000e+00  0.000000e+00
[201]  0.000000e+00  0.000000e+00  0.000000e+00  0.000000e+00  0.000000e+00
[206]  0.000000e+00
[1] "broken"
final values in 10th iteration
  [1]  3.560319e-01  1.359836e+00  4.973271e+00  2.785578e+00  1.936828e+00
  [6] -3.180728e-01  0.000000e+00  0.000000e+00  0.000000e+00  0.000000e+00
 [11]  0.000000e+00  0.000000e+00  0.000000e+00  0.000000e+00  0.000000e+00
 [16]  0.000000e+00  0.000000e+00  0.000000e+00  0.000000e+00  0.000000e+00
 [21]  1.167125e-04  0.000000e+00  0.000000e+00  0.000000e+00  0.000000e+00
 [26]  0.000000e+00  0.000000e+00  0.000000e+00  0.000000e+00  0.000000e+00
 [31]  0.000000e+00  1.060579e-02  0.000000e+00  0.000000e+00  0.000000e+00
 [36]  0.000000e+00  0.000000e+00  0.000000e+00  0.000000e+00  0.000000e+00
 [41]  0.000000e+00  0.000000e+00  0.000000e+00  0.000000e+00  0.000000e+00
 [46]  0.000000e+00  0.000000e+00  0.000000e+00  0.000000e+00  0.000000e+00
 [51]  0.000000e+00  0.000000e+00  0.000000e+00  0.000000e+00  0.000000e+00
 [56]  0.000000e+00  0.000000e+00  0.000000e+00  0.000000e+00  0.000000e+00
 [61]  0.000000e+00  0.000000e+00  0.000000e+00 -3.586255e-03  0.000000e+00
 [66]  0.000000e+00  0.000000e+00  0.000000e+00  0.000000e+00  0.000000e+00
 [71]  0.000000e+00  0.000000e+00  0.000000e+00  0.000000e+00  0.000000e+00
 [76]  0.000000e+00  0.000000e+00  0.000000e+00  0.000000e+00  0.000000e+00
 [81]  0.000000e+00  0.000000e+00  0.000000e+00  0.000000e+00  0.000000e+00
 [86]  0.000000e+00  2.618885e-02  0.000000e+00  0.000000e+00  0.000000e+00
 [91]  0.000000e+00  0.000000e+00  0.000000e+00  0.000000e+00  0.000000e+00
 [96]  0.000000e+00  0.000000e+00  0.000000e+00  0.000000e+00  0.000000e+00
[101] -2.475045e-02  0.000000e+00  0.000000e+00  0.000000e+00  0.000000e+00
[106]  0.000000e+00  0.000000e+00  0.000000e+00  0.000000e+00  0.000000e+00
[111] -6.976027e-03  0.000000e+00  0.000000e+00  0.000000e+00  0.000000e+00
[116]  0.000000e+00  0.000000e+00  0.000000e+00  0.000000e+00  0.000000e+00
[121]  0.000000e+00  0.000000e+00  0.000000e+00  0.000000e+00  0.000000e+00
[126]  0.000000e+00  0.000000e+00  0.000000e+00  0.000000e+00  0.000000e+00
[131]  0.000000e+00  0.000000e+00  0.000000e+00  0.000000e+00  0.000000e+00
[136]  0.000000e+00  0.000000e+00  0.000000e+00  0.000000e+00  0.000000e+00
[141]  0.000000e+00  2.924547e-02 -1.229520e-02  0.000000e+00  0.000000e+00
[146]  0.000000e+00  0.000000e+00  0.000000e+00  0.000000e+00  0.000000e+00
[151] -9.612471e-05  0.000000e+00  0.000000e+00  0.000000e+00  0.000000e+00
[156]  0.000000e+00  0.000000e+00  0.000000e+00  0.000000e+00  0.000000e+00
[161]  0.000000e+00 -3.869035e-05  0.000000e+00  0.000000e+00  0.000000e+00
[166]  0.000000e+00  0.000000e+00  0.000000e+00  0.000000e+00  0.000000e+00
[171]  0.000000e+00  0.000000e+00  0.000000e+00 -1.893490e-02 -3.798866e-02
[176]  0.000000e+00  0.000000e+00  0.000000e+00  0.000000e+00  0.000000e+00
[181]  0.000000e+00  0.000000e+00  0.000000e+00  0.000000e+00  0.000000e+00
[186]  0.000000e+00  0.000000e+00  0.000000e+00  2.606506e-02  0.000000e+00
[191]  0.000000e+00  0.000000e+00  0.000000e+00  0.000000e+00  0.000000e+00
[196]  0.000000e+00  0.000000e+00  0.000000e+00  0.000000e+00  0.000000e+00
[201]  0.000000e+00  0.000000e+00  0.000000e+00  2.545643e-02  0.000000e+00
[206]  0.000000e+00
           [,1]       [,2]     [,3]     [,4]     [,5]          [,6]       [,7]
 [1,] 0.3044712  0.2403885 4.840769 2.495492 1.295954  0.000000e+00 0.00000000
 [2,] 0.3956263  1.0008969 4.726076 2.724493 1.788739 -3.143816e-01 0.00000000
 [3,] 0.3210464  0.9494302 4.683935 2.764089 1.718232 -3.716164e-01 0.00000000
 [4,] 0.2750874 -1.0757812 4.043239 1.351916 1.206255 -3.733077e-06 0.00000000
 [5,] 0.4039467  0.9813540 4.832250 2.730399 1.727866 -2.091778e-02 0.00000000
 [6,] 0.4230257  1.2039228 4.957577 2.794186 1.805714 -2.965902e-01 0.00000000
 [7,] 0.3169941  0.4704037 4.492200 1.543286 1.070180  0.000000e+00 0.00000000
 [8,] 0.4471480  1.0737825 4.979475 2.847721 1.779376 -2.749454e-01 0.00000000
 [9,] 0.3704158  0.7064293 4.691345 2.750149 1.723679 -3.748446e-01 0.03023413
[10,] 0.3560319  1.3598362 4.973271 2.785578 1.936828 -3.180728e-01 0.00000000
               [,8] [,9] [,10] [,11]       [,12]        [,13] [,14] [,15]
 [1,]  0.000000e+00    0     0     0 0.000000000 0.000000e+00     0     0
 [2,]  0.000000e+00    0     0     0 0.000000000 0.000000e+00     0     0
 [3,]  0.000000e+00    0     0     0 0.077099995 0.000000e+00     0     0
 [4,]  5.317343e-05    0     0     0 0.005566775 0.000000e+00     0     0
 [5,]  0.000000e+00    0     0     0 0.000000000 0.000000e+00     0     0
 [6,]  0.000000e+00    0     0     0 0.000000000 0.000000e+00     0     0
 [7,] -1.857154e-01    0     0     0 0.000000000 6.226581e-05     0     0
 [8,]  1.912005e-02    0     0     0 0.000000000 0.000000e+00     0     0
 [9,]  0.000000e+00    0     0     0 0.000000000 0.000000e+00     0     0
[10,]  0.000000e+00    0     0     0 0.000000000 0.000000e+00     0     0
             [,16]        [,17] [,18] [,19] [,20]        [,21]         [,22]
 [1,]  0.000000000 0.000000e+00     0     0     0 0.0000000000  0.0000000000
 [2,]  0.000000000 1.971565e-02     0     0     0 0.0000000000  0.0000000000
 [3,]  0.000000000 0.000000e+00     0     0     0 0.0000000000  0.0000000000
 [4,]  0.000000000 0.000000e+00     0     0     0 0.0000000000 -0.1238975084
 [5,] -0.006356102 0.000000e+00     0     0     0 0.0000000000  0.0000000000
 [6,]  0.000000000 0.000000e+00     0     0     0 0.0000000000  0.0000000000
 [7,]  0.000000000 3.689605e-05     0     0     0 0.0000000000 -0.0004461132
 [8,]  0.000000000 0.000000e+00     0     0     0 0.0000000000  0.0000000000
 [9,]  0.000000000 0.000000e+00     0     0     0 0.0000000000  0.0000000000
[10,]  0.000000000 0.000000e+00     0     0     0 0.0001167125  0.0000000000
             [,23] [,24] [,25] [,26]   [,27]      [,28]      [,29]       [,30]
 [1,]  0.000000000     0     0     0 0.00000  0.0000000 0.08982235  0.00000000
 [2,]  0.000000000     0     0     0 0.00000  0.0000000 0.00000000  0.00000000
 [3,]  0.005866104     0     0     0 0.00000  0.0000000 0.00000000  0.00000000
 [4,]  0.073652520     0     0     0 0.00000  0.0000000 0.00000000  0.00000000
 [5,]  0.000000000     0     0     0 0.00000  0.0000000 0.00000000  0.00000000
 [6,]  0.000000000     0     0     0 0.00000  0.0000000 0.00000000  0.00000000
 [7,]  0.000000000     0     0     0 0.00000 -0.2245619 0.00000000  0.00000000
 [8,] -0.034206790     0     0     0 0.10295  0.0000000 0.00000000 -0.01073254
 [9,]  0.000000000     0     0     0 0.00000  0.0000000 0.00000000  0.00000000
[10,]  0.000000000     0     0     0 0.00000  0.0000000 0.00000000  0.00000000
      [,31]        [,32]      [,33]       [,34]       [,35] [,36]     [,37]
 [1,]     0  0.016153601 0.00000000 0.000000000 -0.00912354     0 0.0000000
 [2,]     0  0.000000000 0.00000000 0.000000000  0.00000000     0 0.0000000
 [3,]     0 -0.001257072 0.00000000 0.000000000  0.00000000     0 0.0000000
 [4,]     0  0.000000000 0.00000000 0.000000000  0.00000000     0 0.3292738
 [5,]     0  0.000000000 0.04243574 0.009694499  0.00000000     0 0.0000000
 [6,]     0  0.000000000 0.00000000 0.000000000 -0.02202466     0 0.0000000
 [7,]     0  0.000000000 0.00000000 0.000000000  0.00000000     0 0.0000000
 [8,]     0  0.000000000 0.00000000 0.018282097  0.00000000     0 0.0000000
 [9,]     0  0.000000000 0.00000000 0.000000000  0.00000000     0 0.0000000
[10,]     0  0.010605785 0.00000000 0.000000000  0.00000000     0 0.0000000
             [,38]         [,39]         [,40] [,41]      [,42]        [,43]
 [1,]  0.000000000  0.000000e+00  7.462389e-02     0 0.00000000 0.0008500934
 [2,]  0.000000000  0.000000e+00  0.000000e+00     0 0.00000000 0.0000000000
 [3,]  0.000000000 -5.082691e-02  0.000000e+00     0 0.01170709 0.0000000000
 [4,]  0.000000000  0.000000e+00  0.000000e+00     0 0.00000000 0.0000000000
 [5,]  0.000000000  0.000000e+00  0.000000e+00     0 0.00000000 0.0000000000
 [6,] -0.001271962  0.000000e+00  0.000000e+00     0 0.00000000 0.0000000000
 [7,]  0.000000000  1.596634e-06 -1.507174e-05     0 0.00000000 0.0000000000
 [8,]  0.000000000  0.000000e+00  0.000000e+00     0 0.00000000 0.0000000000
 [9,]  0.000000000  0.000000e+00  0.000000e+00     0 0.00000000 0.0135651507
[10,]  0.000000000  0.000000e+00  0.000000e+00     0 0.00000000 0.0000000000
            [,44]     [,45]     [,46] [,47] [,48]       [,49]      [,50]
 [1,]  0.00000000 0.0000000 0.0000000     0     0  0.00000000 0.02414256
 [2,]  0.00000000 0.0000000 0.0000000     0     0  0.00000000 0.00000000
 [3,]  0.00000000 0.0000000 0.0000000     0     0  0.00000000 0.00000000
 [4,]  0.04738450 0.0000000 0.0000000     0     0  0.00000000 0.00000000
 [5,]  0.00000000 0.0000000 0.0000000     0     0  0.00000000 0.00000000
 [6,]  0.00000000 0.0000000 0.0000000     0     0  0.00000000 0.00000000
 [7,] -0.03628248 0.1705624 0.1906338     0     0  0.00000000 0.00000000
 [8,]  0.00000000 0.0000000 0.0000000     0     0  0.00000000 0.00000000
 [9,]  0.00000000 0.0000000 0.0000000     0     0 -0.02508104 0.00000000
[10,]  0.00000000 0.0000000 0.0000000     0     0  0.00000000 0.00000000
              [,51] [,52] [,53] [,54]        [,55] [,56] [,57] [,58] [,59]
 [1,]  0.0000000000     0     0     0 0.000000e+00     0     0     0     0
 [2,]  0.0000000000     0     0     0 0.000000e+00     0     0     0     0
 [3,]  0.0001364077     0     0     0 0.000000e+00     0     0     0     0
 [4,]  0.0000000000     0     0     0 1.668653e-05     0     0     0     0
 [5,] -0.1200628462     0     0     0 0.000000e+00     0     0     0     0
 [6,]  0.0000000000     0     0     0 0.000000e+00     0     0     0     0
 [7,]  0.0000000000     0     0     0 0.000000e+00     0     0     0     0
 [8,]  0.0000000000     0     0     0 0.000000e+00     0     0     0     0
 [9,]  0.0000000000     0     0     0 0.000000e+00     0     0     0     0
[10,]  0.0000000000     0     0     0 0.000000e+00     0     0     0     0
      [,60]      [,61]        [,62]      [,63]        [,64] [,65] [,66] [,67]
 [1,]     0 0.00532415  0.000000000 0.00000000  0.000000000     0     0     0
 [2,]     0 0.00000000  0.000000000 0.00000000  0.000000000     0     0     0
 [3,]     0 0.00000000 -0.058210775 0.02348411  0.000000000     0     0     0
 [4,]     0 0.00000000  0.000000000 0.00000000  0.000000000     0     0     0
 [5,]     0 0.01745472  0.000000000 0.00000000  0.000000000     0     0     0
 [6,]     0 0.00000000 -0.004724828 0.00000000  0.000000000     0     0     0
 [7,]     0 0.00000000  0.000000000 0.00000000  0.000000000     0     0     0
 [8,]     0 0.00000000  0.000000000 0.00000000  0.000000000     0     0     0
 [9,]     0 0.00000000  0.000000000 0.00000000  0.000000000     0     0     0
[10,]     0 0.00000000  0.000000000 0.00000000 -0.003586255     0     0     0
             [,68]        [,69]        [,70]        [,71] [,72] [,73]
 [1,] 0.0007387614  0.000000000  0.000000000 0.000000e+00     0     0
 [2,] 0.0000000000  0.000000000  0.037741263 0.000000e+00     0     0
 [3,] 0.0000000000  0.000000000 -0.002925288 0.000000e+00     0     0
 [4,] 0.0000000000  0.000000000  0.000000000 0.000000e+00     0     0
 [5,] 0.0000000000  0.000000000  0.000000000 9.239747e-06     0     0
 [6,] 0.0000000000 -0.007457323  0.000000000 0.000000e+00     0     0
 [7,] 0.0000000000  0.077702312  0.000000000 0.000000e+00     0     0
 [8,] 0.0000000000  0.000000000  0.000000000 0.000000e+00     0     0
 [9,] 0.0000000000  0.000000000  0.000000000 0.000000e+00     0     0
[10,] 0.0000000000  0.000000000  0.000000000 0.000000e+00     0     0
            [,74]      [,75]      [,76] [,77] [,78] [,79] [,80]    [,81]
 [1,] -0.01079335 0.03522863 0.00000000     0     0     0     0 0.000000
 [2,]  0.00000000 0.00000000 0.00000000     0     0     0     0 0.104296
 [3,]  0.00000000 0.00000000 0.03036197     0     0     0     0 0.000000
 [4,]  0.00000000 0.00000000 0.00000000     0     0     0     0 0.000000
 [5,]  0.00000000 0.01872874 0.00000000     0     0     0     0 0.000000
 [6,]  0.00000000 0.00000000 0.00000000     0     0     0     0 0.000000
 [7,]  0.00000000 0.00000000 0.00000000     0     0     0     0 0.000000
 [8,]  0.00000000 0.00000000 0.00000000     0     0     0     0 0.000000
 [9,]  0.00000000 0.00000000 0.00000000     0     0     0     0 0.000000
[10,]  0.00000000 0.00000000 0.00000000     0     0     0     0 0.000000
            [,82]      [,83] [,84]       [,85] [,86]      [,87]       [,88]
 [1,]  0.00000000 0.00000000     0  0.00000000     0 0.00000000  0.00000000
 [2,]  0.00000000 0.00000000     0  0.00000000     0 0.00000000  0.00000000
 [3,]  0.00000000 0.00000000     0  0.00000000     0 0.00000000  0.00000000
 [4,] -0.04386484 0.00000000     0  0.00000000     0 0.00000000  0.00000000
 [5,]  0.00000000 0.04202165     0  0.00000000     0 0.00000000  0.00000000
 [6,]  0.00000000 0.00000000     0  0.00000000     0 0.00000000  0.00000000
 [7,]  0.00000000 0.00000000     0  0.00000000     0 0.19880670 -0.02920238
 [8,]  0.00000000 0.00000000     0 -0.01284744     0 0.00000000  0.00000000
 [9,]  0.00000000 0.00000000     0  0.00000000     0 0.00000000  0.00000000
[10,]  0.00000000 0.00000000     0  0.00000000     0 0.02618885  0.00000000
            [,89]         [,90]      [,91] [,92]    [,93] [,94]        [,95]
 [1,]  0.00000000  0.000000e+00  0.0000000     0 0.000000     0 0.000000e+00
 [2,]  0.00000000  0.000000e+00  0.0000000     0 0.000000     0 0.000000e+00
 [3,]  0.00000000  0.000000e+00  0.0000000     0 0.000000     0 2.217067e-05
 [4,]  0.00000000 -2.690747e-02  0.0000000     0 0.124167     0 0.000000e+00
 [5,]  0.00000000  0.000000e+00  0.0000000     0 0.000000     0 0.000000e+00
 [6,] -0.01955668 -2.500259e-05  0.0000000     0 0.000000     0 0.000000e+00
 [7,]  0.00000000  0.000000e+00 -0.2539512     0 0.000000     0 0.000000e+00
 [8,]  0.00000000  0.000000e+00  0.0000000     0 0.000000     0 0.000000e+00
 [9,]  0.00000000  0.000000e+00  0.0000000     0 0.000000     0 0.000000e+00
[10,]  0.00000000  0.000000e+00  0.0000000     0 0.000000     0 0.000000e+00
            [,96]       [,97] [,98]       [,99] [,100]      [,101] [,102]
 [1,] -0.03638532  0.00000000     0  0.00000000      0  0.00000000      0
 [2,]  0.00000000  0.00000000     0  0.00000000      0  0.00000000      0
 [3,]  0.00000000  0.00000000     0 -0.00708909      0  0.00000000      0
 [4,]  0.00000000  0.00000000     0  0.00000000      0  0.00000000      0
 [5,]  0.00000000  0.00000000     0  0.00000000      0  0.00000000      0
 [6,]  0.00000000  0.00000000     0  0.00000000      0  0.00000000      0
 [7,]  0.00000000  0.00000000     0  0.00000000      0  0.00000000      0
 [8,]  0.00000000  0.00000000     0  0.00000000      0  0.00000000      0
 [9,]  0.00000000 -0.02313962     0  0.00000000      0  0.00000000      0
[10,]  0.00000000  0.00000000     0  0.00000000      0 -0.02475045      0
      [,103]        [,104]       [,105]       [,106]    [,107]      [,108]
 [1,]      0  0.000000e+00 0.0000000000 0.000000e+00 0.0000000  0.00000000
 [2,]      0  0.000000e+00 0.0000000000 0.000000e+00 0.0000000 -0.01218838
 [3,]      0  0.000000e+00 0.0000000000 0.000000e+00 0.0000000  0.00000000
 [4,]      0 -7.895757e-06 0.0000000000 5.513624e-05 0.0000000  0.00000000
 [5,]      0  0.000000e+00 0.0007052882 0.000000e+00 0.0000000  0.00000000
 [6,]      0  0.000000e+00 0.0000000000 0.000000e+00 0.0000000  0.00000000
 [7,]      0  0.000000e+00 0.0000000000 0.000000e+00 0.1445894  0.00000000
 [8,]      0  0.000000e+00 0.0456623939 0.000000e+00 0.0000000  0.00000000
 [9,]      0  0.000000e+00 0.0000000000 0.000000e+00 0.0000000  0.00000000
[10,]      0  0.000000e+00 0.0000000000 0.000000e+00 0.0000000  0.00000000
      [,109]     [,110]       [,111] [,112]     [,113] [,114]        [,115]
 [1,]      0 0.00000000  0.000000000      0 0.00000000      0  2.089062e-05
 [2,]      0 0.00000000  0.000000000      0 0.00000000      0  0.000000e+00
 [3,]      0 0.00000000 -0.009875081      0 0.00000000      0 -1.435961e-02
 [4,]      0 0.00000000  0.000000000      0 0.00000000      0  0.000000e+00
 [5,]      0 0.00000000  0.000000000      0 0.00000000      0  0.000000e+00
 [6,]      0 0.00000000  0.000000000      0 0.03323251      0  0.000000e+00
 [7,]      0 0.00000000  0.000000000      0 0.00000000      0  0.000000e+00
 [8,]      0 0.00000000  0.000000000      0 0.00000000      0 -8.100582e-05
 [9,]      0 0.05823311  0.000000000      0 0.00000000      0 -4.707784e-03
[10,]      0 0.00000000 -0.006976027      0 0.00000000      0  0.000000e+00
      [,116]       [,117]      [,118] [,119]     [,120] [,121] [,122]
 [1,]      0  0.000000000  0.00000000      0 0.04754889      0      0
 [2,]      0  0.000000000  0.00000000      0 0.00000000      0      0
 [3,]      0  0.000000000  0.00000000      0 0.05685616      0      0
 [4,]      0  0.000000000 -0.02434641      0 0.00000000      0      0
 [5,]      0  0.000000000  0.00000000      0 0.00000000      0      0
 [6,]      0  0.000000000  0.00000000      0 0.00000000      0      0
 [7,]      0  0.000000000  0.00000000      0 0.00000000      0      0
 [8,]      0  0.000000000  0.00000000      0 0.00000000      0      0
 [9,]      0 -0.009655288  0.00000000      0 0.00000000      0      0
[10,]      0  0.000000000  0.00000000      0 0.00000000      0      0
           [,123] [,124]      [,125] [,126] [,127] [,128]        [,129] [,130]
 [1,] -0.02140507      0 -0.03164670      0      0      0  0.000000e+00      0
 [2,]  0.00000000      0  0.00000000      0      0      0  0.000000e+00      0
 [3,]  0.00000000      0  0.00000000      0      0      0  0.000000e+00      0
 [4,] -0.01766925      0  0.00000000      0      0      0 -7.606537e-02      0
 [5,]  0.00000000      0  0.00000000      0      0      0  0.000000e+00      0
 [6,]  0.00000000      0  0.00000000      0      0      0  0.000000e+00      0
 [7,]  0.00000000      0  0.00000000      0      0      0 -1.323904e-06      0
 [8,]  0.00000000      0  0.00000000      0      0      0 -2.279661e-06      0
 [9,]  0.00000000      0  0.01417022      0      0      0  0.000000e+00      0
[10,]  0.00000000      0  0.00000000      0      0      0  0.000000e+00      0
            [,131]      [,132] [,133]        [,134] [,135]        [,136]
 [1,] 0.000000e+00 -0.02467654      0  0.0000000000      0  1.215091e-05
 [2,] 0.000000e+00  0.00000000      0  0.0000000000      0  0.000000e+00
 [3,] 0.000000e+00  0.00000000      0  0.0000000000      0 -7.108711e-03
 [4,] 8.529151e-06  0.00000000      0  0.0000000000      0  0.000000e+00
 [5,] 0.000000e+00  0.00000000      0  0.0000000000      0  0.000000e+00
 [6,] 0.000000e+00  0.00000000      0  0.0000000000      0  0.000000e+00
 [7,] 0.000000e+00  0.00000000      0  0.0595009440      0  0.000000e+00
 [8,] 0.000000e+00  0.00000000      0 -0.0004428043      0  0.000000e+00
 [9,] 0.000000e+00  0.00000000      0  0.0000000000      0  0.000000e+00
[10,] 0.000000e+00  0.00000000      0  0.0000000000      0  0.000000e+00
             [,137]      [,138]     [,139]        [,140]       [,141]
 [1,] -1.681823e-01 0.000000000  0.0000000  0.000000e+00 0.0002680103
 [2,]  0.000000e+00 0.000000000  0.0000000  0.000000e+00 0.0035056518
 [3,]  0.000000e+00 0.005083169  0.0000000  0.000000e+00 0.0000000000
 [4,] -8.714079e-05 0.000000000  0.0000000 -2.554933e-01 0.0000000000
 [5,]  0.000000e+00 0.000000000  0.0000000  0.000000e+00 0.0000000000
 [6,]  0.000000e+00 0.000000000  0.0000000  0.000000e+00 0.0000000000
 [7,]  0.000000e+00 0.000000000 -0.1146842  2.031473e-05 0.0000000000
 [8,]  0.000000e+00 0.000000000  0.0000000  0.000000e+00 0.0000000000
 [9,]  0.000000e+00 0.000000000  0.0000000  0.000000e+00 0.0000000000
[10,]  0.000000e+00 0.000000000  0.0000000  0.000000e+00 0.0000000000
          [,142]        [,143] [,144] [,145] [,146]        [,147] [,148]
 [1,] 0.00000000  0.000000e+00      0      0      0  0.000000e+00      0
 [2,] 0.00000000  0.000000e+00      0      0      0  0.000000e+00      0
 [3,] 0.00000000  0.000000e+00      0      0      0  0.000000e+00      0
 [4,] 0.00000000  0.000000e+00      0      0      0  0.000000e+00      0
 [5,] 0.00000000  2.301751e-06      0      0      0  0.000000e+00      0
 [6,] 0.00000000  0.000000e+00      0      0      0 -2.920265e-06      0
 [7,] 0.00000000  0.000000e+00      0      0      0  0.000000e+00      0
 [8,] 0.00000000  0.000000e+00      0      0      0  0.000000e+00      0
 [9,] 0.00000000  0.000000e+00      0      0      0  0.000000e+00      0
[10,] 0.02924547 -1.229520e-02      0      0      0  0.000000e+00      0
          [,149]        [,150]        [,151]       [,152]     [,153] [,154]
 [1,] 0.00000000  0.000000e+00  0.000000e+00 -0.007233032 0.00000000      0
 [2,] 0.02596014  0.000000e+00 -1.182196e-03  0.000000000 0.00000000      0
 [3,] 0.00000000  0.000000e+00  0.000000e+00  0.000000000 0.00000000      0
 [4,] 0.00000000  0.000000e+00  0.000000e+00  0.000000000 0.09510521      0
 [5,] 0.00000000  0.000000e+00  0.000000e+00  0.000000000 0.00000000      0
 [6,] 0.00000000  0.000000e+00  0.000000e+00  0.000000000 0.00000000      0
 [7,] 0.00000000 -3.878313e-06  0.000000e+00  0.000000000 0.00000000      0
 [8,] 0.00000000  0.000000e+00  0.000000e+00  0.000000000 0.00000000      0
 [9,] 0.00000000  0.000000e+00  0.000000e+00  0.000000000 0.00000000      0
[10,] 0.00000000  0.000000e+00 -9.612471e-05  0.000000000 0.00000000      0
           [,155]        [,156] [,157]     [,158] [,159]     [,160] [,161]
 [1,]  0.00000000 -8.016173e-05      0 0.00000000      0 0.00000000      0
 [2,]  0.00000000  0.000000e+00      0 0.02791737      0 0.00000000      0
 [3,]  0.00000000  0.000000e+00      0 0.00000000      0 0.00000000      0
 [4,]  0.00000000  0.000000e+00      0 0.00000000      0 0.00000000      0
 [5,]  0.00000000  0.000000e+00      0 0.00000000      0 0.00000000      0
 [6,]  0.03809181  0.000000e+00      0 0.00000000      0 0.00000000      0
 [7,] -0.02468199 -4.111638e-03      0 0.00000000      0 0.07454051      0
 [8,]  0.00000000  0.000000e+00      0 0.00000000      0 0.00000000      0
 [9,]  0.00000000  0.000000e+00      0 0.00000000      0 0.00000000      0
[10,]  0.00000000  0.000000e+00      0 0.00000000      0 0.00000000      0
             [,162] [,163]        [,164]      [,165] [,166]      [,167] [,168]
 [1,]  0.000000e+00      0  0.000000e+00  0.00000000      0  0.00000000      0
 [2,]  0.000000e+00      0  0.000000e+00 -0.03552179      0  0.00000000      0
 [3,]  0.000000e+00      0 -8.705171e-05  0.00000000      0 -0.09573597      0
 [4,]  0.000000e+00      0 -3.459933e-02  0.00000000      0  0.00000000      0
 [5,]  0.000000e+00      0  0.000000e+00  0.00000000      0  0.00000000      0
 [6,]  0.000000e+00      0  0.000000e+00  0.00000000      0  0.00000000      0
 [7,]  0.000000e+00      0  0.000000e+00  0.00000000      0  0.00000000      0
 [8,]  0.000000e+00      0  0.000000e+00  0.00000000      0  0.00000000      0
 [9,]  0.000000e+00      0  0.000000e+00  0.00000000      0  0.00000000      0
[10,] -3.869035e-05      0  0.000000e+00  0.00000000      0  0.00000000      0
           [,169] [,170] [,171] [,172]      [,173]        [,174]      [,175]
 [1,] 0.001742153      0      0      0 -0.09427099  0.000000e+00  0.00000000
 [2,] 0.000000000      0      0      0  0.00000000  0.000000e+00  0.00000000
 [3,] 0.000000000      0      0      0  0.00000000  5.962014e-06  0.00000000
 [4,] 0.000000000      0      0      0  0.00000000  0.000000e+00  0.34222145
 [5,] 0.000000000      0      0      0  0.00000000  0.000000e+00  0.00000000
 [6,] 0.000000000      0      0      0  0.00000000  0.000000e+00  0.00000000
 [7,] 0.000000000      0      0      0  0.00000000  0.000000e+00  0.00000000
 [8,] 0.000000000      0      0      0  0.00000000  0.000000e+00  0.00000000
 [9,] 0.000000000      0      0      0  0.00000000  1.415015e-05  0.00000000
[10,] 0.000000000      0      0      0  0.00000000 -1.893490e-02 -0.03798866
            [,176]       [,177]     [,178] [,179]        [,180]     [,181]
 [1,] 0.0000000000 0.0000000000 0.06984933      0  2.177556e-02 0.00000000
 [2,] 0.0000000000 0.0002767494 0.00000000      0  1.687479e-03 0.00000000
 [3,] 0.0000000000 0.0000000000 0.02195242      0  0.000000e+00 0.00000000
 [4,] 0.0000000000 0.4456154210 0.00000000      0  0.000000e+00 0.00000000
 [5,] 0.0000000000 0.0267555745 0.00000000      0 -3.942383e-06 0.00000000
 [6,] 0.0002054175 0.0000000000 0.00000000      0  0.000000e+00 0.00000000
 [7,] 0.0000000000 0.0000000000 0.00000000      0 -3.098008e-06 0.00000000
 [8,] 0.0000000000 0.0000000000 0.00000000      0  0.000000e+00 0.00013672
 [9,] 0.0000000000 0.0000000000 0.00000000      0  0.000000e+00 0.00000000
[10,] 0.0000000000 0.0000000000 0.00000000      0  0.000000e+00 0.00000000
      [,182]        [,183]      [,184]        [,185]    [,186] [,187] [,188]
 [1,]      0  5.084428e-05  0.00000000  0.0000000000 0.0000000      0      0
 [2,]      0  0.000000e+00  0.00000000  0.0000000000 0.0000000      0      0
 [3,]      0  0.000000e+00  0.00000000  0.0000000000 0.0000000      0      0
 [4,]      0  0.000000e+00  0.00000000  0.0000000000 0.1633367      0      0
 [5,]      0  0.000000e+00  0.00000000  0.0000000000 0.0000000      0      0
 [6,]      0  0.000000e+00 -0.03333126  0.0000000000 0.0000000      0      0
 [7,]      0 -7.770981e-04  0.00000000  0.0000000000 0.0000000      0      0
 [8,]      0  0.000000e+00  0.00000000 -0.0001736811 0.0000000      0      0
 [9,]      0  0.000000e+00  0.00000000  0.0000000000 0.0000000      0      0
[10,]      0  0.000000e+00  0.00000000  0.0000000000 0.0000000      0      0
             [,189] [,190]     [,191]     [,192] [,193] [,194]       [,195]
 [1,]  0.000000e+00      0  0.0000000 0.00000000      0      0 0.0000000000
 [2,]  0.000000e+00      0  0.0000000 0.00000000      0      0 0.0001591094
 [3,]  1.634025e-04      0 -0.1265019 0.00000000      0      0 0.0000000000
 [4,]  0.000000e+00      0  0.0000000 0.00000000      0      0 0.0000000000
 [5,] -9.298509e-02      0  0.0000000 0.00000000      0      0 0.0000000000
 [6,]  1.821324e-04      0  0.0000000 0.00000000      0      0 0.0000000000
 [7,] -1.160044e-05      0  0.0000000 0.04564263      0      0 0.0000000000
 [8,]  0.000000e+00      0  0.0000000 0.00000000      0      0 0.0000000000
 [9,]  0.000000e+00      0  0.0000000 0.00000000      0      0 0.0000000000
[10,]  2.606506e-02      0  0.0000000 0.00000000      0      0 0.0000000000
      [,196] [,197] [,198] [,199]      [,200]        [,201]      [,202]
 [1,]      0      0      0      0  0.00000000 -2.474875e-05 -0.06920453
 [2,]      0      0      0      0  0.00000000  0.000000e+00  0.00000000
 [3,]      0      0      0      0  0.00000000 -2.163273e-03  0.00000000
 [4,]      0      0      0      0  0.00000000  0.000000e+00  0.00000000
 [5,]      0      0      0      0  0.00000000  0.000000e+00  0.00000000
 [6,]      0      0      0      0  0.00000000  0.000000e+00  0.00000000
 [7,]      0      0      0      0 -0.02266303  0.000000e+00  0.00000000
 [8,]      0      0      0      0  0.00000000  0.000000e+00  0.00000000
 [9,]      0      0      0      0  0.00000000  0.000000e+00  0.00000000
[10,]      0      0      0      0  0.00000000  0.000000e+00  0.00000000
           [,203]      [,204]        [,205]     [,206]
 [1,] 0.00000e+00  0.00000000  0.0000000000 0.00000000
 [2,] 0.00000e+00  0.00000000  0.0000000000 0.00000000
 [3,] 0.00000e+00  0.00000000 -0.0009717991 0.00000000
 [4,] 0.00000e+00 -0.04889635  0.0000000000 0.00000000
 [5,] 0.00000e+00  0.00000000  0.0000000000 0.06222247
 [6,] 2.28714e-05  0.00000000  0.0000000000 0.00000000
 [7,] 0.00000e+00  0.00000000  0.0000000000 0.00000000
 [8,] 0.00000e+00  0.00000000  0.0000000000 0.00000000
 [9,] 0.00000e+00  0.00000000  0.0000000000 0.00000000
[10,] 0.00000e+00  0.02545643  0.0000000000 0.00000000
[1] "Mean"
  [1]  3.613793e-01  6.910663e-01  4.722014e+00  2.478731e+00  1.605282e+00
  [6] -1.971372e-01  3.023413e-03 -1.665422e-02  0.000000e+00  0.000000e+00
 [11]  0.000000e+00  8.266677e-03  6.226581e-06  0.000000e+00  0.000000e+00
 [16] -6.356102e-04  1.975255e-03  0.000000e+00  0.000000e+00  0.000000e+00
 [21]  1.167125e-05 -1.243436e-02  4.531183e-03  0.000000e+00  0.000000e+00
 [26]  0.000000e+00  1.029500e-02 -2.245619e-02  8.982235e-03 -1.073254e-03
 [31]  0.000000e+00  2.550231e-03  4.243574e-03  2.797660e-03 -3.114820e-03
 [36]  0.000000e+00  3.292738e-02 -1.271962e-04 -5.082531e-03  7.460882e-03
 [41]  0.000000e+00  1.170709e-03  1.441524e-03  1.110202e-03  1.705624e-02
 [46]  1.906338e-02  0.000000e+00  0.000000e+00 -2.508104e-03  2.414256e-03
 [51] -1.199264e-02  0.000000e+00  0.000000e+00  0.000000e+00  1.668653e-06
 [56]  0.000000e+00  0.000000e+00  0.000000e+00  0.000000e+00  0.000000e+00
 [61]  2.277887e-03 -6.293560e-03  2.348411e-03 -3.586255e-04  0.000000e+00
 [66]  0.000000e+00  0.000000e+00  7.387614e-05  7.024499e-03  3.481597e-03
 [71]  9.239747e-07  0.000000e+00  0.000000e+00 -1.079335e-03  5.395737e-03
 [76]  3.036197e-03  0.000000e+00  0.000000e+00  0.000000e+00  0.000000e+00
 [81]  1.042960e-02 -4.386484e-03  4.202165e-03  0.000000e+00 -1.284744e-03
 [86]  0.000000e+00  2.249955e-02 -2.920238e-03 -1.955668e-03 -2.693247e-03
 [91] -2.539512e-02  0.000000e+00  1.241670e-02  0.000000e+00  2.217067e-06
 [96] -3.638532e-03 -2.313962e-03  0.000000e+00 -7.089090e-04  0.000000e+00
[101] -2.475045e-03  0.000000e+00  0.000000e+00 -7.895757e-07  4.636768e-03
[106]  5.513624e-06  1.445894e-02 -1.218838e-03  0.000000e+00  5.823311e-03
[111] -1.685111e-03  0.000000e+00  3.323251e-03  0.000000e+00 -1.912751e-03
[116]  0.000000e+00 -9.655288e-04 -2.434641e-03  0.000000e+00  1.044050e-02
[121]  0.000000e+00  0.000000e+00 -3.907432e-03  0.000000e+00 -1.747648e-03
[126]  0.000000e+00  0.000000e+00  0.000000e+00 -7.606897e-03  0.000000e+00
[131]  8.529151e-07 -2.467654e-03  0.000000e+00  5.905814e-03  0.000000e+00
[136] -7.096560e-04 -1.682695e-02  5.083169e-04 -1.146842e-02 -2.554730e-02
[141]  3.773662e-04  2.924547e-03 -1.229289e-03  0.000000e+00  0.000000e+00
[146]  0.000000e+00 -2.920265e-07  0.000000e+00  2.596014e-03 -3.878313e-07
[151] -1.278321e-04 -7.233032e-04  9.510521e-03  0.000000e+00  1.340981e-03
[156] -4.191800e-04  0.000000e+00  2.791737e-03  0.000000e+00  7.454051e-03
[161]  0.000000e+00 -3.869035e-06  0.000000e+00 -3.468638e-03 -3.552179e-03
[166]  0.000000e+00 -9.573597e-03  0.000000e+00  1.742153e-04  0.000000e+00
[171]  0.000000e+00  0.000000e+00 -9.427099e-03 -1.891479e-03  3.042328e-02
[176]  2.054175e-05  4.726477e-02  9.180176e-03  0.000000e+00  2.345599e-03
[181]  1.367200e-05  0.000000e+00 -7.262538e-05 -3.333126e-03 -1.736811e-05
[186]  1.633367e-02  0.000000e+00  0.000000e+00 -6.658610e-03  0.000000e+00
[191] -1.265019e-02  4.564263e-03  0.000000e+00  0.000000e+00  1.591094e-05
[196]  0.000000e+00  0.000000e+00  0.000000e+00  0.000000e+00 -2.266303e-03
[201] -2.188022e-04 -6.920453e-03  2.287140e-06 -2.343992e-03 -9.717991e-05
[206]  6.222247e-03
[1] "Variance"
  [1] 5.630597e-02 7.053407e-01 2.842372e-01 5.531428e-01 2.976021e-01
  [6] 1.679883e-01 9.560870e-03 5.970498e-02 0.000000e+00 0.000000e+00
 [11] 0.000000e+00 2.424875e-02 1.969018e-05 0.000000e+00 0.000000e+00
 [16] 2.009976e-03 6.233352e-03 0.000000e+00 0.000000e+00 0.000000e+00
 [21] 3.690774e-05 3.916441e-02 2.671640e-02 0.000000e+00 0.000000e+00
 [26] 0.000000e+00 3.255566e-02 7.101271e-02 2.840432e-02 3.393928e-03
 [31] 0.000000e+00 5.868607e-03 1.341936e-02 6.235645e-03 7.236510e-03
 [36] 0.000000e+00 1.041255e-01 4.022296e-04 1.607294e-02 2.359868e-02
 [41] 0.000000e+00 3.702108e-03 4.268177e-03 1.985890e-02 5.393656e-02
 [46] 6.028371e-02 0.000000e+00 0.000000e+00 7.931323e-03 7.634546e-03
 [51] 3.797202e-02 0.000000e+00 0.000000e+00 0.000000e+00 5.276743e-06
 [56] 0.000000e+00 0.000000e+00 0.000000e+00 0.000000e+00 0.000000e+00
 [61] 5.588940e-03 1.830218e-02 7.426327e-03 1.134073e-03 0.000000e+00
 [66] 0.000000e+00 0.000000e+00 2.336169e-04 2.494399e-02 1.207267e-02
 [71] 2.921865e-06 0.000000e+00 0.000000e+00 3.413156e-03 1.202166e-02
 [76] 9.601298e-03 0.000000e+00 0.000000e+00 0.000000e+00 0.000000e+00
 [81] 3.298129e-02 1.387128e-02 1.328841e-02 0.000000e+00 4.062716e-03
 [86] 0.000000e+00 6.249236e-02 9.234605e-03 6.184366e-03 8.508013e-03
 [91] 8.030643e-02 0.000000e+00 3.926506e-02 0.000000e+00 7.010981e-06
 [96] 1.150605e-02 7.317390e-03 0.000000e+00 2.241767e-03 0.000000e+00
[101] 7.826780e-03 0.000000e+00 0.000000e+00 2.496858e-06 1.441664e-02
[106] 1.743561e-05 4.572318e-02 3.854303e-03 0.000000e+00 1.841493e-02
[111] 3.617645e-03 0.000000e+00 1.050904e-02 0.000000e+00 4.616184e-03
[116] 0.000000e+00 3.053270e-03 7.699010e-03 0.000000e+00 2.211957e-02
[121] 0.000000e+00 0.000000e+00 8.284517e-03 0.000000e+00 1.141036e-02
[126] 0.000000e+00 0.000000e+00 0.000000e+00 2.405385e-02 0.000000e+00
[131] 2.697154e-06 7.803407e-03 0.000000e+00 1.883192e-02 0.000000e+00
[136] 2.248402e-03 5.318087e-02 1.607439e-03 3.626631e-02 8.079479e-02
[141] 1.102390e-03 9.248230e-03 3.888163e-03 0.000000e+00 0.000000e+00
[146] 0.000000e+00 9.234688e-07 0.000000e+00 8.209317e-03 1.226430e-06
[151] 3.716953e-04 2.287286e-03 3.007491e-02 0.000000e+00 1.506358e-02
[156] 1.297642e-03 0.000000e+00 8.828249e-03 0.000000e+00 2.357178e-02
[161] 0.000000e+00 1.223496e-05 0.000000e+00 1.093824e-02 1.123298e-02
[166] 0.000000e+00 3.027437e-02 0.000000e+00 5.509171e-04 0.000000e+00
[171] 0.000000e+00 0.000000e+00 2.981110e-02 5.988449e-03 1.102033e-01
[176] 6.495873e-05 1.402179e-01 2.240556e-02 0.000000e+00 6.847579e-03
[181] 4.323466e-05 0.000000e+00 2.480417e-04 1.054027e-02 5.492277e-05
[186] 5.165160e-02 0.000000e+00 0.000000e+00 3.141532e-02 0.000000e+00
[191] 4.000343e-02 1.443347e-02 0.000000e+00 0.000000e+00 5.031482e-05
[196] 0.000000e+00 0.000000e+00 0.000000e+00 0.000000e+00 7.166680e-03
[201] 6.832618e-04 2.188439e-02 7.232572e-06 1.820848e-02 3.073099e-04
[206] 1.967647e-02
[1] "Bias"
  [1] -0.27724131 -0.53928915 -0.05559725 -0.17375633 -0.19735880 -0.60572552
  [7]         Inf        -Inf         NaN         NaN         NaN         Inf
 [13]         Inf         NaN         NaN        -Inf         Inf         NaN
 [19]         NaN         NaN         Inf        -Inf         Inf         NaN
 [25]         NaN         NaN         Inf        -Inf         Inf        -Inf
 [31]         NaN         Inf         Inf         Inf        -Inf         NaN
 [37]         Inf        -Inf        -Inf         Inf         NaN         Inf
 [43]         Inf         Inf         Inf         Inf         NaN         NaN
 [49]        -Inf         Inf        -Inf         NaN         NaN         NaN
 [55]         Inf         NaN         NaN         NaN         NaN         NaN
 [61]         Inf        -Inf         Inf        -Inf         NaN         NaN
 [67]         NaN         Inf         Inf         Inf         Inf         NaN
 [73]         NaN        -Inf         Inf         Inf         NaN         NaN
 [79]         NaN         NaN         Inf        -Inf         Inf         NaN
 [85]        -Inf         NaN         Inf        -Inf        -Inf        -Inf
 [91]        -Inf         NaN         Inf         NaN         Inf        -Inf
 [97]        -Inf         NaN        -Inf         NaN        -Inf         NaN
[103]         NaN        -Inf         Inf         Inf         Inf        -Inf
[109]         NaN         Inf        -Inf         NaN         Inf         NaN
[115]        -Inf         NaN        -Inf        -Inf         NaN         Inf
[121]         NaN         NaN        -Inf         NaN        -Inf         NaN
[127]         NaN         NaN        -Inf         NaN         Inf        -Inf
[133]         NaN         Inf         NaN        -Inf        -Inf         Inf
[139]        -Inf        -Inf         Inf         Inf        -Inf         NaN
[145]         NaN         NaN        -Inf         NaN         Inf        -Inf
[151]        -Inf        -Inf         Inf         NaN         Inf        -Inf
[157]         NaN         Inf         NaN         Inf         NaN        -Inf
[163]         NaN        -Inf        -Inf         NaN        -Inf         NaN
[169]         Inf         NaN         NaN         NaN        -Inf        -Inf
[175]         Inf         Inf         Inf         Inf         NaN         Inf
[181]         Inf         NaN        -Inf        -Inf        -Inf         Inf
[187]         NaN         NaN        -Inf         NaN        -Inf         Inf
[193]         NaN         NaN         Inf         NaN         NaN         NaN
[199]         NaN        -Inf        -Inf        -Inf         Inf        -Inf
[205]        -Inf         Inf
