final values in 1th iteration
  [1]  3.258884e-01  9.865961e-01  4.992732e+00  2.655416e+00  1.692430e+00
  [6] -2.731726e-01  0.000000e+00  9.811322e-03 -1.587814e-04  0.000000e+00
 [11]  0.000000e+00  0.000000e+00  0.000000e+00  0.000000e+00  0.000000e+00
 [16]  0.000000e+00  0.000000e+00  0.000000e+00  0.000000e+00  0.000000e+00
 [21]  0.000000e+00  0.000000e+00  0.000000e+00  0.000000e+00  0.000000e+00
 [26]  0.000000e+00  0.000000e+00  0.000000e+00  0.000000e+00  0.000000e+00
 [31]  0.000000e+00  1.373075e-03  0.000000e+00  0.000000e+00  0.000000e+00
 [36]  0.000000e+00  0.000000e+00  0.000000e+00  0.000000e+00  0.000000e+00
 [41]  0.000000e+00  0.000000e+00  0.000000e+00  0.000000e+00  0.000000e+00
 [46]  0.000000e+00  0.000000e+00  0.000000e+00  0.000000e+00  2.861695e-02
 [51]  0.000000e+00  0.000000e+00  0.000000e+00  0.000000e+00  0.000000e+00
 [56]  0.000000e+00  0.000000e+00  0.000000e+00  0.000000e+00  0.000000e+00
 [61]  2.561260e-03  0.000000e+00  0.000000e+00  0.000000e+00  0.000000e+00
 [66]  0.000000e+00  0.000000e+00  0.000000e+00  0.000000e+00  0.000000e+00
 [71]  0.000000e+00  0.000000e+00  0.000000e+00  0.000000e+00  2.696126e-02
 [76]  0.000000e+00  0.000000e+00  0.000000e+00  0.000000e+00  0.000000e+00
 [81]  0.000000e+00  0.000000e+00  0.000000e+00  0.000000e+00  0.000000e+00
 [86]  0.000000e+00  0.000000e+00  0.000000e+00  0.000000e+00  0.000000e+00
 [91]  0.000000e+00  0.000000e+00  0.000000e+00  0.000000e+00  0.000000e+00
 [96] -5.347564e-02  5.637878e-02  0.000000e+00  0.000000e+00  0.000000e+00
[101]  0.000000e+00  0.000000e+00  0.000000e+00  0.000000e+00  0.000000e+00
[106]  0.000000e+00  0.000000e+00  0.000000e+00 -1.265759e-05  0.000000e+00
[111]  0.000000e+00  0.000000e+00  0.000000e+00  0.000000e+00  0.000000e+00
[116]  0.000000e+00  0.000000e+00  0.000000e+00  0.000000e+00  0.000000e+00
[121]  0.000000e+00  0.000000e+00  0.000000e+00  0.000000e+00  0.000000e+00
[126]  0.000000e+00  0.000000e+00  0.000000e+00  0.000000e+00  0.000000e+00
[131]  0.000000e+00  0.000000e+00  0.000000e+00 -9.174220e-04  0.000000e+00
[136]  0.000000e+00 -5.192814e-02  0.000000e+00  0.000000e+00  0.000000e+00
[141]  6.688056e-04  0.000000e+00  0.000000e+00  0.000000e+00  0.000000e+00
[146]  0.000000e+00  0.000000e+00 -1.419706e-03  0.000000e+00  0.000000e+00
[151]  0.000000e+00  0.000000e+00  0.000000e+00  0.000000e+00  0.000000e+00
[156] -7.245441e-04  0.000000e+00  0.000000e+00 -1.637565e-02  0.000000e+00
[161]  0.000000e+00  0.000000e+00  0.000000e+00 -1.116191e-02  0.000000e+00
[166]  0.000000e+00  0.000000e+00  0.000000e+00  2.956281e-02  0.000000e+00
[171]  0.000000e+00  0.000000e+00 -2.385771e-03  0.000000e+00  0.000000e+00
[176]  0.000000e+00  0.000000e+00  0.000000e+00  0.000000e+00  0.000000e+00
[181]  0.000000e+00  0.000000e+00  0.000000e+00  0.000000e+00  0.000000e+00
[186]  0.000000e+00  0.000000e+00  0.000000e+00  0.000000e+00  0.000000e+00
[191]  0.000000e+00  0.000000e+00  0.000000e+00  0.000000e+00  0.000000e+00
[196]  0.000000e+00 -5.310084e-06  0.000000e+00  0.000000e+00  0.000000e+00
[201]  0.000000e+00 -8.606158e-02  0.000000e+00  0.000000e+00  0.000000e+00
[206]  0.000000e+00
final values in 2th iteration
  [1]  4.109629e-01  1.323426e+00  4.834220e+00  2.837887e+00  1.842810e+00
  [6] -4.024783e-01  0.000000e+00  0.000000e+00  0.000000e+00  0.000000e+00
 [11]  0.000000e+00  0.000000e+00  0.000000e+00  0.000000e+00  0.000000e+00
 [16]  0.000000e+00  4.812638e-04  0.000000e+00  0.000000e+00  0.000000e+00
 [21]  0.000000e+00  0.000000e+00 -2.835262e-04  0.000000e+00  0.000000e+00
 [26]  0.000000e+00  7.139591e-06  0.000000e+00  0.000000e+00  0.000000e+00
 [31]  0.000000e+00  0.000000e+00  0.000000e+00  0.000000e+00  0.000000e+00
 [36]  0.000000e+00  0.000000e+00  0.000000e+00  0.000000e+00  0.000000e+00
 [41]  0.000000e+00  0.000000e+00  0.000000e+00  1.723500e-05  0.000000e+00
 [46]  0.000000e+00  0.000000e+00  0.000000e+00  0.000000e+00  0.000000e+00
 [51]  0.000000e+00  0.000000e+00  0.000000e+00  0.000000e+00  0.000000e+00
 [56]  0.000000e+00  0.000000e+00  0.000000e+00  0.000000e+00  0.000000e+00
 [61]  0.000000e+00  0.000000e+00  0.000000e+00  0.000000e+00  0.000000e+00
 [66]  0.000000e+00  0.000000e+00  0.000000e+00  0.000000e+00  2.007119e-02
 [71]  0.000000e+00  0.000000e+00  0.000000e+00  0.000000e+00  0.000000e+00
 [76]  0.000000e+00  0.000000e+00  0.000000e+00  3.578384e-03  0.000000e+00
 [81]  6.776275e-02  0.000000e+00  0.000000e+00  0.000000e+00  0.000000e+00
 [86]  0.000000e+00  0.000000e+00  0.000000e+00  0.000000e+00  0.000000e+00
 [91]  0.000000e+00  0.000000e+00  0.000000e+00  0.000000e+00  0.000000e+00
 [96]  0.000000e+00  0.000000e+00  0.000000e+00  0.000000e+00  0.000000e+00
[101]  0.000000e+00  0.000000e+00 -1.421918e-02  0.000000e+00  0.000000e+00
[106]  0.000000e+00  0.000000e+00  0.000000e+00  0.000000e+00  0.000000e+00
[111]  0.000000e+00  0.000000e+00  0.000000e+00  0.000000e+00  0.000000e+00
[116]  0.000000e+00 -6.367992e-03  0.000000e+00  0.000000e+00  0.000000e+00
[121]  0.000000e+00  0.000000e+00  0.000000e+00  0.000000e+00  0.000000e+00
[126]  0.000000e+00  0.000000e+00  0.000000e+00  0.000000e+00  0.000000e+00
[131]  0.000000e+00  0.000000e+00  0.000000e+00  0.000000e+00  0.000000e+00
[136]  0.000000e+00  0.000000e+00  0.000000e+00  0.000000e+00  0.000000e+00
[141]  5.175866e-04  0.000000e+00  0.000000e+00  0.000000e+00  0.000000e+00
[146]  0.000000e+00  0.000000e+00  0.000000e+00  3.535675e-05  0.000000e+00
[151]  0.000000e+00  0.000000e+00  0.000000e+00  0.000000e+00  0.000000e+00
[156]  0.000000e+00  0.000000e+00  3.532240e-02  0.000000e+00  0.000000e+00
[161]  0.000000e+00  0.000000e+00  0.000000e+00  0.000000e+00 -2.339376e-03
[166]  0.000000e+00  0.000000e+00  0.000000e+00  0.000000e+00  0.000000e+00
[171]  0.000000e+00  0.000000e+00  0.000000e+00  0.000000e+00  0.000000e+00
[176]  0.000000e+00  0.000000e+00  0.000000e+00  0.000000e+00  0.000000e+00
[181]  0.000000e+00  0.000000e+00  0.000000e+00  0.000000e+00  0.000000e+00
[186]  0.000000e+00  0.000000e+00  0.000000e+00  0.000000e+00  0.000000e+00
[191]  0.000000e+00  0.000000e+00  0.000000e+00  0.000000e+00  1.718055e-05
[196]  0.000000e+00  0.000000e+00  0.000000e+00  0.000000e+00  0.000000e+00
[201]  0.000000e+00  0.000000e+00  0.000000e+00  0.000000e+00  0.000000e+00
[206]  0.000000e+00
[1] "broken"
final values in 3th iteration
  [1]  3.231498e-01  1.119103e+00  4.787949e+00  2.890542e+00  1.781349e+00
  [6] -4.001610e-01  0.000000e+00  0.000000e+00  0.000000e+00  0.000000e+00
 [11]  0.000000e+00  8.600546e-03  0.000000e+00  0.000000e+00  0.000000e+00
 [16]  0.000000e+00  0.000000e+00  0.000000e+00  0.000000e+00  0.000000e+00
 [21]  0.000000e+00 -1.191477e-02  0.000000e+00  0.000000e+00  0.000000e+00
 [26]  0.000000e+00  0.000000e+00  0.000000e+00  0.000000e+00  0.000000e+00
 [31]  0.000000e+00 -1.941936e-02  0.000000e+00  0.000000e+00  0.000000e+00
 [36]  0.000000e+00  0.000000e+00  0.000000e+00 -3.628706e-03  0.000000e+00
 [41]  0.000000e+00  3.184304e-02 -8.973053e-06  0.000000e+00  0.000000e+00
 [46]  0.000000e+00  0.000000e+00  0.000000e+00  0.000000e+00  0.000000e+00
 [51]  0.000000e+00  0.000000e+00  0.000000e+00  0.000000e+00  0.000000e+00
 [56]  0.000000e+00  0.000000e+00  2.475572e-05  0.000000e+00  0.000000e+00
 [61]  0.000000e+00 -4.565295e-02  0.000000e+00  0.000000e+00  0.000000e+00
 [66]  0.000000e+00  0.000000e+00  0.000000e+00  0.000000e+00  0.000000e+00
 [71]  0.000000e+00  0.000000e+00  0.000000e+00 -2.540714e-02  0.000000e+00
 [76]  1.874866e-02  0.000000e+00  0.000000e+00  0.000000e+00  0.000000e+00
 [81]  0.000000e+00  0.000000e+00  0.000000e+00  0.000000e+00  0.000000e+00
 [86]  0.000000e+00  0.000000e+00  0.000000e+00  0.000000e+00  0.000000e+00
 [91]  0.000000e+00  0.000000e+00  0.000000e+00  0.000000e+00  3.118598e-02
 [96]  0.000000e+00  0.000000e+00  0.000000e+00  0.000000e+00  0.000000e+00
[101]  0.000000e+00  0.000000e+00  0.000000e+00  0.000000e+00  0.000000e+00
[106]  0.000000e+00  0.000000e+00  0.000000e+00  0.000000e+00  1.571464e-02
[111]  0.000000e+00  0.000000e+00  0.000000e+00  0.000000e+00 -1.035783e-01
[116]  0.000000e+00  0.000000e+00  0.000000e+00  0.000000e+00  1.810643e-02
[121]  0.000000e+00  0.000000e+00  9.037851e-04  0.000000e+00  0.000000e+00
[126]  0.000000e+00  0.000000e+00  0.000000e+00  0.000000e+00  0.000000e+00
[131]  0.000000e+00  1.318985e-06  0.000000e+00  0.000000e+00  0.000000e+00
[136] -1.965611e-02  0.000000e+00  5.747156e-05  0.000000e+00  0.000000e+00
[141]  0.000000e+00  0.000000e+00  0.000000e+00  0.000000e+00  0.000000e+00
[146]  0.000000e+00  0.000000e+00  1.869229e-04  0.000000e+00  0.000000e+00
[151]  0.000000e+00  0.000000e+00  0.000000e+00 -5.223712e-03  0.000000e+00
[156]  0.000000e+00  0.000000e+00  0.000000e+00  0.000000e+00  0.000000e+00
[161]  0.000000e+00  0.000000e+00  0.000000e+00 -7.922903e-03  0.000000e+00
[166]  0.000000e+00 -2.458610e-03  0.000000e+00  0.000000e+00  1.255613e-04
[171]  0.000000e+00  0.000000e+00  0.000000e+00  0.000000e+00  0.000000e+00
[176]  0.000000e+00  0.000000e+00  0.000000e+00  0.000000e+00  0.000000e+00
[181]  0.000000e+00  0.000000e+00 -7.818959e-05  0.000000e+00  0.000000e+00
[186]  0.000000e+00  0.000000e+00  0.000000e+00  4.299238e-02 -1.411789e-04
[191] -9.928434e-02  0.000000e+00  0.000000e+00  0.000000e+00  0.000000e+00
[196]  0.000000e+00  0.000000e+00  0.000000e+00  0.000000e+00  0.000000e+00
[201]  0.000000e+00  0.000000e+00  0.000000e+00  0.000000e+00  0.000000e+00
[206]  0.000000e+00
final values in 4th iteration
  [1]  3.306478e-01  1.256560e+00  4.782212e+00  2.625698e+00  1.787153e+00
  [6] -3.867021e-01  0.000000e+00  0.000000e+00  0.000000e+00  0.000000e+00
 [11]  1.277888e-03  3.574125e-02  0.000000e+00  0.000000e+00  0.000000e+00
 [16]  0.000000e+00  0.000000e+00  0.000000e+00  0.000000e+00  0.000000e+00
 [21]  0.000000e+00  0.000000e+00  1.781646e-04  0.000000e+00  0.000000e+00
 [26]  0.000000e+00  0.000000e+00  0.000000e+00  0.000000e+00  0.000000e+00
 [31]  0.000000e+00  0.000000e+00  0.000000e+00  0.000000e+00  0.000000e+00
 [36]  6.241048e-05  5.613169e-02  0.000000e+00  0.000000e+00  0.000000e+00
 [41]  0.000000e+00  0.000000e+00  0.000000e+00  1.612159e-03  0.000000e+00
 [46]  0.000000e+00  0.000000e+00 -1.306708e-02  0.000000e+00  0.000000e+00
 [51]  0.000000e+00  0.000000e+00  0.000000e+00  0.000000e+00  1.200302e-03
 [56]  0.000000e+00  0.000000e+00  0.000000e+00  0.000000e+00  0.000000e+00
 [61]  0.000000e+00  0.000000e+00  0.000000e+00  0.000000e+00  0.000000e+00
 [66]  0.000000e+00  0.000000e+00 -1.488884e-05  0.000000e+00  0.000000e+00
 [71]  0.000000e+00  0.000000e+00  0.000000e+00  0.000000e+00  0.000000e+00
 [76]  0.000000e+00  0.000000e+00  0.000000e+00  1.854002e-02  0.000000e+00
 [81]  0.000000e+00  0.000000e+00  0.000000e+00  0.000000e+00  0.000000e+00
 [86]  0.000000e+00  0.000000e+00  0.000000e+00  0.000000e+00 -1.318770e-04
 [91]  0.000000e+00  0.000000e+00  0.000000e+00  0.000000e+00  0.000000e+00
 [96]  0.000000e+00  0.000000e+00  0.000000e+00 -7.480521e-03  0.000000e+00
[101]  0.000000e+00  0.000000e+00  0.000000e+00  0.000000e+00  0.000000e+00
[106]  0.000000e+00 -3.122428e-02  0.000000e+00  0.000000e+00  0.000000e+00
[111]  0.000000e+00  0.000000e+00  0.000000e+00  0.000000e+00  0.000000e+00
[116]  0.000000e+00  0.000000e+00  0.000000e+00  0.000000e+00  0.000000e+00
[121] -7.472228e-03  0.000000e+00 -2.391379e-02  0.000000e+00  0.000000e+00
[126]  0.000000e+00  1.896159e-05  0.000000e+00 -4.587494e-02  0.000000e+00
[131]  0.000000e+00  0.000000e+00  0.000000e+00  0.000000e+00  0.000000e+00
[136]  0.000000e+00  0.000000e+00  0.000000e+00  0.000000e+00  0.000000e+00
[141]  0.000000e+00  0.000000e+00  0.000000e+00  0.000000e+00  0.000000e+00
[146]  0.000000e+00  0.000000e+00  0.000000e+00  0.000000e+00  0.000000e+00
[151]  0.000000e+00  0.000000e+00  0.000000e+00  0.000000e+00  0.000000e+00
[156]  0.000000e+00  0.000000e+00  0.000000e+00  0.000000e+00  0.000000e+00
[161]  2.680412e-04  0.000000e+00  0.000000e+00 -3.705059e-04  0.000000e+00
[166]  0.000000e+00  0.000000e+00  0.000000e+00  0.000000e+00  0.000000e+00
[171]  0.000000e+00  0.000000e+00 -1.633993e-02  0.000000e+00  0.000000e+00
[176]  0.000000e+00  1.235744e-01  0.000000e+00  0.000000e+00  0.000000e+00
[181]  0.000000e+00  0.000000e+00  0.000000e+00  0.000000e+00  0.000000e+00
[186]  5.107595e-02  0.000000e+00  0.000000e+00  0.000000e+00  0.000000e+00
[191]  0.000000e+00  0.000000e+00  0.000000e+00  0.000000e+00  0.000000e+00
[196] -2.474536e-02  0.000000e+00  0.000000e+00  0.000000e+00  0.000000e+00
[201]  0.000000e+00  0.000000e+00 -3.954218e-05 -1.067243e-01  0.000000e+00
[206]  0.000000e+00
[1] "broken"
final values in 5th iteration
  [1]  4.236216e-01  1.297679e+00  4.957913e+00  2.817845e+00  1.799500e+00
  [6] -2.465058e-01  0.000000e+00  0.000000e+00  0.000000e+00  1.744418e-05
 [11]  0.000000e+00  0.000000e+00  0.000000e+00  0.000000e+00  0.000000e+00
 [16] -1.929291e-04  0.000000e+00  0.000000e+00  0.000000e+00  0.000000e+00
 [21]  0.000000e+00  0.000000e+00  0.000000e+00  0.000000e+00  0.000000e+00
 [26]  0.000000e+00  0.000000e+00  4.713699e-04  0.000000e+00  0.000000e+00
 [31]  0.000000e+00  0.000000e+00  0.000000e+00  0.000000e+00  0.000000e+00
 [36]  0.000000e+00  0.000000e+00  0.000000e+00  0.000000e+00  0.000000e+00
 [41]  0.000000e+00  0.000000e+00  0.000000e+00  2.298739e-04  0.000000e+00
 [46]  0.000000e+00  0.000000e+00  0.000000e+00  0.000000e+00  0.000000e+00
 [51] -5.775397e-02  0.000000e+00  0.000000e+00  0.000000e+00 -4.293172e-05
 [56]  0.000000e+00  0.000000e+00  0.000000e+00  0.000000e+00  0.000000e+00
 [61]  0.000000e+00  0.000000e+00  0.000000e+00  0.000000e+00  0.000000e+00
 [66]  0.000000e+00  0.000000e+00  0.000000e+00  0.000000e+00  0.000000e+00
 [71]  9.107275e-03  0.000000e+00  0.000000e+00  0.000000e+00  0.000000e+00
 [76] -2.404785e-02  0.000000e+00  0.000000e+00  0.000000e+00  0.000000e+00
 [81]  0.000000e+00  0.000000e+00  4.865615e-02  0.000000e+00  0.000000e+00
 [86]  0.000000e+00  0.000000e+00  0.000000e+00  0.000000e+00  0.000000e+00
 [91]  0.000000e+00  0.000000e+00  0.000000e+00  0.000000e+00  0.000000e+00
 [96]  0.000000e+00  0.000000e+00  0.000000e+00  0.000000e+00  0.000000e+00
[101]  0.000000e+00  0.000000e+00  0.000000e+00  0.000000e+00  4.874582e-04
[106]  0.000000e+00  0.000000e+00  0.000000e+00  0.000000e+00  0.000000e+00
[111]  6.003235e-04  0.000000e+00  0.000000e+00  0.000000e+00  0.000000e+00
[116]  0.000000e+00  0.000000e+00  0.000000e+00  0.000000e+00  0.000000e+00
[121]  0.000000e+00  0.000000e+00  0.000000e+00  0.000000e+00  0.000000e+00
[126]  0.000000e+00  0.000000e+00  0.000000e+00  0.000000e+00  0.000000e+00
[131]  0.000000e+00  0.000000e+00  0.000000e+00  0.000000e+00  0.000000e+00
[136]  0.000000e+00  0.000000e+00  0.000000e+00  0.000000e+00  0.000000e+00
[141]  0.000000e+00  0.000000e+00  4.224598e-04  0.000000e+00  0.000000e+00
[146]  0.000000e+00  0.000000e+00  0.000000e+00  0.000000e+00  0.000000e+00
[151]  0.000000e+00  4.373838e-03  0.000000e+00  0.000000e+00  0.000000e+00
[156]  0.000000e+00  0.000000e+00  0.000000e+00  0.000000e+00  0.000000e+00
[161]  0.000000e+00  0.000000e+00  0.000000e+00  0.000000e+00  0.000000e+00
[166]  0.000000e+00  0.000000e+00  0.000000e+00  0.000000e+00  0.000000e+00
[171]  0.000000e+00  0.000000e+00  0.000000e+00  0.000000e+00  0.000000e+00
[176]  3.100198e-03  1.991662e-02  0.000000e+00  0.000000e+00  0.000000e+00
[181]  0.000000e+00  0.000000e+00  0.000000e+00  0.000000e+00  3.957182e-06
[186]  0.000000e+00 -7.013991e-03  0.000000e+00 -7.230934e-02  0.000000e+00
[191]  0.000000e+00  0.000000e+00  0.000000e+00  0.000000e+00  0.000000e+00
[196]  0.000000e+00  0.000000e+00  0.000000e+00  0.000000e+00  0.000000e+00
[201]  0.000000e+00  0.000000e+00  0.000000e+00  0.000000e+00  0.000000e+00
[206]  1.521909e-02
final values in 6th iteration
  [1]  4.257065e-01  1.420468e+00  5.007925e+00  2.846482e+00  1.817957e+00
  [6] -3.720246e-01  0.000000e+00  0.000000e+00  0.000000e+00  0.000000e+00
 [11]  0.000000e+00  0.000000e+00  0.000000e+00  0.000000e+00  0.000000e+00
 [16]  0.000000e+00  0.000000e+00  0.000000e+00  0.000000e+00  0.000000e+00
 [21] -2.687396e-02  0.000000e+00  0.000000e+00  0.000000e+00  0.000000e+00
 [26]  0.000000e+00  0.000000e+00  0.000000e+00  0.000000e+00  0.000000e+00
 [31]  0.000000e+00  0.000000e+00  0.000000e+00  0.000000e+00  0.000000e+00
 [36]  0.000000e+00  0.000000e+00  0.000000e+00  0.000000e+00  0.000000e+00
 [41]  0.000000e+00  0.000000e+00  0.000000e+00  0.000000e+00  0.000000e+00
 [46]  0.000000e+00  0.000000e+00  0.000000e+00  0.000000e+00  0.000000e+00
 [51] -7.165015e-02  0.000000e+00  0.000000e+00  0.000000e+00  0.000000e+00
 [56]  0.000000e+00  0.000000e+00  0.000000e+00  0.000000e+00  0.000000e+00
 [61]  0.000000e+00 -4.569117e-02  1.693301e-02  0.000000e+00  0.000000e+00
 [66]  0.000000e+00  0.000000e+00  0.000000e+00 -8.032178e-04  0.000000e+00
 [71]  0.000000e+00  0.000000e+00  0.000000e+00  0.000000e+00  0.000000e+00
 [76]  0.000000e+00  0.000000e+00  0.000000e+00  0.000000e+00  0.000000e+00
 [81]  0.000000e+00  0.000000e+00  0.000000e+00  0.000000e+00  0.000000e+00
 [86]  0.000000e+00  0.000000e+00  0.000000e+00  0.000000e+00  0.000000e+00
 [91]  0.000000e+00  0.000000e+00  0.000000e+00  0.000000e+00  0.000000e+00
 [96]  0.000000e+00  0.000000e+00  0.000000e+00  0.000000e+00  0.000000e+00
[101]  0.000000e+00  0.000000e+00  0.000000e+00  0.000000e+00  0.000000e+00
[106]  0.000000e+00  0.000000e+00  0.000000e+00  1.051345e-05  0.000000e+00
[111]  0.000000e+00  0.000000e+00  1.532569e-03  0.000000e+00  0.000000e+00
[116]  0.000000e+00  0.000000e+00  0.000000e+00  0.000000e+00  0.000000e+00
[121]  0.000000e+00  0.000000e+00  0.000000e+00  0.000000e+00  0.000000e+00
[126]  0.000000e+00  0.000000e+00  0.000000e+00  0.000000e+00  0.000000e+00
[131] -4.192731e-03  0.000000e+00  0.000000e+00  0.000000e+00  0.000000e+00
[136]  0.000000e+00  0.000000e+00  0.000000e+00  0.000000e+00  0.000000e+00
[141]  0.000000e+00  0.000000e+00  0.000000e+00  0.000000e+00  0.000000e+00
[146]  0.000000e+00 -1.910488e-03  9.290919e-03  0.000000e+00  0.000000e+00
[151]  0.000000e+00  0.000000e+00  0.000000e+00  0.000000e+00  0.000000e+00
[156]  0.000000e+00  0.000000e+00  0.000000e+00  0.000000e+00  0.000000e+00
[161]  0.000000e+00  0.000000e+00  0.000000e+00  0.000000e+00  0.000000e+00
[166]  0.000000e+00  0.000000e+00  0.000000e+00  0.000000e+00  0.000000e+00
[171]  0.000000e+00  0.000000e+00  0.000000e+00  0.000000e+00  0.000000e+00
[176]  0.000000e+00  0.000000e+00  0.000000e+00  0.000000e+00  0.000000e+00
[181]  0.000000e+00  0.000000e+00  0.000000e+00  0.000000e+00  0.000000e+00
[186]  0.000000e+00  0.000000e+00  0.000000e+00  1.642475e-04  0.000000e+00
[191]  0.000000e+00  0.000000e+00  0.000000e+00  0.000000e+00  0.000000e+00
[196]  0.000000e+00  0.000000e+00  0.000000e+00  0.000000e+00  0.000000e+00
[201]  0.000000e+00  0.000000e+00  0.000000e+00  0.000000e+00  0.000000e+00
[206]  0.000000e+00
[1] "broken"
final values in 7th iteration
  [1]  3.565225e-01  1.551538e+00  4.981076e+00  2.729326e+00  1.738162e+00
  [6] -2.970086e-01  0.000000e+00 -4.134629e-02  0.000000e+00  0.000000e+00
 [11]  0.000000e+00  0.000000e+00  3.951246e-02  0.000000e+00  0.000000e+00
 [16]  0.000000e+00  0.000000e+00  0.000000e+00  0.000000e+00  7.639336e-05
 [21]  0.000000e+00 -5.479853e-02  0.000000e+00  0.000000e+00  0.000000e+00
 [26]  0.000000e+00  0.000000e+00 -9.865519e-05  4.690803e-06  0.000000e+00
 [31]  0.000000e+00  0.000000e+00  0.000000e+00  0.000000e+00  0.000000e+00
 [36]  2.926781e-03  0.000000e+00  0.000000e+00  0.000000e+00 -4.197954e-02
 [41]  0.000000e+00  0.000000e+00  0.000000e+00 -4.177641e-05  0.000000e+00
 [46]  4.602245e-04  0.000000e+00  0.000000e+00  0.000000e+00  0.000000e+00
 [51]  0.000000e+00  0.000000e+00  0.000000e+00  0.000000e+00  0.000000e+00
 [56]  0.000000e+00  0.000000e+00  0.000000e+00 -1.001480e-02  0.000000e+00
 [61]  0.000000e+00  0.000000e+00  0.000000e+00  0.000000e+00 -1.736264e-02
 [66]  0.000000e+00  0.000000e+00  0.000000e+00  0.000000e+00  0.000000e+00
 [71]  0.000000e+00  0.000000e+00  0.000000e+00  0.000000e+00  0.000000e+00
 [76]  0.000000e+00  0.000000e+00  0.000000e+00  0.000000e+00 -1.262221e-02
 [81]  0.000000e+00  0.000000e+00  0.000000e+00  1.051338e-05 -3.148823e-03
 [86]  0.000000e+00  9.708413e-03  0.000000e+00  0.000000e+00  0.000000e+00
 [91]  0.000000e+00  0.000000e+00  0.000000e+00  0.000000e+00  0.000000e+00
 [96]  0.000000e+00  0.000000e+00  0.000000e+00  0.000000e+00  0.000000e+00
[101]  0.000000e+00  0.000000e+00  0.000000e+00  0.000000e+00  0.000000e+00
[106]  0.000000e+00  3.879616e-03  0.000000e+00  0.000000e+00  0.000000e+00
[111]  0.000000e+00  0.000000e+00  0.000000e+00  0.000000e+00  0.000000e+00
[116]  0.000000e+00  2.389311e-02  0.000000e+00  0.000000e+00  0.000000e+00
[121]  0.000000e+00  0.000000e+00  0.000000e+00  0.000000e+00  0.000000e+00
[126]  0.000000e+00 -3.464814e-04  0.000000e+00  0.000000e+00  0.000000e+00
[131]  0.000000e+00  0.000000e+00  0.000000e+00  0.000000e+00 -1.167024e-04
[136]  0.000000e+00  0.000000e+00  0.000000e+00  0.000000e+00  0.000000e+00
[141]  0.000000e+00  0.000000e+00  0.000000e+00  0.000000e+00  0.000000e+00
[146]  0.000000e+00  0.000000e+00  0.000000e+00  0.000000e+00 -2.068255e-02
[151]  0.000000e+00  0.000000e+00  0.000000e+00  0.000000e+00 -1.329124e-02
[156]  0.000000e+00  0.000000e+00  0.000000e+00  0.000000e+00  3.855925e-05
[161]  0.000000e+00  0.000000e+00  0.000000e+00  0.000000e+00  0.000000e+00
[166]  0.000000e+00  0.000000e+00  0.000000e+00  0.000000e+00  0.000000e+00
[171]  0.000000e+00  0.000000e+00  0.000000e+00  0.000000e+00  0.000000e+00
[176]  0.000000e+00  0.000000e+00  0.000000e+00  0.000000e+00  0.000000e+00
[181]  4.827119e-02  0.000000e+00 -1.080172e-01  0.000000e+00  0.000000e+00
[186]  0.000000e+00  0.000000e+00  0.000000e+00  0.000000e+00  0.000000e+00
[191]  0.000000e+00  0.000000e+00  0.000000e+00  0.000000e+00  0.000000e+00
[196]  1.213403e-02  0.000000e+00  0.000000e+00  0.000000e+00  0.000000e+00
[201]  0.000000e+00  0.000000e+00  0.000000e+00  0.000000e+00  0.000000e+00
[206]  0.000000e+00
final values in 8th iteration
  [1]  0.4459905581  1.2732769992  4.9824031024  2.8656739429  1.8691594937
  [6] -0.3644948669  0.0000000000  0.0463407807  0.0000000000  0.0000000000
 [11]  0.0000000000  0.0000000000  0.0000000000  0.0000000000  0.0000000000
 [16]  0.0000000000  0.0000000000  0.0000000000  0.0000000000  0.0000000000
 [21]  0.0000000000  0.0000000000 -0.0203831033  0.0000000000  0.0000000000
 [26]  0.0000000000  0.0600073421  0.0000000000  0.0000000000  0.0000000000
 [31]  0.0000000000  0.0000000000  0.0000000000  0.0001471666  0.0000000000
 [36]  0.0000000000  0.0000000000  0.0000000000  0.0000000000  0.0000000000
 [41]  0.0000000000  0.0000000000  0.0000000000  0.0000000000  0.0000000000
 [46]  0.0000000000  0.0000000000  0.0000000000 -0.0085823726  0.0000000000
 [51]  0.0000000000  0.0000000000  0.0000000000  0.0000000000  0.0000000000
 [56]  0.0000000000  0.0000000000  0.0000000000  0.0000000000  0.0000000000
 [61]  0.0000000000  0.0000000000  0.0000000000  0.0000000000  0.0000000000
 [66]  0.0000000000  0.0000000000  0.0000000000  0.0000000000  0.0000000000
 [71]  0.0180770655  0.0000000000  0.0000000000  0.0000000000 -0.0011646093
 [76]  0.0000000000  0.0000000000  0.0000000000  0.0000000000  0.0000000000
 [81]  0.0000000000  0.0000000000  0.0000000000  0.0000000000 -0.0018606215
 [86]  0.0000000000  0.0000000000  0.0000000000  0.0000000000  0.0000000000
 [91]  0.0000000000  0.0000000000  0.0043980909  0.0000000000  0.0000000000
 [96]  0.0000000000  0.0000000000  0.0000000000  0.0000000000  0.0000000000
[101]  0.0000000000  0.0000000000  0.0000000000  0.0000000000  0.0246703738
[106]  0.0000000000  0.0000000000  0.0000000000  0.0000000000  0.0000000000
[111]  0.0000000000  0.0000000000  0.0000000000  0.0000000000  0.0000000000
[116]  0.0000000000  0.0000000000  0.0000000000  0.0000000000  0.0000000000
[121]  0.0000000000  0.0000000000  0.0000000000  0.0000000000  0.0000000000
[126]  0.0000000000  0.0000000000  0.0000000000  0.0000000000  0.0000000000
[131]  0.0000000000  0.0000000000  0.0000000000 -0.0085720639  0.0000000000
[136]  0.0000000000  0.0000000000  0.0000000000  0.0000000000  0.0000000000
[141]  0.0000000000  0.0000000000  0.0000000000  0.0000000000  0.0000000000
[146]  0.0000000000  0.0000000000  0.0000000000  0.0000000000  0.0000000000
[151]  0.0000000000  0.0000000000  0.0000000000  0.0000000000  0.0000000000
[156]  0.0000000000  0.0000000000  0.0000000000  0.0000000000  0.0000000000
[161]  0.0000000000  0.0000000000  0.0000000000  0.0000000000  0.0000000000
[166]  0.0000000000  0.0000000000  0.0042593555  0.0000000000  0.0000000000
[171]  0.0000000000  0.0000000000  0.0000000000  0.0000000000  0.0000000000
[176]  0.0000000000  0.0000000000  0.0000000000  0.0000000000  0.0000000000
[181]  0.0000000000  0.0000000000  0.0000000000  0.0000000000 -0.0132790647
[186]  0.0000000000  0.0000000000  0.0000000000  0.0000000000  0.0000000000
[191]  0.0000000000  0.0000000000  0.0000000000  0.0000000000  0.0000000000
[196]  0.0000000000  0.0000000000  0.0000000000  0.0000000000  0.0000000000
[201]  0.0000000000  0.0000000000  0.0000000000  0.0000000000  0.0000000000
[206]  0.0000000000
final values in 9th iteration
  [1]  3.865831e-01  1.499593e+00  4.896331e+00  2.996048e+00  1.827524e+00
  [6] -3.142183e-01  4.151220e-02  0.000000e+00  0.000000e+00  0.000000e+00
 [11]  0.000000e+00  0.000000e+00  0.000000e+00  0.000000e+00  0.000000e+00
 [16]  0.000000e+00  0.000000e+00  0.000000e+00  0.000000e+00  0.000000e+00
 [21]  0.000000e+00  0.000000e+00  0.000000e+00  0.000000e+00  0.000000e+00
 [26]  0.000000e+00  0.000000e+00  0.000000e+00  0.000000e+00  0.000000e+00
 [31]  0.000000e+00  0.000000e+00  0.000000e+00  0.000000e+00  0.000000e+00
 [36]  0.000000e+00  0.000000e+00  0.000000e+00  0.000000e+00  0.000000e+00
 [41]  1.704563e-02  0.000000e+00  0.000000e+00  0.000000e+00  0.000000e+00
 [46]  0.000000e+00  0.000000e+00  0.000000e+00 -2.778406e-02  0.000000e+00
 [51]  0.000000e+00  0.000000e+00  0.000000e+00  0.000000e+00  0.000000e+00
 [56]  0.000000e+00  0.000000e+00  0.000000e+00  0.000000e+00  0.000000e+00
 [61]  0.000000e+00  0.000000e+00  0.000000e+00  0.000000e+00  0.000000e+00
 [66]  0.000000e+00  0.000000e+00  0.000000e+00  0.000000e+00 -1.109251e-02
 [71]  0.000000e+00  0.000000e+00  0.000000e+00  0.000000e+00  0.000000e+00
 [76]  0.000000e+00  0.000000e+00  0.000000e+00  0.000000e+00  0.000000e+00
 [81]  0.000000e+00  0.000000e+00  0.000000e+00  0.000000e+00  0.000000e+00
 [86] -1.321824e-02  0.000000e+00  0.000000e+00  0.000000e+00  0.000000e+00
 [91]  0.000000e+00  0.000000e+00  0.000000e+00  0.000000e+00 -2.021804e-02
 [96]  0.000000e+00 -3.932472e-02  0.000000e+00  0.000000e+00  0.000000e+00
[101]  0.000000e+00  0.000000e+00  0.000000e+00  0.000000e+00  0.000000e+00
[106]  0.000000e+00  0.000000e+00  0.000000e+00  0.000000e+00  0.000000e+00
[111]  0.000000e+00  0.000000e+00  0.000000e+00  0.000000e+00  0.000000e+00
[116]  0.000000e+00  0.000000e+00  0.000000e+00  0.000000e+00  0.000000e+00
[121] -7.156509e-07  0.000000e+00  0.000000e+00  0.000000e+00  0.000000e+00
[126]  0.000000e+00  0.000000e+00  0.000000e+00  0.000000e+00  0.000000e+00
[131]  0.000000e+00  0.000000e+00  0.000000e+00  0.000000e+00  0.000000e+00
[136]  0.000000e+00  0.000000e+00  0.000000e+00  0.000000e+00  0.000000e+00
[141]  0.000000e+00  0.000000e+00  0.000000e+00 -3.650457e-04  0.000000e+00
[146]  0.000000e+00  0.000000e+00  0.000000e+00  0.000000e+00  0.000000e+00
[151]  0.000000e+00  0.000000e+00  0.000000e+00  0.000000e+00  0.000000e+00
[156]  0.000000e+00  0.000000e+00  0.000000e+00  0.000000e+00  0.000000e+00
[161]  0.000000e+00  0.000000e+00  0.000000e+00  0.000000e+00  0.000000e+00
[166] -1.205774e-02  0.000000e+00  0.000000e+00  0.000000e+00  0.000000e+00
[171]  0.000000e+00 -9.509257e-03  0.000000e+00  0.000000e+00  0.000000e+00
[176]  0.000000e+00  0.000000e+00  0.000000e+00  0.000000e+00  0.000000e+00
[181]  0.000000e+00  0.000000e+00  0.000000e+00  0.000000e+00  0.000000e+00
[186]  0.000000e+00  0.000000e+00  0.000000e+00  0.000000e+00  0.000000e+00
[191]  0.000000e+00  0.000000e+00  0.000000e+00  0.000000e+00  0.000000e+00
[196]  0.000000e+00  0.000000e+00  0.000000e+00  0.000000e+00  0.000000e+00
[201]  0.000000e+00  0.000000e+00  2.870131e-05  0.000000e+00  0.000000e+00
[206]  0.000000e+00
final values in 10th iteration
  [1]  0.3568447910  1.4625014159  4.9953499297  2.8292237818  1.9566552682
  [6] -0.3910872732 -0.0155933439  0.0000000000  0.0000000000  0.0000000000
 [11]  0.0000000000  0.0000000000  0.0000000000  0.0000000000  0.0000000000
 [16]  0.0033034366  0.0000000000  0.0000000000  0.0000000000  0.0000000000
 [21]  0.0000000000  0.0000000000  0.0000000000  0.0000000000  0.0000000000
 [26]  0.0000000000  0.0000000000  0.0000000000  0.0000000000  0.0000000000
 [31]  0.0000000000  0.0089284349  0.0000000000  0.0000000000  0.0000000000
 [36]  0.0000000000  0.0000000000  0.0000000000  0.0000000000  0.0000000000
 [41]  0.0000000000  0.0000000000  0.0000000000  0.0000000000  0.0000000000
 [46]  0.0000000000  0.0000000000  0.0000000000  0.0000000000  0.0000000000
 [51]  0.0000000000  0.0000000000  0.0000000000  0.0000000000  0.0000000000
 [56]  0.0000000000  0.0000000000  0.0000000000  0.0000000000  0.0000000000
 [61]  0.0000000000  0.0000000000  0.0000000000 -0.0060505179  0.0000000000
 [66]  0.0000000000  0.0000000000  0.0000000000  0.0000000000  0.0000000000
 [71]  0.0000000000  0.0000000000  0.0000000000  0.0000000000  0.0000000000
 [76]  0.0000000000  0.0000000000  0.0000000000  0.0000000000  0.0009609580
 [81]  0.0000000000  0.0000000000  0.0000000000  0.0000000000  0.0000000000
 [86]  0.0000000000  0.0000000000  0.0000000000  0.0000000000  0.0000000000
 [91]  0.0000000000  0.0000000000  0.0000000000  0.0000000000  0.0000000000
 [96]  0.0000000000  0.0000000000  0.0000000000  0.0000000000  0.0000000000
[101] -0.0462196820  0.0000000000  0.0000000000  0.0000000000  0.0000000000
[106]  0.0000000000  0.0000000000  0.0000000000 -0.0030002313  0.0000000000
[111]  0.0000000000  0.0000000000  0.0000000000  0.0000000000  0.0000000000
[116]  0.0000000000  0.0000000000  0.0000000000  0.0000000000  0.0000000000
[121]  0.0000000000  0.0037528036  0.0000000000  0.0000000000  0.0000000000
[126]  0.0000000000  0.0000000000 -0.0005274307  0.0000000000  0.0000000000
[131]  0.0000000000  0.0000000000  0.0000000000  0.0000000000  0.0000000000
[136]  0.0000000000  0.0000000000  0.0000000000  0.0000000000  0.0000000000
[141]  0.0000000000  0.0000000000  0.0000000000  0.0000000000  0.0000000000
[146]  0.0000000000  0.0000000000  0.0000000000  0.0000000000  0.0000000000
[151]  0.0000000000  0.0000000000  0.0000000000  0.0000000000  0.0000000000
[156]  0.0000000000  0.0000000000  0.0000000000  0.0000000000  0.0000000000
[161]  0.0000000000  0.0000000000  0.0000000000  0.0000000000  0.0000000000
[166]  0.0000000000  0.0000000000  0.0000000000  0.0000000000  0.0000000000
[171]  0.0000000000  0.0000000000  0.0000000000 -0.0370081611 -0.0476612247
[176]  0.0000000000  0.0000000000  0.0000000000  0.0000000000  0.0000000000
[181]  0.0000000000  0.0000000000  0.0000000000  0.0000000000  0.0000000000
[186]  0.0000000000  0.0000000000  0.0000000000  0.0000000000  0.0000000000
[191]  0.0000000000  0.0000000000  0.0000000000  0.0000000000  0.0000000000
[196]  0.0000000000  0.0000000000  0.0000000000  0.0000000000  0.0000000000
[201]  0.0000000000  0.0000000000  0.0000000000  0.0000000000  0.0000000000
[206]  0.0000000000
           [,1]      [,2]     [,3]     [,4]     [,5]       [,6]        [,7]
 [1,] 0.3258884 0.9865961 4.992732 2.655416 1.692430 -0.2731726  0.00000000
 [2,] 0.4109629 1.3234258 4.834220 2.837887 1.842810 -0.4024783  0.00000000
 [3,] 0.3231498 1.1191030 4.787949 2.890542 1.781349 -0.4001610  0.00000000
 [4,] 0.3306478 1.2565601 4.782212 2.625698 1.787153 -0.3867021  0.00000000
 [5,] 0.4236216 1.2976793 4.957913 2.817845 1.799500 -0.2465058  0.00000000
 [6,] 0.4257065 1.4204679 5.007925 2.846482 1.817957 -0.3720246  0.00000000
 [7,] 0.3565225 1.5515375 4.981076 2.729326 1.738162 -0.2970086  0.00000000
 [8,] 0.4459906 1.2732770 4.982403 2.865674 1.869159 -0.3644949  0.00000000
 [9,] 0.3865831 1.4995930 4.896331 2.996048 1.827524 -0.3142183  0.04151220
[10,] 0.3568448 1.4625014 4.995350 2.829224 1.956655 -0.3910873 -0.01559334
              [,8]          [,9]        [,10]       [,11]       [,12]
 [1,]  0.009811322 -0.0001587814 0.000000e+00 0.000000000 0.000000000
 [2,]  0.000000000  0.0000000000 0.000000e+00 0.000000000 0.000000000
 [3,]  0.000000000  0.0000000000 0.000000e+00 0.000000000 0.008600546
 [4,]  0.000000000  0.0000000000 0.000000e+00 0.001277888 0.035741254
 [5,]  0.000000000  0.0000000000 1.744418e-05 0.000000000 0.000000000
 [6,]  0.000000000  0.0000000000 0.000000e+00 0.000000000 0.000000000
 [7,] -0.041346290  0.0000000000 0.000000e+00 0.000000000 0.000000000
 [8,]  0.046340781  0.0000000000 0.000000e+00 0.000000000 0.000000000
 [9,]  0.000000000  0.0000000000 0.000000e+00 0.000000000 0.000000000
[10,]  0.000000000  0.0000000000 0.000000e+00 0.000000000 0.000000000
           [,13] [,14] [,15]         [,16]        [,17] [,18] [,19]
 [1,] 0.00000000     0     0  0.0000000000 0.0000000000     0     0
 [2,] 0.00000000     0     0  0.0000000000 0.0004812638     0     0
 [3,] 0.00000000     0     0  0.0000000000 0.0000000000     0     0
 [4,] 0.00000000     0     0  0.0000000000 0.0000000000     0     0
 [5,] 0.00000000     0     0 -0.0001929291 0.0000000000     0     0
 [6,] 0.00000000     0     0  0.0000000000 0.0000000000     0     0
 [7,] 0.03951246     0     0  0.0000000000 0.0000000000     0     0
 [8,] 0.00000000     0     0  0.0000000000 0.0000000000     0     0
 [9,] 0.00000000     0     0  0.0000000000 0.0000000000     0     0
[10,] 0.00000000     0     0  0.0033034366 0.0000000000     0     0
             [,20]       [,21]       [,22]         [,23] [,24] [,25] [,26]
 [1,] 0.000000e+00  0.00000000  0.00000000  0.0000000000     0     0     0
 [2,] 0.000000e+00  0.00000000  0.00000000 -0.0002835262     0     0     0
 [3,] 0.000000e+00  0.00000000 -0.01191477  0.0000000000     0     0     0
 [4,] 0.000000e+00  0.00000000  0.00000000  0.0001781646     0     0     0
 [5,] 0.000000e+00  0.00000000  0.00000000  0.0000000000     0     0     0
 [6,] 0.000000e+00 -0.02687396  0.00000000  0.0000000000     0     0     0
 [7,] 7.639336e-05  0.00000000 -0.05479853  0.0000000000     0     0     0
 [8,] 0.000000e+00  0.00000000  0.00000000 -0.0203831033     0     0     0
 [9,] 0.000000e+00  0.00000000  0.00000000  0.0000000000     0     0     0
[10,] 0.000000e+00  0.00000000  0.00000000  0.0000000000     0     0     0
             [,27]         [,28]        [,29] [,30] [,31]        [,32] [,33]
 [1,] 0.000000e+00  0.000000e+00 0.000000e+00     0     0  0.001373075     0
 [2,] 7.139591e-06  0.000000e+00 0.000000e+00     0     0  0.000000000     0
 [3,] 0.000000e+00  0.000000e+00 0.000000e+00     0     0 -0.019419359     0
 [4,] 0.000000e+00  0.000000e+00 0.000000e+00     0     0  0.000000000     0
 [5,] 0.000000e+00  4.713699e-04 0.000000e+00     0     0  0.000000000     0
 [6,] 0.000000e+00  0.000000e+00 0.000000e+00     0     0  0.000000000     0
 [7,] 0.000000e+00 -9.865519e-05 4.690803e-06     0     0  0.000000000     0
 [8,] 6.000734e-02  0.000000e+00 0.000000e+00     0     0  0.000000000     0
 [9,] 0.000000e+00  0.000000e+00 0.000000e+00     0     0  0.000000000     0
[10,] 0.000000e+00  0.000000e+00 0.000000e+00     0     0  0.008928435     0
             [,34] [,35]        [,36]      [,37] [,38]        [,39]       [,40]
 [1,] 0.0000000000     0 0.000000e+00 0.00000000     0  0.000000000  0.00000000
 [2,] 0.0000000000     0 0.000000e+00 0.00000000     0  0.000000000  0.00000000
 [3,] 0.0000000000     0 0.000000e+00 0.00000000     0 -0.003628706  0.00000000
 [4,] 0.0000000000     0 6.241048e-05 0.05613169     0  0.000000000  0.00000000
 [5,] 0.0000000000     0 0.000000e+00 0.00000000     0  0.000000000  0.00000000
 [6,] 0.0000000000     0 0.000000e+00 0.00000000     0  0.000000000  0.00000000
 [7,] 0.0000000000     0 2.926781e-03 0.00000000     0  0.000000000 -0.04197954
 [8,] 0.0001471666     0 0.000000e+00 0.00000000     0  0.000000000  0.00000000
 [9,] 0.0000000000     0 0.000000e+00 0.00000000     0  0.000000000  0.00000000
[10,] 0.0000000000     0 0.000000e+00 0.00000000     0  0.000000000  0.00000000
           [,41]      [,42]         [,43]         [,44] [,45]        [,46]
 [1,] 0.00000000 0.00000000  0.000000e+00  0.000000e+00     0 0.0000000000
 [2,] 0.00000000 0.00000000  0.000000e+00  1.723500e-05     0 0.0000000000
 [3,] 0.00000000 0.03184304 -8.973053e-06  0.000000e+00     0 0.0000000000
 [4,] 0.00000000 0.00000000  0.000000e+00  1.612159e-03     0 0.0000000000
 [5,] 0.00000000 0.00000000  0.000000e+00  2.298739e-04     0 0.0000000000
 [6,] 0.00000000 0.00000000  0.000000e+00  0.000000e+00     0 0.0000000000
 [7,] 0.00000000 0.00000000  0.000000e+00 -4.177641e-05     0 0.0004602245
 [8,] 0.00000000 0.00000000  0.000000e+00  0.000000e+00     0 0.0000000000
 [9,] 0.01704563 0.00000000  0.000000e+00  0.000000e+00     0 0.0000000000
[10,] 0.00000000 0.00000000  0.000000e+00  0.000000e+00     0 0.0000000000
      [,47]       [,48]        [,49]      [,50]       [,51] [,52] [,53] [,54]
 [1,]     0  0.00000000  0.000000000 0.02861695  0.00000000     0     0     0
 [2,]     0  0.00000000  0.000000000 0.00000000  0.00000000     0     0     0
 [3,]     0  0.00000000  0.000000000 0.00000000  0.00000000     0     0     0
 [4,]     0 -0.01306708  0.000000000 0.00000000  0.00000000     0     0     0
 [5,]     0  0.00000000  0.000000000 0.00000000 -0.05775397     0     0     0
 [6,]     0  0.00000000  0.000000000 0.00000000 -0.07165015     0     0     0
 [7,]     0  0.00000000  0.000000000 0.00000000  0.00000000     0     0     0
 [8,]     0  0.00000000 -0.008582373 0.00000000  0.00000000     0     0     0
 [9,]     0  0.00000000 -0.027784063 0.00000000  0.00000000     0     0     0
[10,]     0  0.00000000  0.000000000 0.00000000  0.00000000     0     0     0
              [,55] [,56] [,57]        [,58]      [,59] [,60]      [,61]
 [1,]  0.000000e+00     0     0 0.000000e+00  0.0000000     0 0.00256126
 [2,]  0.000000e+00     0     0 0.000000e+00  0.0000000     0 0.00000000
 [3,]  0.000000e+00     0     0 2.475572e-05  0.0000000     0 0.00000000
 [4,]  1.200302e-03     0     0 0.000000e+00  0.0000000     0 0.00000000
 [5,] -4.293172e-05     0     0 0.000000e+00  0.0000000     0 0.00000000
 [6,]  0.000000e+00     0     0 0.000000e+00  0.0000000     0 0.00000000
 [7,]  0.000000e+00     0     0 0.000000e+00 -0.0100148     0 0.00000000
 [8,]  0.000000e+00     0     0 0.000000e+00  0.0000000     0 0.00000000
 [9,]  0.000000e+00     0     0 0.000000e+00  0.0000000     0 0.00000000
[10,]  0.000000e+00     0     0 0.000000e+00  0.0000000     0 0.00000000
            [,62]      [,63]        [,64]       [,65] [,66] [,67]         [,68]
 [1,]  0.00000000 0.00000000  0.000000000  0.00000000     0     0  0.000000e+00
 [2,]  0.00000000 0.00000000  0.000000000  0.00000000     0     0  0.000000e+00
 [3,] -0.04565295 0.00000000  0.000000000  0.00000000     0     0  0.000000e+00
 [4,]  0.00000000 0.00000000  0.000000000  0.00000000     0     0 -1.488884e-05
 [5,]  0.00000000 0.00000000  0.000000000  0.00000000     0     0  0.000000e+00
 [6,] -0.04569117 0.01693301  0.000000000  0.00000000     0     0  0.000000e+00
 [7,]  0.00000000 0.00000000  0.000000000 -0.01736264     0     0  0.000000e+00
 [8,]  0.00000000 0.00000000  0.000000000  0.00000000     0     0  0.000000e+00
 [9,]  0.00000000 0.00000000  0.000000000  0.00000000     0     0  0.000000e+00
[10,]  0.00000000 0.00000000 -0.006050518  0.00000000     0     0  0.000000e+00
              [,69]       [,70]       [,71] [,72] [,73]       [,74]
 [1,]  0.0000000000  0.00000000 0.000000000     0     0  0.00000000
 [2,]  0.0000000000  0.02007119 0.000000000     0     0  0.00000000
 [3,]  0.0000000000  0.00000000 0.000000000     0     0 -0.02540714
 [4,]  0.0000000000  0.00000000 0.000000000     0     0  0.00000000
 [5,]  0.0000000000  0.00000000 0.009107275     0     0  0.00000000
 [6,] -0.0008032178  0.00000000 0.000000000     0     0  0.00000000
 [7,]  0.0000000000  0.00000000 0.000000000     0     0  0.00000000
 [8,]  0.0000000000  0.00000000 0.018077065     0     0  0.00000000
 [9,]  0.0000000000 -0.01109251 0.000000000     0     0  0.00000000
[10,]  0.0000000000  0.00000000 0.000000000     0     0  0.00000000
             [,75]       [,76] [,77] [,78]       [,79]        [,80]      [,81]
 [1,]  0.026961262  0.00000000     0     0 0.000000000  0.000000000 0.00000000
 [2,]  0.000000000  0.00000000     0     0 0.003578384  0.000000000 0.06776275
 [3,]  0.000000000  0.01874866     0     0 0.000000000  0.000000000 0.00000000
 [4,]  0.000000000  0.00000000     0     0 0.018540021  0.000000000 0.00000000
 [5,]  0.000000000 -0.02404785     0     0 0.000000000  0.000000000 0.00000000
 [6,]  0.000000000  0.00000000     0     0 0.000000000  0.000000000 0.00000000
 [7,]  0.000000000  0.00000000     0     0 0.000000000 -0.012622206 0.00000000
 [8,] -0.001164609  0.00000000     0     0 0.000000000  0.000000000 0.00000000
 [9,]  0.000000000  0.00000000     0     0 0.000000000  0.000000000 0.00000000
[10,]  0.000000000  0.00000000     0     0 0.000000000  0.000960958 0.00000000
      [,82]      [,83]        [,84]        [,85]       [,86]       [,87] [,88]
 [1,]     0 0.00000000 0.000000e+00  0.000000000  0.00000000 0.000000000     0
 [2,]     0 0.00000000 0.000000e+00  0.000000000  0.00000000 0.000000000     0
 [3,]     0 0.00000000 0.000000e+00  0.000000000  0.00000000 0.000000000     0
 [4,]     0 0.00000000 0.000000e+00  0.000000000  0.00000000 0.000000000     0
 [5,]     0 0.04865615 0.000000e+00  0.000000000  0.00000000 0.000000000     0
 [6,]     0 0.00000000 0.000000e+00  0.000000000  0.00000000 0.000000000     0
 [7,]     0 0.00000000 1.051338e-05 -0.003148823  0.00000000 0.009708413     0
 [8,]     0 0.00000000 0.000000e+00 -0.001860621  0.00000000 0.000000000     0
 [9,]     0 0.00000000 0.000000e+00  0.000000000 -0.01321824 0.000000000     0
[10,]     0 0.00000000 0.000000e+00  0.000000000  0.00000000 0.000000000     0
      [,89]        [,90] [,91] [,92]       [,93] [,94]       [,95]       [,96]
 [1,]     0  0.000000000     0     0 0.000000000     0  0.00000000 -0.05347564
 [2,]     0  0.000000000     0     0 0.000000000     0  0.00000000  0.00000000
 [3,]     0  0.000000000     0     0 0.000000000     0  0.03118598  0.00000000
 [4,]     0 -0.000131877     0     0 0.000000000     0  0.00000000  0.00000000
 [5,]     0  0.000000000     0     0 0.000000000     0  0.00000000  0.00000000
 [6,]     0  0.000000000     0     0 0.000000000     0  0.00000000  0.00000000
 [7,]     0  0.000000000     0     0 0.000000000     0  0.00000000  0.00000000
 [8,]     0  0.000000000     0     0 0.004398091     0  0.00000000  0.00000000
 [9,]     0  0.000000000     0     0 0.000000000     0 -0.02021804  0.00000000
[10,]     0  0.000000000     0     0 0.000000000     0  0.00000000  0.00000000
            [,97] [,98]        [,99] [,100]      [,101] [,102]      [,103]
 [1,]  0.05637878     0  0.000000000      0  0.00000000      0  0.00000000
 [2,]  0.00000000     0  0.000000000      0  0.00000000      0 -0.01421918
 [3,]  0.00000000     0  0.000000000      0  0.00000000      0  0.00000000
 [4,]  0.00000000     0 -0.007480521      0  0.00000000      0  0.00000000
 [5,]  0.00000000     0  0.000000000      0  0.00000000      0  0.00000000
 [6,]  0.00000000     0  0.000000000      0  0.00000000      0  0.00000000
 [7,]  0.00000000     0  0.000000000      0  0.00000000      0  0.00000000
 [8,]  0.00000000     0  0.000000000      0  0.00000000      0  0.00000000
 [9,] -0.03932472     0  0.000000000      0  0.00000000      0  0.00000000
[10,]  0.00000000     0  0.000000000      0 -0.04621968      0  0.00000000
      [,104]       [,105] [,106]       [,107] [,108]        [,109]     [,110]
 [1,]      0 0.0000000000      0  0.000000000      0 -1.265759e-05 0.00000000
 [2,]      0 0.0000000000      0  0.000000000      0  0.000000e+00 0.00000000
 [3,]      0 0.0000000000      0  0.000000000      0  0.000000e+00 0.01571464
 [4,]      0 0.0000000000      0 -0.031224282      0  0.000000e+00 0.00000000
 [5,]      0 0.0004874582      0  0.000000000      0  0.000000e+00 0.00000000
 [6,]      0 0.0000000000      0  0.000000000      0  1.051345e-05 0.00000000
 [7,]      0 0.0000000000      0  0.003879616      0  0.000000e+00 0.00000000
 [8,]      0 0.0246703738      0  0.000000000      0  0.000000e+00 0.00000000
 [9,]      0 0.0000000000      0  0.000000000      0  0.000000e+00 0.00000000
[10,]      0 0.0000000000      0  0.000000000      0 -3.000231e-03 0.00000000
            [,111] [,112]      [,113] [,114]     [,115] [,116]       [,117]
 [1,] 0.0000000000      0 0.000000000      0  0.0000000      0  0.000000000
 [2,] 0.0000000000      0 0.000000000      0  0.0000000      0 -0.006367992
 [3,] 0.0000000000      0 0.000000000      0 -0.1035783      0  0.000000000
 [4,] 0.0000000000      0 0.000000000      0  0.0000000      0  0.000000000
 [5,] 0.0006003235      0 0.000000000      0  0.0000000      0  0.000000000
 [6,] 0.0000000000      0 0.001532569      0  0.0000000      0  0.000000000
 [7,] 0.0000000000      0 0.000000000      0  0.0000000      0  0.023893115
 [8,] 0.0000000000      0 0.000000000      0  0.0000000      0  0.000000000
 [9,] 0.0000000000      0 0.000000000      0  0.0000000      0  0.000000000
[10,] 0.0000000000      0 0.000000000      0  0.0000000      0  0.000000000
      [,118] [,119]     [,120]        [,121]      [,122]        [,123] [,124]
 [1,]      0      0 0.00000000  0.000000e+00 0.000000000  0.0000000000      0
 [2,]      0      0 0.00000000  0.000000e+00 0.000000000  0.0000000000      0
 [3,]      0      0 0.01810643  0.000000e+00 0.000000000  0.0009037851      0
 [4,]      0      0 0.00000000 -7.472228e-03 0.000000000 -0.0239137869      0
 [5,]      0      0 0.00000000  0.000000e+00 0.000000000  0.0000000000      0
 [6,]      0      0 0.00000000  0.000000e+00 0.000000000  0.0000000000      0
 [7,]      0      0 0.00000000  0.000000e+00 0.000000000  0.0000000000      0
 [8,]      0      0 0.00000000  0.000000e+00 0.000000000  0.0000000000      0
 [9,]      0      0 0.00000000 -7.156509e-07 0.000000000  0.0000000000      0
[10,]      0      0 0.00000000  0.000000e+00 0.003752804  0.0000000000      0
      [,125] [,126]        [,127]        [,128]      [,129] [,130]       [,131]
 [1,]      0      0  0.000000e+00  0.0000000000  0.00000000      0  0.000000000
 [2,]      0      0  0.000000e+00  0.0000000000  0.00000000      0  0.000000000
 [3,]      0      0  0.000000e+00  0.0000000000  0.00000000      0  0.000000000
 [4,]      0      0  1.896159e-05  0.0000000000 -0.04587494      0  0.000000000
 [5,]      0      0  0.000000e+00  0.0000000000  0.00000000      0  0.000000000
 [6,]      0      0  0.000000e+00  0.0000000000  0.00000000      0 -0.004192731
 [7,]      0      0 -3.464814e-04  0.0000000000  0.00000000      0  0.000000000
 [8,]      0      0  0.000000e+00  0.0000000000  0.00000000      0  0.000000000
 [9,]      0      0  0.000000e+00  0.0000000000  0.00000000      0  0.000000000
[10,]      0      0  0.000000e+00 -0.0005274307  0.00000000      0  0.000000000
            [,132] [,133]       [,134]        [,135]      [,136]      [,137]
 [1,] 0.000000e+00      0 -0.000917422  0.0000000000  0.00000000 -0.05192814
 [2,] 0.000000e+00      0  0.000000000  0.0000000000  0.00000000  0.00000000
 [3,] 1.318985e-06      0  0.000000000  0.0000000000 -0.01965611  0.00000000
 [4,] 0.000000e+00      0  0.000000000  0.0000000000  0.00000000  0.00000000
 [5,] 0.000000e+00      0  0.000000000  0.0000000000  0.00000000  0.00000000
 [6,] 0.000000e+00      0  0.000000000  0.0000000000  0.00000000  0.00000000
 [7,] 0.000000e+00      0  0.000000000 -0.0001167024  0.00000000  0.00000000
 [8,] 0.000000e+00      0 -0.008572064  0.0000000000  0.00000000  0.00000000
 [9,] 0.000000e+00      0  0.000000000  0.0000000000  0.00000000  0.00000000
[10,] 0.000000e+00      0  0.000000000  0.0000000000  0.00000000  0.00000000
            [,138] [,139] [,140]       [,141] [,142]       [,143]        [,144]
 [1,] 0.000000e+00      0      0 0.0006688056      0 0.0000000000  0.0000000000
 [2,] 0.000000e+00      0      0 0.0005175866      0 0.0000000000  0.0000000000
 [3,] 5.747156e-05      0      0 0.0000000000      0 0.0000000000  0.0000000000
 [4,] 0.000000e+00      0      0 0.0000000000      0 0.0000000000  0.0000000000
 [5,] 0.000000e+00      0      0 0.0000000000      0 0.0004224598  0.0000000000
 [6,] 0.000000e+00      0      0 0.0000000000      0 0.0000000000  0.0000000000
 [7,] 0.000000e+00      0      0 0.0000000000      0 0.0000000000  0.0000000000
 [8,] 0.000000e+00      0      0 0.0000000000      0 0.0000000000  0.0000000000
 [9,] 0.000000e+00      0      0 0.0000000000      0 0.0000000000 -0.0003650457
[10,] 0.000000e+00      0      0 0.0000000000      0 0.0000000000  0.0000000000
      [,145] [,146]       [,147]        [,148]       [,149]      [,150] [,151]
 [1,]      0      0  0.000000000 -0.0014197060 0.000000e+00  0.00000000      0
 [2,]      0      0  0.000000000  0.0000000000 3.535675e-05  0.00000000      0
 [3,]      0      0  0.000000000  0.0001869229 0.000000e+00  0.00000000      0
 [4,]      0      0  0.000000000  0.0000000000 0.000000e+00  0.00000000      0
 [5,]      0      0  0.000000000  0.0000000000 0.000000e+00  0.00000000      0
 [6,]      0      0 -0.001910488  0.0092909191 0.000000e+00  0.00000000      0
 [7,]      0      0  0.000000000  0.0000000000 0.000000e+00 -0.02068255      0
 [8,]      0      0  0.000000000  0.0000000000 0.000000e+00  0.00000000      0
 [9,]      0      0  0.000000000  0.0000000000 0.000000e+00  0.00000000      0
[10,]      0      0  0.000000000  0.0000000000 0.000000e+00  0.00000000      0
           [,152] [,153]       [,154]      [,155]        [,156] [,157]
 [1,] 0.000000000      0  0.000000000  0.00000000 -0.0007245441      0
 [2,] 0.000000000      0  0.000000000  0.00000000  0.0000000000      0
 [3,] 0.000000000      0 -0.005223712  0.00000000  0.0000000000      0
 [4,] 0.000000000      0  0.000000000  0.00000000  0.0000000000      0
 [5,] 0.004373838      0  0.000000000  0.00000000  0.0000000000      0
 [6,] 0.000000000      0  0.000000000  0.00000000  0.0000000000      0
 [7,] 0.000000000      0  0.000000000 -0.01329124  0.0000000000      0
 [8,] 0.000000000      0  0.000000000  0.00000000  0.0000000000      0
 [9,] 0.000000000      0  0.000000000  0.00000000  0.0000000000      0
[10,] 0.000000000      0  0.000000000  0.00000000  0.0000000000      0
         [,158]      [,159]       [,160]       [,161] [,162] [,163]
 [1,] 0.0000000 -0.01637565 0.000000e+00 0.0000000000      0      0
 [2,] 0.0353224  0.00000000 0.000000e+00 0.0000000000      0      0
 [3,] 0.0000000  0.00000000 0.000000e+00 0.0000000000      0      0
 [4,] 0.0000000  0.00000000 0.000000e+00 0.0002680412      0      0
 [5,] 0.0000000  0.00000000 0.000000e+00 0.0000000000      0      0
 [6,] 0.0000000  0.00000000 0.000000e+00 0.0000000000      0      0
 [7,] 0.0000000  0.00000000 3.855925e-05 0.0000000000      0      0
 [8,] 0.0000000  0.00000000 0.000000e+00 0.0000000000      0      0
 [9,] 0.0000000  0.00000000 0.000000e+00 0.0000000000      0      0
[10,] 0.0000000  0.00000000 0.000000e+00 0.0000000000      0      0
             [,164]       [,165]      [,166]      [,167]      [,168]     [,169]
 [1,] -0.0111619107  0.000000000  0.00000000  0.00000000 0.000000000 0.02956281
 [2,]  0.0000000000 -0.002339376  0.00000000  0.00000000 0.000000000 0.00000000
 [3,] -0.0079229030  0.000000000  0.00000000 -0.00245861 0.000000000 0.00000000
 [4,] -0.0003705059  0.000000000  0.00000000  0.00000000 0.000000000 0.00000000
 [5,]  0.0000000000  0.000000000  0.00000000  0.00000000 0.000000000 0.00000000
 [6,]  0.0000000000  0.000000000  0.00000000  0.00000000 0.000000000 0.00000000
 [7,]  0.0000000000  0.000000000  0.00000000  0.00000000 0.000000000 0.00000000
 [8,]  0.0000000000  0.000000000  0.00000000  0.00000000 0.004259356 0.00000000
 [9,]  0.0000000000  0.000000000 -0.01205774  0.00000000 0.000000000 0.00000000
[10,]  0.0000000000  0.000000000  0.00000000  0.00000000 0.000000000 0.00000000
            [,170] [,171]       [,172]       [,173]      [,174]      [,175]
 [1,] 0.0000000000      0  0.000000000 -0.002385771  0.00000000  0.00000000
 [2,] 0.0000000000      0  0.000000000  0.000000000  0.00000000  0.00000000
 [3,] 0.0001255613      0  0.000000000  0.000000000  0.00000000  0.00000000
 [4,] 0.0000000000      0  0.000000000 -0.016339935  0.00000000  0.00000000
 [5,] 0.0000000000      0  0.000000000  0.000000000  0.00000000  0.00000000
 [6,] 0.0000000000      0  0.000000000  0.000000000  0.00000000  0.00000000
 [7,] 0.0000000000      0  0.000000000  0.000000000  0.00000000  0.00000000
 [8,] 0.0000000000      0  0.000000000  0.000000000  0.00000000  0.00000000
 [9,] 0.0000000000      0 -0.009509257  0.000000000  0.00000000  0.00000000
[10,] 0.0000000000      0  0.000000000  0.000000000 -0.03700816 -0.04766122
           [,176]     [,177] [,178] [,179] [,180]     [,181] [,182]
 [1,] 0.000000000 0.00000000      0      0      0 0.00000000      0
 [2,] 0.000000000 0.00000000      0      0      0 0.00000000      0
 [3,] 0.000000000 0.00000000      0      0      0 0.00000000      0
 [4,] 0.000000000 0.12357436      0      0      0 0.00000000      0
 [5,] 0.003100198 0.01991662      0      0      0 0.00000000      0
 [6,] 0.000000000 0.00000000      0      0      0 0.00000000      0
 [7,] 0.000000000 0.00000000      0      0      0 0.04827119      0
 [8,] 0.000000000 0.00000000      0      0      0 0.00000000      0
 [9,] 0.000000000 0.00000000      0      0      0 0.00000000      0
[10,] 0.000000000 0.00000000      0      0      0 0.00000000      0
             [,183] [,184]        [,185]     [,186]       [,187] [,188]
 [1,]  0.000000e+00      0  0.000000e+00 0.00000000  0.000000000      0
 [2,]  0.000000e+00      0  0.000000e+00 0.00000000  0.000000000      0
 [3,] -7.818959e-05      0  0.000000e+00 0.00000000  0.000000000      0
 [4,]  0.000000e+00      0  0.000000e+00 0.05107595  0.000000000      0
 [5,]  0.000000e+00      0  3.957182e-06 0.00000000 -0.007013991      0
 [6,]  0.000000e+00      0  0.000000e+00 0.00000000  0.000000000      0
 [7,] -1.080172e-01      0  0.000000e+00 0.00000000  0.000000000      0
 [8,]  0.000000e+00      0 -1.327906e-02 0.00000000  0.000000000      0
 [9,]  0.000000e+00      0  0.000000e+00 0.00000000  0.000000000      0
[10,]  0.000000e+00      0  0.000000e+00 0.00000000  0.000000000      0
             [,189]        [,190]      [,191] [,192] [,193] [,194]       [,195]
 [1,]  0.0000000000  0.0000000000  0.00000000      0      0      0 0.000000e+00
 [2,]  0.0000000000  0.0000000000  0.00000000      0      0      0 1.718055e-05
 [3,]  0.0429923815 -0.0001411789 -0.09928434      0      0      0 0.000000e+00
 [4,]  0.0000000000  0.0000000000  0.00000000      0      0      0 0.000000e+00
 [5,] -0.0723093387  0.0000000000  0.00000000      0      0      0 0.000000e+00
 [6,]  0.0001642475  0.0000000000  0.00000000      0      0      0 0.000000e+00
 [7,]  0.0000000000  0.0000000000  0.00000000      0      0      0 0.000000e+00
 [8,]  0.0000000000  0.0000000000  0.00000000      0      0      0 0.000000e+00
 [9,]  0.0000000000  0.0000000000  0.00000000      0      0      0 0.000000e+00
[10,]  0.0000000000  0.0000000000  0.00000000      0      0      0 0.000000e+00
           [,196]        [,197] [,198] [,199] [,200] [,201]      [,202]
 [1,]  0.00000000 -5.310084e-06      0      0      0      0 -0.08606158
 [2,]  0.00000000  0.000000e+00      0      0      0      0  0.00000000
 [3,]  0.00000000  0.000000e+00      0      0      0      0  0.00000000
 [4,] -0.02474536  0.000000e+00      0      0      0      0  0.00000000
 [5,]  0.00000000  0.000000e+00      0      0      0      0  0.00000000
 [6,]  0.00000000  0.000000e+00      0      0      0      0  0.00000000
 [7,]  0.01213403  0.000000e+00      0      0      0      0  0.00000000
 [8,]  0.00000000  0.000000e+00      0      0      0      0  0.00000000
 [9,]  0.00000000  0.000000e+00      0      0      0      0  0.00000000
[10,]  0.00000000  0.000000e+00      0      0      0      0  0.00000000
             [,203]     [,204] [,205]     [,206]
 [1,]  0.000000e+00  0.0000000      0 0.00000000
 [2,]  0.000000e+00  0.0000000      0 0.00000000
 [3,]  0.000000e+00  0.0000000      0 0.00000000
 [4,] -3.954218e-05 -0.1067243      0 0.00000000
 [5,]  0.000000e+00  0.0000000      0 0.01521909
 [6,]  0.000000e+00  0.0000000      0 0.00000000
 [7,]  0.000000e+00  0.0000000      0 0.00000000
 [8,]  0.000000e+00  0.0000000      0 0.00000000
 [9,]  2.870131e-05  0.0000000      0 0.00000000
[10,]  0.000000e+00  0.0000000      0 0.00000000
[1] "Mean"
  [1]  3.785918e-01  1.319074e+00  4.921811e+00  2.809414e+00  1.811270e+00
  [6] -3.447853e-01  2.591886e-03  1.480581e-03 -1.587814e-05  1.744418e-06
 [11]  1.277888e-04  4.434180e-03  3.951246e-03  0.000000e+00  0.000000e+00
 [16]  3.110508e-04  4.812638e-05  0.000000e+00  0.000000e+00  7.639336e-06
 [21] -2.687396e-03 -6.671330e-03 -2.048846e-03  0.000000e+00  0.000000e+00
 [26]  0.000000e+00  6.001448e-03  3.727147e-05  4.690803e-07  0.000000e+00
 [31]  0.000000e+00 -9.117849e-04  0.000000e+00  1.471666e-05  0.000000e+00
 [36]  2.989192e-04  5.613169e-03  0.000000e+00 -3.628706e-04 -4.197954e-03
 [41]  1.704563e-03  3.184304e-03 -8.973053e-07  1.817491e-04  0.000000e+00
 [46]  4.602245e-05  0.000000e+00 -1.306708e-03 -3.636644e-03  2.861695e-03
 [51] -1.294041e-02  0.000000e+00  0.000000e+00  0.000000e+00  1.157370e-04
 [56]  0.000000e+00  0.000000e+00  2.475572e-06 -1.001480e-03  0.000000e+00
 [61]  2.561260e-04 -9.134411e-03  1.693301e-03 -6.050518e-04 -1.736264e-03
 [66]  0.000000e+00  0.000000e+00 -1.488884e-06 -8.032178e-05  8.978686e-04
 [71]  2.718434e-03  0.000000e+00  0.000000e+00 -2.540714e-03  2.579665e-03
 [76] -5.299188e-04  0.000000e+00  0.000000e+00  2.211840e-03 -1.166125e-03
 [81]  6.776275e-03  0.000000e+00  4.865615e-03  1.051338e-06 -5.009444e-04
 [86] -1.321824e-03  9.708413e-04  0.000000e+00  0.000000e+00 -1.318770e-05
 [91]  0.000000e+00  0.000000e+00  4.398091e-04  0.000000e+00  1.096794e-03
 [96] -5.347564e-03  1.705406e-03  0.000000e+00 -7.480521e-04  0.000000e+00
[101] -4.621968e-03  0.000000e+00 -1.421918e-03  0.000000e+00  2.515783e-03
[106]  0.000000e+00 -2.734467e-03  0.000000e+00 -3.002375e-04  1.571464e-03
[111]  6.003235e-05  0.000000e+00  1.532569e-04  0.000000e+00 -1.035783e-02
[116]  0.000000e+00  1.752512e-03  0.000000e+00  0.000000e+00  1.810643e-03
[121] -7.472943e-04  3.752804e-04 -2.301000e-03  0.000000e+00  0.000000e+00
[126]  0.000000e+00 -3.275198e-05 -5.274307e-05 -4.587494e-03  0.000000e+00
[131] -4.192731e-04  1.318985e-07  0.000000e+00 -9.489486e-04 -1.167024e-05
[136] -1.965611e-03 -5.192814e-03  5.747156e-06  0.000000e+00  0.000000e+00
[141]  1.186392e-04  0.000000e+00  4.224598e-05 -3.650457e-05  0.000000e+00
[146]  0.000000e+00 -1.910488e-04  8.058136e-04  3.535675e-06 -2.068255e-03
[151]  0.000000e+00  4.373838e-04  0.000000e+00 -5.223712e-04 -1.329124e-03
[156] -7.245441e-05  0.000000e+00  3.532240e-03 -1.637565e-03  3.855925e-06
[161]  2.680412e-05  0.000000e+00  0.000000e+00 -1.945532e-03 -2.339376e-04
[166] -1.205774e-03 -2.458610e-04  4.259356e-04  2.956281e-03  1.255613e-05
[171]  0.000000e+00 -9.509257e-04 -1.872571e-03 -3.700816e-03 -4.766122e-03
[176]  3.100198e-04  1.434910e-02  0.000000e+00  0.000000e+00  0.000000e+00
[181]  4.827119e-03  0.000000e+00 -1.080954e-02  0.000000e+00 -1.327511e-03
[186]  5.107595e-03 -7.013991e-04  0.000000e+00 -2.915271e-03 -1.411789e-05
[191] -9.928434e-03  0.000000e+00  0.000000e+00  0.000000e+00  1.718055e-06
[196] -1.261133e-03 -5.310084e-07  0.000000e+00  0.000000e+00  0.000000e+00
[201]  0.000000e+00 -8.606158e-03 -1.084088e-06 -1.067243e-02  0.000000e+00
[206]  1.521909e-03
[1] "Variance"
  [1] 4.596122e-02 1.746395e-01 8.948554e-02 1.111097e-01 7.216863e-02
  [6] 5.718437e-02 1.452674e-02 2.090009e-02 5.021110e-05 5.516335e-06
 [11] 4.041037e-04 1.132739e-02 1.249494e-02 0.000000e+00 0.000000e+00
 [16] 1.053164e-03 1.521890e-04 0.000000e+00 0.000000e+00 2.415770e-05
 [21] 8.498292e-03 1.731978e-02 6.442957e-03 0.000000e+00 0.000000e+00
 [26] 0.000000e+00 1.897574e-02 1.556459e-04 1.483362e-06 0.000000e+00
 [31] 0.000000e+00 7.074212e-03 0.000000e+00 4.653816e-05 0.000000e+00
 [36] 9.235449e-04 1.775040e-02 0.000000e+00 1.147498e-03 1.327509e-02
 [41] 5.390300e-03 1.006965e-02 2.837528e-06 5.081133e-04 0.000000e+00
 [46] 1.455358e-04 0.000000e+00 4.132175e-03 8.902930e-03 9.049474e-03
 [51] 2.747670e-02 0.000000e+00 0.000000e+00 0.000000e+00 3.813159e-04
 [56] 0.000000e+00 0.000000e+00 7.828446e-06 3.166956e-03 0.000000e+00
 [61] 8.099414e-04 1.925703e-02 5.354689e-03 1.913342e-03 5.490550e-03
 [66] 0.000000e+00 0.000000e+00 4.708263e-06 2.539998e-04 7.585328e-03
 [71] 6.108500e-03 0.000000e+00 0.000000e+00 8.034442e-03 8.574635e-03
 [76] 1.014891e-02 0.000000e+00 0.000000e+00 5.846317e-03 4.036570e-03
 [81] 2.142846e-02 0.000000e+00 1.538643e-02 3.324623e-06 1.098865e-03
 [86] 4.179973e-03 3.070070e-03 0.000000e+00 0.000000e+00 4.170318e-05
 [91] 0.000000e+00 0.000000e+00 1.390798e-03 0.000000e+00 1.233471e-02
 [96] 1.691048e-02 2.284225e-02 0.000000e+00 2.365548e-03 0.000000e+00
[101] 1.461595e-02 0.000000e+00 4.496498e-03 0.000000e+00 7.785837e-03
[106] 0.000000e+00 1.008428e-02 0.000000e+00 9.486969e-04 4.969404e-03
[111] 1.898390e-04 0.000000e+00 4.846410e-04 0.000000e+00 3.275434e-02
[116] 0.000000e+00 8.032706e-03 0.000000e+00 0.000000e+00 5.725755e-03
[121] 2.362901e-03 1.186741e-03 7.599269e-03 0.000000e+00 0.000000e+00
[126] 0.000000e+00 1.103942e-04 1.667882e-04 1.450693e-02 0.000000e+00
[131] 1.325858e-03 4.170996e-07 0.000000e+00 2.693963e-03 3.690455e-05
[136] 6.215808e-03 1.642112e-02 1.817410e-05 0.000000e+00 0.000000e+00
[141] 2.526403e-04 0.000000e+00 1.335935e-04 1.154376e-04 0.000000e+00
[146] 0.000000e+00 6.041495e-04 3.016221e-03 1.118079e-05 6.540397e-03
[151] 0.000000e+00 1.383129e-03 0.000000e+00 1.651883e-03 4.203060e-03
[156] 2.291210e-04 0.000000e+00 1.116992e-02 5.178437e-03 1.219351e-05
[161] 8.476207e-05 0.000000e+00 0.000000e+00 4.077676e-03 7.397755e-04
[166] 3.812994e-03 7.774806e-04 1.346926e-03 9.348581e-03 3.970596e-05
[171] 0.000000e+00 3.007091e-03 5.138311e-03 1.170301e-02 1.507180e-02
[176] 9.803687e-04 3.888491e-02 0.000000e+00 0.000000e+00 0.000000e+00
[181] 1.526469e-02 0.000000e+00 3.415530e-02 0.000000e+00 4.199348e-03
[186] 1.615163e-02 2.218019e-03 0.000000e+00 2.787277e-02 4.464470e-05
[191] 3.139647e-02 0.000000e+00 0.000000e+00 0.000000e+00 5.432966e-06
[196] 9.090060e-03 1.679196e-06 0.000000e+00 0.000000e+00 0.000000e+00
[201] 0.000000e+00 2.721506e-02 1.624670e-05 3.374919e-02 0.000000e+00
[206] 4.812699e-03
[1] "Over Estimation"
 [1] 20 14 27 25 19 11 26 13 12 11
[1] "Bias"
  [1] -0.24281640 -0.12061726 -0.01563778 -0.06352859 -0.09436501 -0.31042931
  [7]         Inf         Inf        -Inf         Inf         Inf         Inf
 [13]         Inf         NaN         NaN         Inf         Inf         NaN
 [19]         NaN         Inf        -Inf        -Inf        -Inf         NaN
 [25]         NaN         NaN         Inf         Inf         Inf         NaN
 [31]         NaN        -Inf         NaN         Inf         NaN         Inf
 [37]         Inf         NaN        -Inf        -Inf         Inf         Inf
 [43]        -Inf         Inf         NaN         Inf         NaN        -Inf
 [49]        -Inf         Inf        -Inf         NaN         NaN         NaN
 [55]         Inf         NaN         NaN         Inf        -Inf         NaN
 [61]         Inf        -Inf         Inf        -Inf        -Inf         NaN
 [67]         NaN        -Inf        -Inf         Inf         Inf         NaN
 [73]         NaN        -Inf         Inf        -Inf         NaN         NaN
 [79]         Inf        -Inf         Inf         NaN         Inf         Inf
 [85]        -Inf        -Inf         Inf         NaN         NaN        -Inf
 [91]         NaN         NaN         Inf         NaN         Inf        -Inf
 [97]         Inf         NaN        -Inf         NaN        -Inf         NaN
[103]        -Inf         NaN         Inf         NaN        -Inf         NaN
[109]        -Inf         Inf         Inf         NaN         Inf         NaN
[115]        -Inf         NaN         Inf         NaN         NaN         Inf
[121]        -Inf         Inf        -Inf         NaN         NaN         NaN
[127]        -Inf        -Inf        -Inf         NaN        -Inf         Inf
[133]         NaN        -Inf        -Inf        -Inf        -Inf         Inf
[139]         NaN         NaN         Inf         NaN         Inf        -Inf
[145]         NaN         NaN        -Inf         Inf         Inf        -Inf
[151]         NaN         Inf         NaN        -Inf        -Inf        -Inf
[157]         NaN         Inf        -Inf         Inf         Inf         NaN
[163]         NaN        -Inf        -Inf        -Inf        -Inf         Inf
[169]         Inf         Inf         NaN        -Inf        -Inf        -Inf
[175]        -Inf         Inf         Inf         NaN         NaN         NaN
[181]         Inf         NaN        -Inf         NaN        -Inf         Inf
[187]        -Inf         NaN        -Inf        -Inf        -Inf         NaN
[193]         NaN         NaN         Inf        -Inf        -Inf         NaN
[199]         NaN         NaN         NaN        -Inf        -Inf        -Inf
[205]         NaN         Inf
