[1] 1
         [,1]
[1,] 4.575879
[1] 2
         [,1]
[1,] 7.016606
[1] 3
        [,1]
[1,] 1.01009
[1] 4
         [,1]
[1,] 3.011511
[1] 5
         [,1]
[1,] 4.750767
[1] 6
         [,1]
[1,] 5.867209
[1] 7
         [,1]
[1,] 4.250246
[1] 8
         [,1]
[1,] 3.091359
[1] 9
         [,1]
[1,] 3.704544
[1] 10
         [,1]
[1,] 3.101216
[1] 11
         [,1]
[1,] 3.977107
[1] 12
         [,1]
[1,] 3.545294
[1] 13
         [,1]
[1,] 3.788022
[1] 14
         [,1]
[1,] 4.216671
[1] 15
         [,1]
[1,] 2.575821
[1] 16
         [,1]
[1,] 4.181743
[1] 17
         [,1]
[1,] 3.049615
[1] 18
         [,1]
[1,] 6.187548
[1] 19
         [,1]
[1,] 4.634725
[1] 20
         [,1]
[1,] 3.221322
[1] 21
        [,1]
[1,] 2.45333
[1] 22
         [,1]
[1,] 2.866745
[1] 23
         [,1]
[1,] 4.256395
[1] 24
         [,1]
[1,] 6.167602
[1] 25
         [,1]
[1,] 4.025529
[1] 26
        [,1]
[1,] 4.95535
[1] 27
         [,1]
[1,] 4.330061
[1] 28
         [,1]
[1,] 5.655789
[1] 29
         [,1]
[1,] 4.863057
[1] 30
         [,1]
[1,] 3.757616
[1] 31
         [,1]
[1,] 3.492403
[1] 32
         [,1]
[1,] 4.225151
[1] 33
         [,1]
[1,] 3.084983
[1] 34
         [,1]
[1,] 3.482933
[1] 35
         [,1]
[1,] 5.610613
[1] 36
         [,1]
[1,] 1.219592
[1] 37
         [,1]
[1,] 4.155441
[1] 38
         [,1]
[1,] 2.191408
[1] 39
         [,1]
[1,] 4.058803
[1] 40
        [,1]
[1,] 4.62703
[1] 41
         [,1]
[1,] 3.861775
[1] 42
         [,1]
[1,] 3.360603
[1] 43
         [,1]
[1,] 5.509172
[1] 44
         [,1]
[1,] 3.255488
[1] 45
         [,1]
[1,] 5.956444
[1] 46
         [,1]
[1,] 5.240135
[1] 47
         [,1]
[1,] 3.757041
[1] 48
         [,1]
[1,] 3.115401
[1] 49
         [,1]
[1,] 3.995174
[1] 50
         [,1]
[1,] 3.537341
[1] 51
         [,1]
[1,] 3.628505
[1] 52
         [,1]
[1,] 4.816316
[1] 53
         [,1]
[1,] 4.259152
[1] 54
         [,1]
[1,] 3.421904
[1] 55
         [,1]
[1,] 4.003956
[1] 56
         [,1]
[1,] 2.479514
[1] 57
         [,1]
[1,] 8.258965
[1] 58
         [,1]
[1,] 4.634949
[1] 59
         [,1]
[1,] 5.358321
[1] 60
         [,1]
[1,] 3.744182
[1] 61
         [,1]
[1,] 4.507381
[1] 62
         [,1]
[1,] 4.693944
[1] 63
        [,1]
[1,] 4.39627
[1] 64
         [,1]
[1,] 5.009772
[1] 65
         [,1]
[1,] 2.858767
[1] 66
         [,1]
[1,] 4.321463
[1] 67
         [,1]
[1,] 1.976169
[1] 68
         [,1]
[1,] 3.092886
[1] 69
         [,1]
[1,] 2.891004
[1] 70
         [,1]
[1,] 4.301726
[1] 71
         [,1]
[1,] 5.329248
[1] 72
         [,1]
[1,] 5.955558
[1] 73
         [,1]
[1,] 4.355906
[1] 74
         [,1]
[1,] 4.668751
[1] 75
         [,1]
[1,] 2.871983
[1] 76
         [,1]
[1,] 4.704019
[1] 77
         [,1]
[1,] 2.347456
[1] 78
        [,1]
[1,] 4.21111
[1] 79
        [,1]
[1,] 4.20978
[1] 80
         [,1]
[1,] 3.383648
[1] 81
         [,1]
[1,] 5.184736
[1] 82
         [,1]
[1,] 3.574683
[1] 83
         [,1]
[1,] 5.554167
[1] 84
         [,1]
[1,] 5.013057
[1] 85
        [,1]
[1,] 3.56812
[1] 86
         [,1]
[1,] 2.268932
[1] 87
         [,1]
[1,] 5.323446
[1] 88
         [,1]
[1,] 5.020616
[1] 89
         [,1]
[1,] 4.742257
[1] 90
         [,1]
[1,] 2.628427
[1] 91
         [,1]
[1,] 4.025404
[1] 92
         [,1]
[1,] 4.276455
[1] 93
         [,1]
[1,] 5.346406
[1] 94
         [,1]
[1,] 3.773841
[1] 95
         [,1]
[1,] 4.903818
[1] 96
         [,1]
[1,] 4.948799
[1] 97
         [,1]
[1,] 6.093251
[1] 98
         [,1]
[1,] 3.245575
[1] 99
         [,1]
[1,] 4.391895
[1] 100
         [,1]
[1,] 2.937548
            [,1]      [,2]     [,3]     [,4]     [,5]     [,6]       [,7]
  [1,] 0.4798474 0.9041254 1.194221 5.154206 2.922829 2.102235 -0.4380509
  [2,] 0.5227028 1.0189655 1.338794 5.068510 3.087194 1.862035 -0.6018959
  [3,] 0.6971515 0.8472653 1.428545 4.955904 3.040642 1.910149 -0.5546444
  [4,] 0.5193070 1.0229566 1.296221 5.049614 2.924792 2.117971 -0.5568438
  [5,] 0.5615320 0.9374662 1.521788 4.916671 3.042374 2.073318 -0.4425025
  [6,] 0.5062614 0.9923339 1.605838 4.922928 3.046886 1.992495 -0.4821151
  [7,] 0.5960537 0.9328030 1.550015 5.015574 3.034603 1.966827 -0.5577532
  [8,] 0.5057058 1.0123618 1.570057 5.011954 2.879939 2.040318 -0.7638530
  [9,] 0.6417217 0.7859644 1.485147 5.013306 2.985660 1.929841 -0.5428124
 [10,] 0.6563153 0.9277775 1.182428 5.061839 2.936127 1.965141 -0.5048058
 [11,] 0.5503920 0.8185872 1.574474 4.861441 2.953974 2.042768 -0.4283193
 [12,] 0.7977584 0.8937906 1.465458 4.992230 2.994545 1.868190 -0.4783869
 [13,] 0.6749236 0.9204644 1.444764 4.938207 2.954249 2.054211 -0.4771523
 [14,] 0.4590013 1.0348234 1.390432 4.969158 2.976100 2.028553 -0.4772462
 [15,] 0.7036080 0.8853012 1.745771 4.936624 3.048764 2.103657 -0.4231987
 [16,] 0.7260161 1.0170039 1.757703 4.968746 2.977596 1.894255 -0.4556235
 [17,] 0.6021022 0.8690941 1.568684 5.045311 3.019682 1.964267 -0.5090079
 [18,] 0.4743329 1.1102929 1.162714 4.975869 2.934901 1.931154 -0.3836450
 [19,] 0.4615539 1.0185533 1.378773 4.998034 2.998134 2.045157 -0.5619982
 [20,] 0.5484374 1.1101288 1.411850 5.032651 3.020247 1.851235 -0.3457877
 [21,] 0.5011425 0.8141074 1.505687 4.880274 2.884024 2.096382 -0.5999341
 [22,] 0.4383789 1.0482490 1.858141 4.967902 3.056455 1.909690 -0.5609078
 [23,] 0.6135798 1.0038242 1.671916 4.987013 3.014960 1.999607 -0.5580516
 [24,] 0.4918251 0.9909592 1.646338 5.052371 2.891206 2.161354 -0.4841011
 [25,] 0.5964934 0.9252598 1.699636 4.939894 3.014171 1.941375 -0.4360463
 [26,] 0.7300025 0.9536775 1.440136 4.926970 3.096150 2.074258 -0.5634406
 [27,] 0.5122190 0.9722613 1.541490 4.993515 3.037488 2.023203 -0.6132482
 [28,] 0.5095549 1.0725151 1.652966 5.135910 2.764931 1.921498 -0.4942252
 [29,] 0.4839705 1.0420315 1.345900 5.002417 2.976260 1.954820 -0.6516863
 [30,] 0.5025855 0.9293368 1.538445 4.995967 2.863317 1.996217 -0.4888148
 [31,] 0.6737334 0.8559077 1.514459 4.884534 3.056007 2.069361 -0.5473397
 [32,] 0.5389318 1.0834633 1.667090 4.977841 2.995891 1.838792 -0.5812242
 [33,] 0.4209882 0.9600766 1.529509 4.960180 2.991837 2.052335 -0.3800139
 [34,] 0.4408720 0.8050958 1.463921 4.996087 2.992562 1.988713 -0.5834134
 [35,] 0.3921757 1.1702985 1.495669 4.958287 2.984988 1.762467 -0.6126973
 [36,] 0.6239851 0.9246118 1.278784 4.940567 3.063177 1.917827 -0.5922100
 [37,] 0.5225459 0.8816222 1.386237 4.977672 2.925095 2.050080 -0.4897396
 [38,] 0.5415924 0.9383933 1.632464 5.125179 2.829218 2.010075 -0.5164590
 [39,] 0.5502694 0.9282532 1.358984 4.978166 3.137328 2.028440 -0.5596105
 [40,] 0.4893213 0.9426386 1.698561 5.020155 3.028676 1.965039 -0.7272275
 [41,] 0.5450585 1.0341903 1.858112 4.927985 2.971324 1.950117 -0.5056141
 [42,] 0.7028342 0.9377620 1.421106 5.008936 3.010297 1.907975 -0.4110274
 [43,] 0.4145979 0.9535156 1.267707 5.094365 2.877562 1.958792 -0.5124583
 [44,] 0.4866054 0.9046065 1.726440 4.983555 2.836639 2.034664 -0.4087821
 [45,] 0.3729509 1.0168415 1.348453 4.876606 3.063969 1.955473 -0.3941759
 [46,] 0.4513670 1.1625875 1.769633 4.977502 3.045059 1.871129 -0.6576009
 [47,] 0.6144948 0.9417993 1.411829 5.008601 2.968764 1.990162 -0.3773352
 [48,] 0.4392926 1.0400409 1.511168 5.020375 3.051438 2.052363 -0.4303539
 [49,] 0.4863044 0.8991178 1.158291 4.954339 3.107006 1.921281 -0.4454162
 [50,] 0.4308998 1.1170707 1.238785 4.999360 3.012086 2.103746 -0.4253898
 [51,] 0.4849561 1.0277922 1.417923 4.968493 3.043239 1.938468 -0.3253478
 [52,] 0.7005441 1.0890916 1.454802 4.903652 3.014889 1.950018 -0.6157002
 [53,] 0.4688298 0.9323770 1.646593 4.989364 2.845876 1.950926 -0.5151788
 [54,] 0.4354266 1.0296340 1.131872 4.942094 3.118605 1.992247 -0.7095685
 [55,] 0.7124733 0.8701497 1.360143 4.996415 3.077838 1.916844 -0.6084249
 [56,] 0.4752734 0.9473996 1.337244 4.863928 2.895995 1.915304 -0.4962818
 [57,] 0.6174198 0.9559264 1.280684 5.035284 2.968870 1.961660 -0.4607790
 [58,] 0.5214916 1.1380400 1.312782 5.007384 2.934665 2.021627 -0.5286864
 [59,] 0.4795584 1.0293480 1.640754 4.882471 2.949003 2.244686 -0.5006600
 [60,] 0.4139855 0.8769406 1.681059 5.019676 2.793478 2.020880 -0.4139276
 [61,] 0.6569577 0.8542349 1.616005 5.030605 3.084184 1.926338 -0.4685190
 [62,] 0.4261758 0.8286592 1.606929 5.050403 3.095679 1.944770 -0.5751636
 [63,] 0.5445252 0.9914959 1.896526 5.051975 2.954657 1.847715 -0.5123922
 [64,] 0.6249993 1.0244402 1.463149 5.004733 3.042574 1.960741 -0.4241722
 [65,] 0.7869493 0.9353580 1.540749 5.026973 3.088938 2.061604 -0.4621772
 [66,] 0.4810001 0.9564025 1.242088 4.939882 2.999274 1.999278 -0.4129758
 [67,] 0.4858282 0.9972257 1.752175 4.982511 2.983034 1.994309 -0.7024021
 [68,] 0.5395302 0.9833817 1.470884 4.983326 3.041804 2.117501 -0.5049574
 [69,] 0.4420921 1.0398708 1.555858 5.053252 2.924472 1.925900 -0.4723301
 [70,] 0.5045685 0.9827512 1.460800 5.115550 2.980517 1.948979 -0.3822916
 [71,] 0.4222056 1.0376985 1.384034 5.043931 2.879626 2.095211 -0.2389732
 [72,] 0.4455097 0.8912551 1.705780 4.966309 2.939333 1.791894 -0.5677650
 [73,] 0.5739631 1.0542029 1.284573 5.092540 2.979094 2.023151 -0.5505130
 [74,] 0.7134210 0.9349022 1.460470 4.958252 3.026607 1.967739 -0.4222428
 [75,] 0.4651235 1.0162764 1.275440 5.012566 2.940527 2.196384 -0.5589581
 [76,] 0.4856218 1.0883038 1.574285 4.978548 3.091828 2.164066 -0.6885799
 [77,] 0.5040655 0.9458081 1.961855 4.865220 2.955864 1.925464 -0.6463249
 [78,] 0.5007465 0.9774896 1.431896 5.070590 2.907530 2.033689 -0.5056192
 [79,] 0.4676120 1.0517900 2.029257 4.977500 2.945147 1.986585 -0.3379767
 [80,] 0.3957630 0.9520383 1.536025 4.930940 3.097852 2.012720 -0.3025272
 [81,] 0.6731037 0.9430542 1.405267 5.051393 2.938080 2.019180 -0.5622721
 [82,] 0.6362936 0.9259427 1.371219 5.071889 2.958669 1.956625 -0.5124647
 [83,] 0.4664194 1.1108886 1.829295 4.925381 3.083043 1.902293 -0.5180388
 [84,] 0.5862227 1.0050147 1.364738 5.041064 2.983145 2.096171 -0.4256025
 [85,] 0.6014097 0.8842000 1.733980 4.853630 3.018234 1.950093 -0.5201024
 [86,] 0.5079813 0.9317780 1.684587 5.008926 2.889990 2.065806 -0.5502687
 [87,] 0.4044511 0.9541497 1.376238 5.055103 2.981716 1.939146 -0.3829437
 [88,] 0.6079425 0.9193695 1.407748 4.917109 3.065750 2.012493 -0.4950962
 [89,] 0.5376920 0.9309753 1.473709 5.001543 2.949145 2.091135 -0.5026446
 [90,] 0.5345671 0.9776448 1.771568 5.031215 2.912316 1.863724 -0.5328974
 [91,] 0.5293289 0.8882170 1.710109 5.091577 3.107032 1.943889 -0.5552270
 [92,] 0.5104320 0.8286283 1.434486 4.993234 3.137040 2.062583 -0.4545940
 [93,] 0.5500257 0.9212737 1.655791 5.036568 2.935186 2.044564 -0.5864616
 [94,] 0.4552285 0.8655054 1.454331 5.026850 2.889196 2.026692 -0.5523730
 [95,] 0.5945224 0.9553203 1.333873 5.038373 2.961538 1.832047 -0.6284803
 [96,] 0.6472241 1.0034060 1.678365 5.049779 3.081049 2.060329 -0.4358110
 [97,] 0.7124602 0.9381062 1.379698 4.917841 2.989824 1.986683 -0.4461936
 [98,] 0.4672825 0.9241626 1.564149 4.995272 3.037468 1.884950 -0.6000319
 [99,] 0.5226152 0.8886033 1.700674 5.006880 3.016046 1.946389 -0.6004312
[100,] 0.5188936 1.0083971 1.469026 5.021360 2.885065 2.061869 -0.4917917
[1]  0.5404401  0.9655510  1.5102302  4.9932065  2.9874765  1.9883437 -0.5085933
