[1] 1
         [,1]
[1,] 37.22851
[1] 2
         [,1]
[1,] 45.49714
[1] 3
         [,1]
[1,] 51.00326
[1] 4
         [,1]
[1,] 39.59405
[1] 5
         [,1]
[1,] 48.76896
[1] 6
         [,1]
[1,] 60.10849
[1] 7
         [,1]
[1,] 38.43253
[1] 8
         [,1]
[1,] 54.55238
[1] 9
         [,1]
[1,] 38.56159
[1] 10
         [,1]
[1,] 39.23435
[1] 11
         [,1]
[1,] 45.72414
[1] 12
         [,1]
[1,] 29.86264
[1] 13
         [,1]
[1,] 39.92094
[1] 14
         [,1]
[1,] 40.31186
[1] 15
        [,1]
[1,] 33.6827
[1] 16
         [,1]
[1,] 35.50539
[1] 17
         [,1]
[1,] 37.26826
[1] 18
         [,1]
[1,] 40.13888
[1] 19
         [,1]
[1,] 37.87496
[1] 20
         [,1]
[1,] 30.03481
[1] 21
         [,1]
[1,] 25.80791
[1] 22
         [,1]
[1,] 35.56808
[1] 23
         [,1]
[1,] 36.49958
[1] 24
         [,1]
[1,] 28.90927
[1] 25
         [,1]
[1,] 38.64702
[1] 26
        [,1]
[1,] 32.9378
[1] 27
         [,1]
[1,] 39.36785
[1] 28
         [,1]
[1,] 41.30607
[1] 29
       [,1]
[1,] 45.426
[1] 30
         [,1]
[1,] 42.07413
[1] 31
         [,1]
[1,] 45.09676
[1] 32
         [,1]
[1,] 39.62633
[1] 33
         [,1]
[1,] 53.23072
[1] 34
        [,1]
[1,] 58.5178
[1] 35
         [,1]
[1,] 33.27986
[1] 36
         [,1]
[1,] 35.23731
[1] 37
         [,1]
[1,] 41.18243
[1] 38
         [,1]
[1,] 31.70012
[1] 39
         [,1]
[1,] 42.76384
[1] 40
        [,1]
[1,] 45.3394
[1] 41
         [,1]
[1,] 34.11112
[1] 42
         [,1]
[1,] 44.72038
[1] 43
         [,1]
[1,] 32.57514
[1] 44
         [,1]
[1,] 31.05897
[1] 45
         [,1]
[1,] 40.67122
[1] 46
         [,1]
[1,] 32.29116
[1] 47
         [,1]
[1,] 47.41775
[1] 48
         [,1]
[1,] 23.88816
[1] 49
         [,1]
[1,] 33.11448
[1] 50
         [,1]
[1,] 42.87144
[1] 51
         [,1]
[1,] 44.15608
[1] 52
         [,1]
[1,] 36.50251
[1] 53
         [,1]
[1,] 32.22327
[1] 54
         [,1]
[1,] 29.87391
[1] 55
         [,1]
[1,] 38.91727
[1] 56
         [,1]
[1,] 28.57277
[1] 57
         [,1]
[1,] 42.38308
[1] 58
         [,1]
[1,] 40.02627
[1] 59
         [,1]
[1,] 36.58023
[1] 60
         [,1]
[1,] 35.20055
[1] 61
         [,1]
[1,] 59.79212
[1] 62
        [,1]
[1,] 35.2783
[1] 63
         [,1]
[1,] 40.82688
[1] 64
        [,1]
[1,] 33.7968
[1] 65
         [,1]
[1,] 34.03652
[1] 66
         [,1]
[1,] 40.64813
[1] 67
         [,1]
[1,] 31.75013
[1] 68
         [,1]
[1,] 38.35898
[1] 69
         [,1]
[1,] 32.74204
[1] 70
         [,1]
[1,] 58.75735
[1] 71
        [,1]
[1,] 43.1377
[1] 72
         [,1]
[1,] 41.38855
[1] 73
         [,1]
[1,] 39.76189
[1] 74
         [,1]
[1,] 37.23424
[1] 75
         [,1]
[1,] 51.53024
[1] 76
        [,1]
[1,] 38.5357
[1] 77
         [,1]
[1,] 55.13127
[1] 78
         [,1]
[1,] 38.01909
[1] 79
         [,1]
[1,] 49.39941
[1] 80
         [,1]
[1,] 32.99507
[1] 81
         [,1]
[1,] 40.82748
[1] 82
         [,1]
[1,] 47.24212
[1] 83
         [,1]
[1,] 47.45501
[1] 84
         [,1]
[1,] 46.29792
[1] 85
         [,1]
[1,] 35.25067
[1] 86
         [,1]
[1,] 27.24576
[1] 87
         [,1]
[1,] 55.64262
[1] 88
         [,1]
[1,] 41.54686
[1] 89
         [,1]
[1,] 38.21379
[1] 90
         [,1]
[1,] 28.11322
[1] 91
         [,1]
[1,] 59.20518
[1] 92
         [,1]
[1,] 34.12646
[1] 93
         [,1]
[1,] 49.25203
[1] 94
         [,1]
[1,] 47.27181
[1] 95
         [,1]
[1,] 40.55424
[1] 96
         [,1]
[1,] 43.87955
[1] 97
         [,1]
[1,] 42.25566
[1] 98
         [,1]
[1,] 26.36668
[1] 99
        [,1]
[1,] 38.6305
[1] 100
         [,1]
[1,] 29.23369
            [,1]      [,2]      [,3]     [,4]     [,5]     [,6]        [,7]
  [1,] 0.2348117 1.2534745 1.5037816 5.147489 3.237029 1.636411 -0.27017755
  [2,] 0.1827313 1.2120893 1.6331650 5.050989 3.162614 1.876725 -0.55471552
  [3,] 0.1905063 2.0676762 1.2590377 4.960325 4.550672 1.563379 -0.97080863
  [4,] 0.2069199 1.3414256 1.1357727 5.230613 3.136559 1.629905 -0.16208483
  [5,] 0.1782223 1.0188278 1.3479136 4.824296 2.823787 1.972853 -0.73720404
  [6,] 0.2093532 1.1280619 1.1066722 5.091747 2.873588 2.052454 -0.35982851
  [7,] 0.2333579 1.0734402 1.5431631 4.986234 3.057406 1.960242 -0.54533778
  [8,] 0.1555571 1.7225087 1.9390370 5.184807 3.753806 1.933484  0.44781509
  [9,] 0.1556568 1.0695473 1.1148041 4.968904 2.857952 2.168169 -0.45530356
 [10,] 0.2207722 0.9541179 1.1354658 5.064861 2.957197 2.026027 -0.50606590
 [11,] 0.1809170 2.2409002 2.8479480 6.557292 3.806697 3.049886 -0.31274928
 [12,] 0.1957657 1.4701297 1.7660180 5.173230 3.079764 2.121104  0.17821050
 [13,] 0.2093173 1.1876239 2.2839833 4.890907 2.959411 1.414961 -0.75563332
 [14,] 0.2069410 1.0733188 1.3942378 5.045402 2.930846 1.979620 -0.62894585
 [15,] 0.2065730 1.0910367 1.4158255 4.973660 2.771458 1.936660 -0.41082358
 [16,] 0.2395066 1.2902922 1.4062094 5.475930 3.033061 1.739447 -0.31527132
 [17,] 0.1764897 1.6198808 0.9087319 5.093643 3.474428 2.450631 -0.86654114
 [18,] 0.1749225 1.3669517 1.1382664 5.024614 3.097547 1.973106 -0.27342352
 [19,] 0.1637887 1.7344426 2.3451760 5.231534 3.191972 2.880272  0.25424339
 [20,] 0.1951544 1.1651256 1.9262525 4.792960 2.834805 2.084168 -0.40548465
 [21,] 0.2311723 0.8647237 1.2924883 4.861926 2.933502 2.021881 -0.51702379
 [22,] 0.1583929 1.1315490 1.4059316 4.845568 3.081050 1.868304  0.01550071
 [23,] 0.2083242 1.3066800 2.1770413 5.248235 2.920689 2.032284 -0.54222822
 [24,] 0.1854835 1.1576479 1.8941843 4.762394 2.833829 2.298703 -0.26389196
 [25,] 0.1768164 0.9895491 1.3881406 4.982562 2.949317 2.188228 -0.21953496
 [26,] 0.2143890 2.0191961 0.8996982 5.224470 3.780637 1.789755 -0.96420173
 [27,] 0.1897309 1.3274369 1.3056878 5.149784 3.191173 2.107081 -0.57903518
 [28,] 0.2240043 1.2475275 1.6560077 5.080104 2.909390 1.887836 -0.31958731
 [29,] 0.1805257 1.3594807 2.2134163 5.037761 2.643132 2.237711 -0.67150516
 [30,] 0.1796266 3.2741800 2.6924980 6.871858 3.741577 3.306346 -0.06989345
 [31,] 0.1907043 1.0582356 1.5323115 4.972290 2.852280 2.311085 -0.32135419
 [32,] 0.2064683 1.1385372 1.3112359 4.907157 3.239822 1.882425 -0.48055307
 [33,] 0.2222524 1.0046402 1.2464192 5.176045 3.002279 1.896673 -0.40916911
 [34,] 0.1709150 1.1061623 0.8893844 4.794353 2.963984 1.391734 -0.64680859
 [35,] 0.1830602 1.2711624 1.4764606 5.231131 3.259471 1.825075 -0.43075496
 [36,] 0.2216087 0.9745507 1.4616570 4.834196 2.951462 2.072477 -0.54806624
 [37,] 0.1942459 1.2221495 1.2676660 4.937531 3.327614 2.115656 -0.22860102
 [38,] 0.2358361 0.9123385 1.7250426 4.976563 3.039606 2.062323 -0.69318774
 [39,] 0.2157831 1.0638427 1.5695267 4.925038 3.082677 2.131221 -0.46025695
 [40,] 0.2011954 0.9663140 1.5257540 5.096477 2.952092 1.888164 -0.68884652
 [41,] 0.2567985 3.4356617 2.9875894 7.840240 5.043390 3.111784 -1.14984556
 [42,] 0.2206387 1.0550484 1.8522532 5.256380 2.920554 2.094780 -0.43134394
 [43,] 0.1909636 1.0294763 1.3231321 5.026873 2.858615 1.852298 -0.56121267
 [44,] 0.2323224 1.1046900 1.6785734 4.987453 2.825662 2.084130 -0.40917182
 [45,] 0.1651124 1.1013568 1.2193167 4.648425 2.914522 1.842461 -0.40202021
 [46,] 0.1965187 1.2183913 1.3926559 5.134023 3.059269 1.872279 -0.18421318
 [47,] 0.2044238 1.1419193 1.5632132 4.810858 3.124577 1.873719 -0.63159314
 [48,] 0.2238518 1.0885399 1.5149585 5.178629 3.017234 2.192559 -0.44551989
 [49,] 0.1930221 1.0336142 1.0065388 4.899752 3.084046 1.882106 -0.52360471
 [50,] 0.2079802 1.3141363 1.3509862 4.943793 3.085883 2.089073 -0.52112892
 [51,] 0.1971818 1.4665165 1.1710338 5.047306 3.301030 1.784986 -0.39271754
 [52,] 0.2298804 1.1412436 0.9602295 5.121370 2.911575 2.076512 -0.65172742
 [53,] 0.1959107 1.1043236 1.6508508 4.979961 2.850146 1.939193 -0.78906764
 [54,] 0.1845940 1.6750246 2.0006309 5.709007 3.376504 1.477491 -0.58895739
 [55,] 0.2041708 4.2498568 2.9621710 7.007457 4.745925 1.736506 -0.39851008
 [56,] 0.2057359 1.1064709 1.3264590 4.884907 2.952109 1.872531 -0.47011798
 [57,] 0.1424243 1.6376665 1.6983492 5.533520 3.185947 1.783815 -0.15460021
 [58,] 0.1790583 1.5958256 1.0468229 5.037068 3.309148 2.898256 -1.06742562
 [59,] 0.1862449 1.1152811 0.7733600 5.044823 3.113606 1.958999 -0.04846262
 [60,] 0.1932139 0.9768247 1.5680858 5.077191 2.747045 1.958006 -0.36967218
 [61,] 0.1940606 1.2309504 1.1000951 4.725736 3.145161 1.898900 -0.73578730
 [62,] 0.2012155 0.9967767 1.5771139 4.933789 3.048108 1.924711 -0.57733974
 [63,] 0.1962293 1.1919330 1.5637610 5.228331 3.014945 1.930205 -0.52558202
 [64,] 0.2607490 1.1604486 1.1336453 4.897538 3.197315 1.773921 -0.37549996
 [65,] 0.1761052 1.7225235 3.4580469 5.176179 2.208282 1.494079 -0.61305383
 [66,] 0.1907033 1.0641272 1.3474920 4.846373 2.982915 2.147493 -0.41015462
 [67,] 0.2434544 1.1627798 1.6044385 5.014495 3.229057 1.954898 -0.67062826
 [68,] 0.1983915 0.9175101 1.6372308 5.050655 2.866546 2.127676 -0.59955578
 [69,] 0.1987357 5.4133164 3.3805998 8.982921 4.127958 3.924568 -1.81573062
 [70,] 0.1637096 1.5219837 1.8654787 4.563037 2.739135 1.920712 -0.55931231
 [71,] 0.1825817 1.0925641 1.0762596 4.951595 2.982642 2.217475 -0.36907299
 [72,] 0.1620644 1.3359680 1.1551015 5.029963 3.083954 1.978051 -0.52489376
 [73,] 0.2037766 1.2120276 1.1611054 5.164400 2.970523 1.829462 -0.84518780
 [74,] 0.2023825 1.1236801 1.1398346 4.854255 3.166594 2.398870 -0.40758398
 [75,] 0.2023382 1.0366293 0.9813854 5.008493 2.827647 1.936254 -0.48315829
 [76,] 0.1704086 2.5652417 1.7865220 6.552269 2.345665 3.145945 -1.12218946
 [77,] 0.2169070 1.1489850 1.3666673 5.018204 3.096004 1.771654 -0.45262519
 [78,] 0.1801130 0.9650562 1.8412914 4.956369 2.937278 1.888344 -0.59362219
 [79,] 0.2167027 1.1889399 1.5724027 4.943707 3.050226 2.130117 -0.33270810
 [80,] 0.1634076 1.0893904 1.6783886 4.910282 3.061222 2.085848 -0.32266993
 [81,] 0.2497164 0.9569574 1.6483586 5.054303 3.042842 2.056725 -0.56835384
 [82,] 0.2015136 0.9828777 1.3743892 5.038781 2.969489 1.963753 -0.46754271
 [83,] 0.1731346 1.2092161 1.6022922 4.837271 3.086728 1.894664 -0.37383138
 [84,] 0.1880486 1.2429221 1.6587118 4.981336 3.129438 1.976126 -0.21462702
 [85,] 0.1953316 1.0872416 2.0722888 4.895907 3.203911 1.986317 -0.40604293
 [86,] 0.1975940 1.0248728 1.7207532 5.145091 2.942078 2.023325 -0.50187387
 [87,] 0.1707963 1.0838275 1.5426719 5.024835 2.962242 1.918227 -0.51116306
 [88,] 0.1887782 1.0443043 1.4333121 5.048625 3.074349 2.301966 -0.73146650
 [89,] 0.1864515 1.0609745 1.1295423 4.812779 2.912414 2.218161 -0.71986737
 [90,] 0.2353134 1.3230549 1.7806865 4.975702 2.945187 2.240304 -0.32535926
 [91,] 0.2096093 1.1054930 1.6650727 5.037875 3.078653 1.957456 -0.52266548
 [92,] 0.1599648 0.9464358 1.0928244 4.949772 2.766627 2.008227 -0.62016761
 [93,] 0.1827500 1.1085903 1.8172839 4.724983 3.341254 2.130193 -0.30868052
 [94,] 0.1551014 0.8651348 1.4364109 4.958307 2.841302 1.978662 -0.55985252
 [95,] 0.1936520 0.9990624 1.1325744 5.071194 3.069413 2.023747 -0.52320611
 [96,] 0.2237888 1.4254378 2.1076099 5.497888 3.270562 1.640888 -0.72128772
 [97,] 0.2304128 1.0828208 1.2595205 5.011900 3.060122 2.064005 -0.53098095
 [98,] 0.1630693 1.0637831 1.8125999 4.949131 3.006481 1.852130 -0.48231710
 [99,] 0.2175269 1.0289924 1.3254259 5.003379 2.874241 1.838572 -0.55280408
[100,] 0.1961910 1.5471815 1.4811104 4.778962 3.535779 2.165247 -0.93505931
[1]  0.1976063  1.3339866  1.5664952  5.1546053  3.1086726  2.0486383 -0.4979355
