[1] 1
         [,1]
[1,] 16.26336
[1] 2
         [,1]
[1,] 31.41166
[1] 3
        [,1]
[1,] 14.7624
[1] 4
         [,1]
[1,] 22.74748
[1] 5
         [,1]
[1,] 25.53068
[1] 6
        [,1]
[1,] 23.8248
[1] 7
         [,1]
[1,] 21.66334
[1] 8
         [,1]
[1,] 18.21199
[1] 9
         [,1]
[1,] 20.10129
[1] 10
         [,1]
[1,] 20.51353
[1] 11
         [,1]
[1,] 17.76238
[1] 12
         [,1]
[1,] 16.54846
[1] 13
         [,1]
[1,] 19.65621
[1] 14
         [,1]
[1,] 24.29661
[1] 15
         [,1]
[1,] 17.88354
[1] 16
         [,1]
[1,] 19.59894
[1] 17
         [,1]
[1,] 23.47159
[1] 18
         [,1]
[1,] 24.17645
[1] 19
         [,1]
[1,] 21.04946
[1] 20
         [,1]
[1,] 15.70661
[1] 21
         [,1]
[1,] 21.57089
[1] 22
         [,1]
[1,] 23.21338
[1] 23
         [,1]
[1,] 20.56238
[1] 24
         [,1]
[1,] 32.33343
[1] 25
         [,1]
[1,] 21.60656
[1] 26
         [,1]
[1,] 27.88941
[1] 27
         [,1]
[1,] 22.58202
[1] 28
         [,1]
[1,] 24.41756
[1] 29
         [,1]
[1,] 30.75871
[1] 30
         [,1]
[1,] 23.36492
[1] 31
         [,1]
[1,] 22.26548
[1] 32
         [,1]
[1,] 15.19416
[1] 33
         [,1]
[1,] 20.65234
[1] 34
         [,1]
[1,] 22.34432
[1] 35
         [,1]
[1,] 20.41992
[1] 36
         [,1]
[1,] 15.58869
[1] 37
         [,1]
[1,] 19.17552
[1] 38
         [,1]
[1,] 19.80554
[1] 39
         [,1]
[1,] 19.69705
[1] 40
         [,1]
[1,] 25.31902
[1] 41
         [,1]
[1,] 24.81972
[1] 42
         [,1]
[1,] 23.22465
[1] 43
         [,1]
[1,] 24.69996
[1] 44
         [,1]
[1,] 16.78392
[1] 45
         [,1]
[1,] 29.60963
[1] 46
         [,1]
[1,] 31.01423
[1] 47
         [,1]
[1,] 22.23269
[1] 48
         [,1]
[1,] 15.79716
[1] 49
        [,1]
[1,] 19.5736
[1] 50
         [,1]
[1,] 20.96221
[1] 51
        [,1]
[1,] 22.2661
[1] 52
         [,1]
[1,] 19.74942
[1] 53
         [,1]
[1,] 21.42507
[1] 54
         [,1]
[1,] 22.79547
[1] 55
         [,1]
[1,] 18.16108
[1] 56
         [,1]
[1,] 15.43475
[1] 57
         [,1]
[1,] 43.20274
[1] 58
       [,1]
[1,] 26.342
[1] 59
         [,1]
[1,] 20.95036
[1] 60
         [,1]
[1,] 19.19113
[1] 61
         [,1]
[1,] 25.90156
[1] 62
        [,1]
[1,] 22.4444
[1] 63
         [,1]
[1,] 23.58675
[1] 64
         [,1]
[1,] 24.11769
[1] 65
         [,1]
[1,] 21.97462
[1] 66
         [,1]
[1,] 23.76192
[1] 67
         [,1]
[1,] 17.29844
[1] 68
         [,1]
[1,] 19.97974
[1] 69
         [,1]
[1,] 18.61561
[1] 70
         [,1]
[1,] 24.79681
[1] 71
        [,1]
[1,] 23.1001
[1] 72
         [,1]
[1,] 25.10843
[1] 73
         [,1]
[1,] 23.47507
[1] 74
         [,1]
[1,] 25.80116
[1] 75
         [,1]
[1,] 22.35041
[1] 76
         [,1]
[1,] 23.28715
[1] 77
         [,1]
[1,] 13.49822
[1] 78
         [,1]
[1,] 23.41775
[1] 79
         [,1]
[1,] 20.88374
[1] 80
         [,1]
[1,] 20.98421
[1] 81
         [,1]
[1,] 20.93384
[1] 82
         [,1]
[1,] 19.65859
[1] 83
         [,1]
[1,] 27.63717
[1] 84
         [,1]
[1,] 28.33635
[1] 85
         [,1]
[1,] 17.74237
[1] 86
         [,1]
[1,] 15.85978
[1] 87
         [,1]
[1,] 24.62428
[1] 88
         [,1]
[1,] 27.45478
[1] 89
         [,1]
[1,] 24.67324
[1] 90
         [,1]
[1,] 20.17609
[1] 91
         [,1]
[1,] 19.86935
[1] 92
         [,1]
[1,] 22.36341
[1] 93
         [,1]
[1,] 31.70369
[1] 94
         [,1]
[1,] 18.54029
[1] 95
         [,1]
[1,] 28.17469
[1] 96
         [,1]
[1,] 24.97476
[1] 97
         [,1]
[1,] 28.09682
[1] 98
         [,1]
[1,] 20.94113
[1] 99
         [,1]
[1,] 25.83606
[1] 100
         [,1]
[1,] 19.68614
            [,1]      [,2]      [,3]     [,4]     [,5]      [,6]        [,7]
  [1,] 0.2928183 1.0880966 1.1626928 5.162555 2.926602 2.1066286 -0.45565215
  [2,] 0.2626355 1.1521184 1.6802768 4.971980 3.144322 1.8920139 -0.55513853
  [3,] 0.3688407 1.0212003 1.3846081 4.967324 3.029974 1.9469411 -0.57485461
  [4,] 0.2916706 1.1977937 1.5007915 4.957911 2.904770 2.1152022 -0.68763924
  [5,] 0.2844477 1.1128144 1.8492405 4.756310 2.987605 1.8707848 -0.79129222
  [6,] 0.2721968 1.0686785 1.6442916 4.896561 3.015294 1.9725202 -0.40066936
  [7,] 0.3353379 1.0205299 1.5984137 4.972849 3.036112 1.9726087 -0.58999039
  [8,] 0.2271743 1.1302574 1.4735775 4.914979 2.790533 2.3334804 -0.57862039
  [9,] 0.3415038 0.9803679 1.6218592 5.044875 2.893772 1.9438746 -0.56279004
 [10,] 0.3310108 0.9540685 1.0787578 5.065984 2.987140 1.9623338 -0.47853888
 [11,] 0.2667985 0.9236452 1.5144627 4.875460 2.891387 2.0201746 -0.41316548
 [12,] 0.4115128 0.9814034 1.3831029 4.992102 2.961080 1.8624952 -0.54253972
 [13,] 0.3294930 1.0490085 1.4671355 4.896422 2.998187 2.1102459 -0.46973908
 [14,] 0.2469645 1.6508060 1.5818338 3.869063 3.243014 1.8664886 -0.49723456
 [15,] 0.3413745 0.9927986 1.4683808 4.964463 3.075295 2.0732342 -0.31142346
 [16,] 0.3491141 1.0674973 1.6280186 4.903483 2.936748 1.9043618 -0.55302761
 [17,] 0.2628550 0.9937990 1.6668495 5.001087 3.071901 2.0082359 -0.43235470
 [18,] 0.2489770 1.3987645 0.9439130 5.118304 3.124595 2.0080235 -0.23850319
 [19,] 0.2844933 1.0418996 1.3610817 4.956965 2.988127 2.0912755 -0.48954435
 [20,] 0.2892148 1.2995922 1.9528171 5.029795 3.016550 1.7106182 -0.48887114
 [21,] 0.2927596 0.8391745 1.4537501 4.880640 2.858685 2.0234248 -0.58505374
 [22,] 0.2399414 1.1770448 2.0606538 4.993667 2.914112 1.9901408 -0.43556467
 [23,] 0.3520281 1.0898521 1.7398561 5.017154 3.032571 2.0427829 -0.53446800
 [24,] 0.1471099 0.5325022 0.8137095 2.526437 1.459002 1.0731301 -0.20183001
 [25,] 0.2813883 0.9323700 1.4379019 4.911003 3.052884 1.9925186 -0.44372502
 [26,] 0.2772864 1.1639666 2.0810050 4.709020 3.039836 2.1096591 -0.65213347
 [27,] 0.2764342 1.0799466 1.5258238 4.946141 3.174666 1.9558259 -0.62879980
 [28,] 0.2987776 1.1657026 1.6190673 5.036473 2.873935 1.9861552 -0.36525856
 [29,] 0.2812954 1.0400594 1.4102926 4.965721 2.946714 1.9221737 -0.63245311
 [30,] 0.2634392 1.2815577 2.0562695 5.194423 2.369701 2.0645041 -0.72531563
 [31,] 0.2648096 1.0995512 1.4646124 5.023546 2.773155 2.2571587 -0.50028844
 [32,] 0.2963686 1.2305213 1.5671950 4.895917 3.200731 1.8181113 -0.42087336
 [33,] 0.2530258 0.9798748 1.3726356 4.927608 2.931257 2.1387121 -0.46156082
 [34,] 0.3347466 0.8198941 1.2543053 5.132562 2.942719 2.0648373 -0.45256084
 [35,] 0.2296079 1.2673066 1.4689499 4.909869 2.977428 1.7381073 -0.59631459
 [36,] 0.3516451 0.9910005 1.3156247 4.902630 3.061724 1.9414921 -0.56951988
 [37,] 0.2675822 1.0098697 1.3741989 4.921503 2.967157 2.0324817 -0.49278419
 [38,] 0.3235156 1.0584341 1.6392352 5.119533 2.854335 2.0384615 -0.50845538
 [39,] 0.3212176 1.0109402 1.6617231 4.959425 3.185309 2.1389492 -0.55138859
 [40,] 0.2983051 0.8772970 1.5077321 5.022968 2.991474 2.0165928 -0.75593304
 [41,] 0.2666357 1.1411636 2.1594322 4.783959 2.908619 2.0484456 -0.48973722
 [42,] 0.2197214 1.4028318 2.4115131 4.464348 2.396997 2.2282659  0.33842076
 [43,] 0.1950964 1.5966025 2.3538099 4.689038 2.427689 1.8493174 -1.06701195
 [44,] 0.3294030 1.0231314 1.7014355 4.946344 2.829520 1.9993110 -0.40577057
 [45,] 0.1519776 0.5290032 0.6574342 2.543097 1.592044 1.0140985 -0.20073329
 [46,] 0.1534115 0.6831541 0.9998749 2.569039 1.525032 0.9797478 -0.40422132
 [47,] 0.2642840 1.1162240 1.1299186 4.917201 3.049450 1.9262344 -0.40519112
 [48,] 0.2975931 1.1563023 1.5941757 5.073670 3.063812 2.0514513 -0.40855986
 [49,] 0.2988724 1.0527949 1.2903763 4.900955 2.978160 1.9622157 -0.65612405
 [50,] 0.2890018 1.3017327 1.3093061 4.989331 3.024153 2.0997010 -0.42863441
 [51,] 0.2704059 1.2046228 1.4296177 4.950870 3.041756 1.9593780 -0.32157710
 [52,] 0.3846105 1.2723478 1.2352459 4.979288 3.139490 1.9285092 -0.49330255
 [53,] 0.2631557 1.0357850 1.5667101 4.971614 2.825431 1.9311901 -0.47025490
 [54,] 0.2279642 1.0238486 1.3431347 4.963244 3.034724 1.9157772 -0.48483949
 [55,] 0.3501013 1.0034727 1.2932953 5.013963 3.015967 1.9624842 -0.61914257
 [56,] 0.2799361 1.0876132 1.3289155 4.906725 2.862904 1.8799849 -0.41319434
 [57,] 0.2137518 1.2410870 1.7866412 4.571182 2.683394 1.5304656 -0.40981902
 [58,] 0.2406818 1.2107470 1.5331117 5.070266 2.964410 1.9491107 -0.44015395
 [59,] 0.2361588 1.1560234 1.6578430 4.782162 2.911795 2.2320422 -0.02569567
 [60,] 0.2640662 1.1299983 1.7247721 5.114061 2.816889 2.0479501 -0.49594444
 [61,] 0.3361553 1.0802370 1.5464014 5.084472 3.070249 1.9197545 -0.50858879
 [62,] 0.2696512 0.9156734 1.6195116 5.026240 3.089277 1.9927653 -0.51110791
 [63,] 0.2907780 1.1054583 1.9058030 5.062906 2.958001 1.8453196 -0.52476285
 [64,] 0.3101345 1.2090190 1.2141913 4.995174 3.062988 1.8381033 -0.43467781
 [65,] 0.3783963 0.9832465 1.3731607 5.042246 3.119462 2.1166155 -0.39710915
 [66,] 0.3054386 1.0168562 1.1123998 4.965719 3.037881 2.0182678 -0.49418051
 [67,] 0.3086258 1.0800054 1.6599434 5.047803 2.963985 2.0078941 -0.69406170
 [68,] 0.2932847 1.0768527 1.7697999 4.838282 3.082133 1.8426141 -0.15612921
 [69,] 0.2659143 1.2512433 1.6179070 5.057511 2.937589 1.9414968 -0.47181462
 [70,] 0.1924585 1.8040365 2.6371999 3.599033 2.304565 1.8712116 -0.71933199
 [71,] 0.2490505 1.1145935 1.4318248 5.040384 2.879639 2.0821713 -0.23363205
 [72,] 0.2547037 0.9431765 1.5726579 4.958094 2.873999 1.8892835 -0.57028520
 [73,] 0.2824977 1.2317766 1.7356226 4.781312 3.028577 2.1132802 -0.51666245
 [74,] 0.3205329 0.9980993 1.4272871 4.946206 3.115634 1.9835818 -0.51920641
 [75,] 0.3036255 1.0068476 1.3350656 5.052595 2.983731 2.1698768 -0.50126537
 [76,] 0.2740630 1.3164753 1.6054246 4.818648 2.893036 2.4515278 -0.47287959
 [77,] 0.2982355 0.9227009 1.6209221 4.907878 2.927455 2.1232563 -0.68348108
 [78,] 0.3155084 1.1415479 1.5311034 4.920715 3.015650 2.0585884 -0.54555417
 [79,] 0.2591909 1.0818032 2.0353226 5.010221 2.927560 2.0022820 -0.34009437
 [80,] 0.2364996 1.1618908 1.6006770 5.024364 3.136973 1.9713177 -0.18446620
 [81,] 0.4157370 1.0140968 1.7337528 5.008878 3.057503 2.2224954 -0.52200071
 [82,] 0.3430429 0.9286959 1.2253190 4.909912 3.027655 2.1118965 -0.35021958
 [83,] 0.2420237 1.2310983 1.6554227 4.882046 3.058137 1.6169593 -0.38526536
 [84,] 0.3194435 1.1427270 1.5103188 4.968563 3.040306 2.0499358 -0.33124340
 [85,] 0.2896251 1.0906490 1.8871916 4.891473 3.103045 2.0969055 -0.22099168
 [86,] 0.2883590 1.0209593 1.6741703 5.057624 2.903453 2.0431288 -0.54620510
 [87,] 0.2192057 1.1409316 1.4193418 5.106902 3.012666 1.9483376 -0.39955254
 [88,] 0.2368641 1.2858973 1.2181888 4.588411 3.025072 1.7001265 -0.85954713
 [89,] 0.2843155 1.0939284 1.4269163 4.994804 2.924559 2.0710405 -0.49520138
 [90,] 0.3255372 1.0891672 1.7337684 5.009897 2.854088 1.8279014 -0.58228456
 [91,] 0.3062938 1.0408596 1.7836612 5.122917 3.079900 1.9163060 -0.56222061
 [92,] 0.2821855 0.9404366 1.1984595 5.024129 3.055449 1.9421731 -0.42218221
 [93,] 0.2387740 1.0211785 1.8264389 5.111648 2.834237 2.0411081 -0.71201757
 [94,] 0.2430659 1.0458878 1.3989971 5.004376 2.868244 2.0155872 -0.54688170
 [95,] 0.1447360 1.6967727 2.0198378 4.208623 1.491036 1.6435562 -0.26826601
 [96,] 0.3414509 1.2281477 1.7736397 4.973569 3.067707 2.0778411 -0.43566809
 [97,] 0.3512740 1.0492471 1.3260008 4.877542 2.983250 2.0716902 -0.56082519
 [98,] 0.2511475 1.1127092 1.8392487 4.953643 3.043590 1.8665088 -0.46834485
 [99,] 0.3316800 1.0887000 1.4037449 5.074282 3.037184 1.9448149 -0.71693630
[100,] 0.3141958 1.1263003 1.4359953 4.996408 2.992954 1.9793243 -0.55626899
[1]  0.2840025  1.0997042  1.5513585  4.8546052  2.9059106  1.9603929 -0.4834877
