[1] 1
         [,1]
[1,] 6.308592
[1] 2
         [,1]
[1,] 11.27318
[1] 3
         [,1]
[1,] 4.724475
[1] 4
         [,1]
[1,] 8.752182
[1] 5
         [,1]
[1,] 7.697795
[1] 6
        [,1]
[1,] 9.24842
[1] 7
         [,1]
[1,] 7.238861
[1] 8
         [,1]
[1,] 6.478041
[1] 9
         [,1]
[1,] 7.253739
[1] 10
         [,1]
[1,] 5.231796
[1] 11
         [,1]
[1,] 7.435955
[1] 12
         [,1]
[1,] 5.767246
[1] 13
         [,1]
[1,] 7.158887
[1] 14
         [,1]
[1,] 8.819843
[1] 15
         [,1]
[1,] 6.602446
[1] 16
         [,1]
[1,] 8.113733
[1] 17
         [,1]
[1,] 6.532798
[1] 18
        [,1]
[1,] 10.3117
[1] 19
         [,1]
[1,] 8.262287
[1] 20
         [,1]
[1,] 6.901799
[1] 21
         [,1]
[1,] 7.186224
[1] 22
         [,1]
[1,] 7.373814
[1] 23
         [,1]
[1,] 7.526318
[1] 24
         [,1]
[1,] 10.55015
[1] 25
         [,1]
[1,] 6.515373
[1] 26
         [,1]
[1,] 9.399285
[1] 27
         [,1]
[1,] 7.900642
[1] 28
         [,1]
[1,] 9.359606
[1] 29
         [,1]
[1,] 8.539941
[1] 30
         [,1]
[1,] 8.093581
[1] 31
         [,1]
[1,] 6.881133
[1] 32
         [,1]
[1,] 6.093775
[1] 33
         [,1]
[1,] 6.473716
[1] 34
         [,1]
[1,] 6.291621
[1] 35
         [,1]
[1,] 9.023264
[1] 36
         [,1]
[1,] 4.343656
[1] 37
         [,1]
[1,] 7.315372
[1] 38
         [,1]
[1,] 6.138676
[1] 39
        [,1]
[1,] 6.78778
[1] 40
        [,1]
[1,] 7.86197
[1] 41
         [,1]
[1,] 7.821543
[1] 42
         [,1]
[1,] 6.593922
[1] 43
         [,1]
[1,] 8.704685
[1] 44
         [,1]
[1,] 5.215707
[1] 45
         [,1]
[1,] 9.174232
[1] 46
        [,1]
[1,] 10.4967
[1] 47
         [,1]
[1,] 8.052521
[1] 48
        [,1]
[1,] 5.78089
[1] 49
         [,1]
[1,] 7.043996
[1] 50
         [,1]
[1,] 6.370686
[1] 51
         [,1]
[1,] 6.960715
[1] 52
         [,1]
[1,] 7.392151
[1] 53
         [,1]
[1,] 7.676916
[1] 54
         [,1]
[1,] 6.983349
[1] 55
         [,1]
[1,] 6.636469
[1] 56
         [,1]
[1,] 5.617381
[1] 57
         [,1]
[1,] 17.27909
[1] 58
         [,1]
[1,] 9.174023
[1] 59
         [,1]
[1,] 8.222008
[1] 60
         [,1]
[1,] 6.691347
[1] 61
         [,1]
[1,] 8.987282
[1] 62
         [,1]
[1,] 7.791856
[1] 63
         [,1]
[1,] 7.798879
[1] 64
         [,1]
[1,] 9.694561
[1] 65
         [,1]
[1,] 7.440445
[1] 66
         [,1]
[1,] 7.903989
[1] 67
         [,1]
[1,] 5.214037
[1] 68
         [,1]
[1,] 7.009933
[1] 69
         [,1]
[1,] 7.214376
[1] 70
         [,1]
[1,] 7.735057
[1] 71
         [,1]
[1,] 8.018698
[1] 72
         [,1]
[1,] 11.27648
[1] 73
         [,1]
[1,] 8.567878
[1] 74
         [,1]
[1,] 9.178135
[1] 75
         [,1]
[1,] 6.275343
[1] 76
         [,1]
[1,] 7.360343
[1] 77
         [,1]
[1,] 4.987349
[1] 78
         [,1]
[1,] 8.785394
[1] 79
        [,1]
[1,] 7.53619
[1] 80
         [,1]
[1,] 6.382417
[1] 81
         [,1]
[1,] 8.496824
[1] 82
        [,1]
[1,] 6.14325
[1] 83
         [,1]
[1,] 9.660705
[1] 84
         [,1]
[1,] 12.12108
[1] 85
         [,1]
[1,] 6.355511
[1] 86
         [,1]
[1,] 4.762356
[1] 87
         [,1]
[1,] 9.823432
[1] 88
         [,1]
[1,] 8.284557
[1] 89
         [,1]
[1,] 9.409788
[1] 90
         [,1]
[1,] 6.159131
[1] 91
         [,1]
[1,] 7.053565
[1] 92
         [,1]
[1,] 7.932422
[1] 93
        [,1]
[1,] 11.0619
[1] 94
         [,1]
[1,] 7.564715
[1] 95
         [,1]
[1,] 8.980795
[1] 96
         [,1]
[1,] 8.524615
[1] 97
         [,1]
[1,] 9.547301
[1] 98
         [,1]
[1,] 6.094483
[1] 99
         [,1]
[1,] 9.138007
[1] 100
         [,1]
[1,] 5.913103
            [,1]      [,2]      [,3]     [,4]     [,5]      [,6]       [,7]
  [1,] 0.4422322 0.9641675 1.1871446 5.147433 2.926273 2.1119647 -0.4381743
  [2,] 0.4435585 1.0286770 1.4318351 4.957722 3.088669 1.9285624 -0.5520553
  [3,] 0.5884835 0.9488254 1.1811910 4.877243 3.129244 2.0135998 -0.4992316
  [4,] 0.4417251 1.0643138 1.3732488 5.044715 2.998910 2.1741946 -0.4082108
  [5,] 0.5108766 0.9566343 1.6120842 4.957699 3.032710 2.0351606 -0.4489046
  [6,] 0.4317864 1.0016003 1.6465299 4.934397 3.071003 1.9917252 -0.4623661
  [7,] 0.5442136 0.9710217 1.5639904 5.014759 3.022600 1.9713266 -0.5648865
  [8,] 0.4507577 1.0068556 1.5013726 4.986675 3.028254 1.9140940 -0.6757945
  [9,] 0.5573212 0.7955085 1.4882046 5.007937 2.987102 1.9243146 -0.5404711
 [10,] 0.5719782 0.8799040 1.2012213 5.069584 2.939301 1.9731975 -0.5117916
 [11,] 0.4084155 0.9034113 1.6218961 4.817044 2.808607 2.0035063 -0.4756153
 [12,] 0.7131477 0.9363057 1.4556073 4.994922 3.002775 1.8727531 -0.4928577
 [13,] 0.5808459 0.9556078 1.4047552 4.934962 2.925026 2.0657905 -0.4834301
 [14,] 0.4223518 1.0164539 1.4512927 4.903181 2.933568 2.0509715 -0.4708162
 [15,] 0.5972697 0.9255798 1.7801434 4.909368 3.068679 2.1476160 -0.4466195
 [16,] 0.6231951 1.0434975 1.7454725 4.991520 3.003029 1.9426646 -0.4960286
 [17,] 0.5312063 0.8890972 1.5255710 5.025556 3.016456 1.9534902 -0.5106608
 [18,] 0.3940225 1.2157725 1.0313371 4.934786 3.026092 1.9020515 -0.2865871
 [19,] 0.4254462 1.0161188 1.3739429 4.976167 2.989885 2.0811689 -0.5150692
 [20,] 0.4222612 1.2647260 1.8380239 4.938232 3.006376 1.7119996 -0.5089053
 [21,] 0.4478503 0.8280680 1.4662225 4.851823 2.856986 2.0403893 -0.5922697
 [22,] 0.3778313 1.0885933 1.8849674 4.953665 3.208473 1.9890358 -0.4947129
 [23,] 0.5566944 1.0539081 1.6946411 4.992621 2.996852 2.0013238 -0.5477458
 [24,] 0.4349742 0.9971918 1.6281944 5.100050 2.858379 2.1316975 -0.5053078
 [25,] 0.4944485 0.9415640 1.4069343 4.925979 3.047200 2.0257194 -0.3920771
 [26,] 0.5929599 1.0448718 1.3975785 4.920626 3.055229 2.0716835 -0.5543042
 [27,] 0.4376431 1.0232840 1.4480439 5.011219 3.010792 2.0045841 -0.5427331
 [28,] 0.3595954 1.2954627 1.5021813 5.091933 2.775982 1.6794123 -0.2765698
 [29,] 0.4498849 1.0633602 1.3768158 5.021336 2.988372 1.9568190 -0.6451542
 [30,] 0.4471358 0.9853836 1.5259033 4.980636 2.848446 1.9908738 -0.4879278
 [31,] 0.4757091 0.9935892 1.3761960 4.798980 2.962751 2.2590846 -0.5677187
 [32,] 0.4613659 1.1036561 1.6624477 4.991958 3.038779 1.8355327 -0.5954747
 [33,] 0.3920544 0.9780827 1.5106898 4.988021 2.998980 2.0540431 -0.3790936
 [34,] 0.3937650 0.8533761 1.4368885 5.031322 3.021598 1.9357785 -0.5814455
 [35,] 0.3395603 1.1619122 1.5113978 4.930481 2.992902 1.7321526 -0.6020805
 [36,] 0.5493073 0.9298858 1.2286936 4.942486 3.082946 1.8977060 -0.5679616
 [37,] 0.4484783 0.9466317 1.3884733 4.973108 2.925923 2.0422176 -0.5043107
 [38,] 0.4637701 0.9606639 1.6138293 5.119096 2.804326 2.0040131 -0.5212175
 [39,] 0.5226077 0.9416509 1.3735010 5.003530 3.105979 2.0339041 -0.5694918
 [40,] 0.4528229 0.9559569 1.7165734 5.015748 3.030649 1.9752676 -0.7082976
 [41,] 0.4768527 1.0879918 1.8696254 4.933714 2.963417 1.9513170 -0.4966356
 [42,] 0.6764215 0.9584230 1.5639385 4.924199 3.083276 1.9487174 -0.4716484
 [43,] 0.3470671 1.0268474 1.2698327 5.102796 2.894701 1.9664741 -0.5092889
 [44,] 0.4533966 0.9150971 1.7116261 4.960317 2.824984 2.0202101 -0.4016086
 [45,] 0.3143830 1.0946527 1.3429432 4.896735 3.181887 2.0536435 -0.3565823
 [46,] 0.3950223 1.2208598 1.7970301 4.964515 3.016429 1.8734901 -0.6755976
 [47,] 0.5202281 0.9687510 1.4054968 4.995247 2.958785 1.9494154 -0.3859746
 [48,] 0.4100084 1.0815830 1.5189204 4.989599 3.036175 2.0344984 -0.4269890
 [49,] 0.4445460 0.9592967 1.1484308 4.954416 3.097911 1.9272361 -0.4581189
 [50,] 0.4109670 1.1745604 1.2512797 5.003947 3.016626 2.1026793 -0.4321801
 [51,] 0.4297795 1.0612026 1.4133796 4.955493 3.037376 1.9342664 -0.3243300
 [52,] 0.6023450 1.1185197 1.4846064 4.870002 3.054906 1.9881667 -0.5635200
 [53,] 0.3970085 1.0062931 1.6607618 5.007367 2.858635 1.9638160 -0.5091918
 [54,] 0.4088041 1.0769644 1.1891479 4.986029 2.957848 2.0215340 -0.7034311
 [55,] 0.5916497 0.9614977 1.2829267 5.012343 3.089862 1.9361991 -0.6271177
 [56,] 0.4273381 0.9986754 1.3360238 4.854107 2.883147 1.8961197 -0.4858713
 [57,] 0.2357719 0.6198573 0.7821409 2.453664 1.497988 0.8328351 -0.1084955
 [58,] 0.3739959 1.1913413 1.6229924 4.897546 2.894438 1.9064208 -0.3707295
 [59,] 0.4371026 1.1277575 1.7456843 4.962487 2.775171 2.1114948 -0.3458692
 [60,] 0.3901889 0.9361905 1.6242941 5.001749 2.838006 2.0133223 -0.4165949
 [61,] 0.5630413 0.9041564 1.6263120 5.044112 3.085794 1.9124143 -0.4720453
 [62,] 0.3850323 0.8245600 1.6033021 5.046970 3.099370 1.9370260 -0.5787665
 [63,] 0.4865662 1.0199673 1.8542757 5.049188 2.959600 1.8414482 -0.5491695
 [64,] 0.5492608 1.0658820 1.3443101 5.027314 3.046426 1.9044955 -0.4168130
 [65,] 0.6491229 0.9743419 1.4818040 5.024583 3.112122 2.0773706 -0.4826887
 [66,] 0.4326548 1.0309627 1.1729746 4.909604 3.006891 2.0395644 -0.3938589
 [67,] 0.4654381 0.9894971 1.6367680 5.067383 2.940542 2.0195510 -0.6869315
 [68,] 0.4806644 1.0282834 1.8494159 4.890631 3.131529 2.0155481 -0.6377827
 [69,] 0.4027123 1.1293051 1.5621400 5.046747 2.928131 1.9252413 -0.4703005
 [70,] 0.4445261 1.0040871 1.4801307 5.133654 2.986730 1.9560023 -0.3831128
 [71,] 0.3832934 1.0655551 1.3914604 5.026021 2.866169 2.0821775 -0.2385420
 [72,] 0.3935357 0.8631345 1.6435331 4.974245 2.892784 1.8294250 -0.6030640
 [73,] 0.4867723 1.0516109 1.1980460 5.079164 2.987698 1.9072498 -0.5281256
 [74,] 0.6831558 0.9781587 1.2919851 5.004947 2.978114 2.0140717 -0.4632814
 [75,] 0.4244947 1.0293417 1.2872874 5.006095 2.944100 2.1873593 -0.5540827
 [76,] 0.4389617 1.1336383 1.5690176 4.969536 3.062102 2.1843755 -0.6812361
 [77,] 0.4608969 0.9572258 1.9576523 4.837959 2.936638 1.9214630 -0.6570431
 [78,] 0.4765042 0.9635819 1.5478725 4.988342 2.993659 2.0546145 -0.5269905
 [79,] 0.5086040 1.0031380 1.6971874 5.038125 2.897344 1.8924434 -0.3816114
 [80,] 0.3555032 1.0315166 1.5529513 4.948728 3.102835 2.0079693 -0.2855671
 [81,] 0.6239299 0.9910807 1.4199017 5.052066 2.920504 2.0291829 -0.5720010
 [82,] 0.5444224 0.9844033 1.2480056 5.108342 2.929259 1.9550877 -0.5607542
 [83,] 0.3967715 1.1467427 1.8922972 4.976886 3.077663 1.8459462 -0.5583910
 [84,] 0.4094574 1.3050428 1.8365149 4.680277 3.132204 2.0231707 -0.2184541
 [85,] 0.5348926 0.9345658 1.6991815 4.841517 3.028589 1.9802278 -0.5079940
 [86,] 0.4506610 0.9180161 1.6630208 4.981747 2.892710 2.0653817 -0.5555264
 [87,] 0.3504350 1.0118139 1.3744128 5.046455 2.980728 1.9335424 -0.3822411
 [88,] 0.5107009 0.9718839 1.3371540 4.906868 3.084690 1.9741285 -0.4677904
 [89,] 0.4757217 0.9573978 1.4383865 5.006488 2.931273 2.0723817 -0.4946465
 [90,] 0.4992027 1.0110933 1.7707299 5.026408 2.900203 1.8630449 -0.5186920
 [91,] 0.4776450 0.9067030 1.7306765 5.088514 3.083028 1.9287955 -0.5556061
 [92,] 0.4449025 0.8574332 1.4661797 4.988678 3.137330 2.0728607 -0.4578342
 [93,] 0.4661653 0.9537640 1.6667825 5.041784 2.934721 2.0417308 -0.5867956
 [94,] 0.3888737 0.9046887 1.4377432 5.025030 2.879205 2.0290110 -0.5592426
 [95,] 0.4948526 0.9754433 1.2683240 5.035232 2.958978 1.8231308 -0.6610436
 [96,] 0.5821023 1.0305593 1.6871068 5.029213 3.081188 2.0800384 -0.4303747
 [97,] 0.6232611 0.9280493 1.2772082 4.942241 3.014264 1.9538117 -0.4331418
 [98,] 0.4245622 0.9421226 1.6027331 4.991157 3.040112 1.8849769 -0.5855533
 [99,] 0.4750401 0.9082709 1.7051007 5.024975 3.031349 1.9488952 -0.5944714
[100,] 0.4677758 1.0470036 1.4670197 4.987470 2.885179 2.0399304 -0.5019654
[1]  0.4705455  1.0025156  1.5032302  4.9568949  2.9745943  1.9711833 -0.4968768
