[1] 1
         [,1]
[1,] 12.77406
[1] 2
         [,1]
[1,] 22.56225
[1] 3
         [,1]
[1,] 10.79789
[1] 4
        [,1]
[1,] 16.8484
[1] 5
         [,1]
[1,] 18.93895
[1] 6
         [,1]
[1,] 19.19794
[1] 7
         [,1]
[1,] 16.52787
[1] 8
         [,1]
[1,] 12.79489
[1] 9
         [,1]
[1,] 13.87146
[1] 10
         [,1]
[1,] 14.96822
[1] 11
         [,1]
[1,] 14.34775
[1] 12
         [,1]
[1,] 11.80396
[1] 13
         [,1]
[1,] 14.09559
[1] 14
         [,1]
[1,] 18.04279
[1] 15
         [,1]
[1,] 13.00184
[1] 16
         [,1]
[1,] 13.55283
[1] 17
         [,1]
[1,] 16.09986
[1] 18
         [,1]
[1,] 19.82235
[1] 19
         [,1]
[1,] 17.09529
[1] 20
         [,1]
[1,] 10.90303
[1] 21
         [,1]
[1,] 19.96228
[1] 22
         [,1]
[1,] 16.24019
[1] 23
         [,1]
[1,] 15.74117
[1] 24
         [,1]
[1,] 24.90993
[1] 25
        [,1]
[1,] 14.3166
[1] 26
         [,1]
[1,] 20.74597
[1] 27
         [,1]
[1,] 16.55781
[1] 28
         [,1]
[1,] 18.22343
[1] 29
         [,1]
[1,] 21.71359
[1] 30
         [,1]
[1,] 17.51358
[1] 31
         [,1]
[1,] 16.18806
[1] 32
         [,1]
[1,] 11.51781
[1] 33
        [,1]
[1,] 14.9261
[1] 34
         [,1]
[1,] 13.86381
[1] 35
         [,1]
[1,] 15.48188
[1] 36
         [,1]
[1,] 11.80166
[1] 37
         [,1]
[1,] 15.18334
[1] 38
         [,1]
[1,] 14.17588
[1] 39
         [,1]
[1,] 14.54378
[1] 40
         [,1]
[1,] 18.10842
[1] 41
         [,1]
[1,] 18.29577
[1] 42
         [,1]
[1,] 15.64044
[1] 43
         [,1]
[1,] 18.41316
[1] 44
         [,1]
[1,] 13.19789
[1] 45
         [,1]
[1,] 21.65018
[1] 46
         [,1]
[1,] 22.63849
[1] 47
        [,1]
[1,] 16.0712
[1] 48
        [,1]
[1,] 10.9184
[1] 49
         [,1]
[1,] 14.29552
[1] 50
         [,1]
[1,] 15.10384
[1] 51
         [,1]
[1,] 16.69931
[1] 52
         [,1]
[1,] 14.81556
[1] 53
         [,1]
[1,] 14.94786
[1] 54
         [,1]
[1,] 16.53208
[1] 55
         [,1]
[1,] 14.35301
[1] 56
         [,1]
[1,] 10.89673
[1] 57
         [,1]
[1,] 32.60915
[1] 58
         [,1]
[1,] 20.01512
[1] 59
         [,1]
[1,] 14.56765
[1] 60
         [,1]
[1,] 14.51876
[1] 61
         [,1]
[1,] 17.40203
[1] 62
         [,1]
[1,] 16.74964
[1] 63
         [,1]
[1,] 16.93342
[1] 64
         [,1]
[1,] 18.73002
[1] 65
         [,1]
[1,] 16.05269
[1] 66
         [,1]
[1,] 17.01692
[1] 67
         [,1]
[1,] 12.06993
[1] 68
         [,1]
[1,] 14.80284
[1] 69
         [,1]
[1,] 13.36325
[1] 70
         [,1]
[1,] 18.74047
[1] 71
         [,1]
[1,] 17.12662
[1] 72
         [,1]
[1,] 19.77665
[1] 73
         [,1]
[1,] 17.87066
[1] 74
         [,1]
[1,] 18.35977
[1] 75
         [,1]
[1,] 15.48052
[1] 76
         [,1]
[1,] 15.69564
[1] 77
         [,1]
[1,] 9.914127
[1] 78
         [,1]
[1,] 17.58418
[1] 79
         [,1]
[1,] 15.51234
[1] 80
         [,1]
[1,] 14.14138
[1] 81
        [,1]
[1,] 16.1145
[1] 82
         [,1]
[1,] 14.45553
[1] 83
         [,1]
[1,] 19.99169
[1] 84
         [,1]
[1,] 20.53552
[1] 85
         [,1]
[1,] 12.53392
[1] 86
         [,1]
[1,] 11.23925
[1] 87
         [,1]
[1,] 17.82627
[1] 88
         [,1]
[1,] 18.34212
[1] 89
         [,1]
[1,] 17.70783
[1] 90
         [,1]
[1,] 14.04414
[1] 91
         [,1]
[1,] 15.29357
[1] 92
         [,1]
[1,] 16.70864
[1] 93
         [,1]
[1,] 23.70046
[1] 94
         [,1]
[1,] 14.17982
[1] 95
        [,1]
[1,] 21.4011
[1] 96
         [,1]
[1,] 16.82908
[1] 97
         [,1]
[1,] 20.53537
[1] 98
         [,1]
[1,] 14.09156
[1] 99
         [,1]
[1,] 19.30666
[1] 100
        [,1]
[1,] 13.7181
            [,1]      [,2]      [,3]     [,4]     [,5]      [,6]       [,7]
  [1,] 0.3348961 1.0540191 1.1531959 5.165023 2.924550 2.1247661 -0.4581444
  [2,] 0.3270410 1.1143732 1.7114334 4.936979 3.148375 1.9154786 -0.5336169
  [3,] 0.4386077 0.9759997 1.3823742 4.917124 3.072496 1.9043000 -0.5833696
  [4,] 0.3358261 1.1446621 1.4071264 5.030246 2.880892 2.1570461 -0.5956757
  [5,] 0.3201951 1.2588025 1.8520311 4.658772 3.020676 1.8255037 -0.9594499
  [6,] 0.3501264 1.0015224 1.5624338 4.960302 2.973892 1.9456881 -0.3964883
  [7,] 0.3818459 1.0367613 1.5585869 4.963160 3.037997 1.9652470 -0.5691178
  [8,] 0.2594393 1.0922402 1.8037008 4.757877 2.859415 2.2432034 -0.7207857
  [9,] 0.4187892 0.9284291 1.5319514 5.040724 2.988349 1.9339760 -0.5656461
 [10,] 0.4200162 0.9175477 1.1501269 5.095309 2.952990 2.0097385 -0.4712303
 [11,] 0.3385973 0.9028539 1.4314040 4.920682 2.924113 2.0364372 -0.3877387
 [12,] 0.4991670 0.9551505 1.4021854 4.978237 2.906946 1.8685373 -0.5252165
 [13,] 0.3586366 1.0841130 1.3427016 4.904183 3.012648 2.1740462 -0.4540335
 [14,] 0.3459803 1.0391282 1.5595985 4.902867 2.961156 2.0915247 -0.4633929
 [15,] 0.4289283 0.9993229 1.5193524 4.858020 3.046338 2.1572323 -0.3865940
 [16,] 0.4437003 1.0260752 1.6383008 4.930094 2.922991 1.9289688 -0.5232087
 [17,] 0.3515974 0.9941530 1.6331042 5.006423 2.996018 1.9542903 -0.4815102
 [18,] 0.2981084 1.4146843 1.0332968 4.922399 3.045379 1.9129578 -0.2746206
 [19,] 0.3324955 1.0531845 1.3460487 4.949946 2.988603 2.0814807 -0.4878236
 [20,] 0.3321065 1.2900218 1.8815021 4.982028 3.015421 1.7182829 -0.5107250
 [21,] 0.2230653 1.7343407 1.7692680 3.797206 2.330388 1.2425569 -0.5719747
 [22,] 0.2849749 1.0864493 1.8486205 4.994159 3.126088 1.9277575 -0.5969893
 [23,] 0.4106769 1.0504591 1.7384563 5.011919 3.027112 2.0144509 -0.5579126
 [24,] 0.1809407 0.5294111 0.7703553 2.562857 1.441689 1.0682604 -0.2112987
 [25,] 0.3949517 0.9688737 1.4925426 4.958149 3.046386 1.8803068 -0.3721096
 [26,] 0.4049062 1.1603098 1.7005936 4.940659 2.999376 2.0913494 -0.3266442
 [27,] 0.3027301 1.0909003 1.5903670 4.971231 3.153634 2.0447450 -0.7173421
 [28,] 0.2972323 1.2271412 1.6567809 5.171417 2.824927 1.7518110 -0.3519858
 [29,] 0.3321122 1.1007585 1.3275800 4.987160 2.946543 1.9514873 -0.6514578
 [30,] 0.3177932 1.1156136 1.5466684 4.976110 2.931951 1.9837244 -0.4646561
 [31,] 0.3569686 1.0102771 1.2940075 4.963263 2.895393 2.2090695 -0.5944413
 [32,] 0.3433325 1.2314639 1.5400035 4.912367 3.207284 1.8189186 -0.4314444
 [33,] 0.2861459 1.0103012 1.3629655 4.900453 2.923388 2.1431825 -0.4731071
 [34,] 0.3064291 0.9131101 1.4361822 4.976712 2.975676 1.9309622 -0.5624235
 [35,] 0.2689197 1.2071570 1.4915992 4.907985 2.972990 1.7335825 -0.6000501
 [36,] 0.4097163 0.9864700 1.2291210 4.929144 3.061744 1.9093977 -0.5784464
 [37,] 0.3367993 1.0409878 1.3051704 4.945727 2.896094 2.0278319 -0.4863665
 [38,] 0.3695002 1.0195144 1.6309117 5.127651 2.843930 2.0220331 -0.5235001
 [39,] 0.3548752 0.9902607 1.4365872 4.901431 3.166686 2.0471815 -0.5264523
 [40,] 0.3557069 0.9640417 1.4487142 5.051627 2.992371 2.0911409 -0.7487214
 [41,] 0.3337062 1.1018920 2.1264725 4.843247 2.924589 2.0669231 -0.5054859
 [42,] 0.2723109 1.5381589 2.6470136 4.880683 2.631252 2.4254900  0.3612723
 [43,] 0.2712402 1.0897113 1.5156471 5.097207 2.842271 1.9305118 -0.7334408
 [44,] 0.3837349 0.9841478 1.6776781 4.938789 2.814855 2.0010387 -0.3972702
 [45,] 0.1697720 0.4833227 0.6741500 2.460458 1.535150 0.9802934 -0.1948081
 [46,] 0.1892252 0.6662600 0.8999579 2.455551 1.550386 0.9357695 -0.3078054
 [47,] 0.3213150 1.0975444 1.1761869 4.931712 3.048332 1.9858965 -0.3746723
 [48,] 0.3609095 1.1541121 1.5508797 5.045766 2.998634 2.0817604 -0.4219512
 [49,] 0.3343977 1.0251146 0.9711708 4.919950 3.119488 1.8738095 -0.4972826
 [50,] 0.3450565 1.2375613 1.3428734 4.992945 3.032428 2.0970611 -0.4363096
 [51,] 0.3188701 1.1902124 1.4175824 4.959799 3.038861 1.9627287 -0.3136398
 [52,] 0.4931354 1.1781645 1.5068330 4.975851 2.951830 1.9798857 -0.4751851
 [53,] 0.3000373 1.0885384 1.5200049 4.939556 2.803175 1.9026840 -0.4158966
 [54,] 0.2536599 1.0706827 1.3438137 4.967690 3.149929 1.8675020 -0.4523412
 [55,] 0.4200692 1.0267574 1.4392882 5.004474 3.094667 1.8786231 -0.6048769
 [56,] 0.3395565 1.0316089 1.3713236 4.870385 2.889519 1.9047377 -0.5015642
 [57,] 0.2485926 1.2962764 1.5871129 4.830263 2.684201 1.6133599 -0.3380698
 [58,] 0.2673416 1.1952388 1.5557344 5.130655 2.959129 1.8964399 -0.3467030
 [59,] 0.3119599 1.1234587 1.6158689 4.993916 2.853759 1.9298322 -0.3665549
 [60,] 0.3084102 1.0164608 1.6233384 4.988963 2.849964 2.0052749 -0.3965209
 [61,] 0.4106615 1.0030462 1.6106468 5.066791 3.087494 1.8914923 -0.5017012
 [62,] 0.3070585 0.8916212 1.5863431 5.069148 3.121181 1.9351008 -0.5509830
 [63,] 0.3543955 1.0839341 1.8032478 5.061466 2.954416 1.8392591 -0.5816786
 [64,] 0.3434093 1.1978716 1.3628815 5.062914 2.947234 1.7692714 -0.2789374
 [65,] 0.4706503 1.0023739 1.4624582 5.075134 3.123019 2.0496788 -0.3831480
 [66,] 0.3655662 1.0846133 1.2635839 5.015030 3.019108 1.9902602 -0.4528183
 [67,] 0.3417547 1.0268780 1.7231301 5.007621 3.006717 1.9879109 -0.7196474
 [68,] 0.3510032 1.0847815 1.8077156 4.796667 3.155739 2.0093539 -0.4647250
 [69,] 0.3087362 1.2269897 1.5939276 5.059553 2.934272 1.9406915 -0.4652547
 [70,] 0.2229166 1.8627559 2.6665966 3.610356 2.302964 1.8679923 -0.6934455
 [71,] 0.2922562 1.0818486 1.3598957 5.007291 2.868301 2.0856703 -0.2231683
 [72,] 0.2889206 0.9223818 1.6277636 4.956490 2.891120 1.8156406 -0.5907595
 [73,] 0.2740512 1.2809979 1.5376603 5.015001 2.885510 2.3525028 -0.6364688
 [74,] 0.4033303 1.0120302 1.5349406 4.950749 3.071431 2.0090007 -0.5282310
 [75,] 0.3592894 1.0113224 1.1798063 5.025354 3.019610 1.9556582 -0.6334277
 [76,] 0.3321617 1.2886639 1.5608306 4.975264 3.075650 2.1703477 -0.6779936
 [77,] 0.3249125 1.0120008 1.7915600 4.798770 2.964935 1.9685499 -0.7522447
 [78,] 0.3668977 1.1375000 1.5554964 4.958528 2.997462 2.0485636 -0.5413505
 [79,] 0.3316298 1.0646140 1.8986608 4.977956 3.001832 1.8901522 -0.3294394
 [80,] 0.2677477 1.0814876 1.5198223 4.975874 3.119809 1.9663761 -0.2575739
 [81,] 0.4121189 1.0530227 1.4709791 5.099862 3.021473 2.2176957 -0.3675766
 [82,] 0.4325387 0.9961981 1.4121058 4.955079 3.119837 2.0133286 -0.3950383
 [83,] 0.3075857 1.1586148 1.7255271 4.941957 3.115144 1.9059035 -0.4512431
 [84,] 0.3223005 1.1275824 1.6800120 4.931040 3.085178 1.9477161 -0.2221821
 [85,] 0.3644241 1.0569131 1.8607928 4.878633 3.107965 2.0430862 -0.2446286
 [86,] 0.3341378 0.9778998 1.7163044 5.048345 2.861781 2.0435577 -0.5374181
 [87,] 0.2586634 1.0964855 1.4431530 5.117246 3.020079 1.9488448 -0.4035500
 [88,] 0.3721663 1.0252710 1.2832386 4.914993 3.138109 1.8896476 -0.4327348
 [89,] 0.3521990 0.9912162 1.4874980 5.036915 2.967061 2.1006403 -0.4856313
 [90,] 0.3729976 1.0645037 1.7214406 4.991518 2.894811 1.8395025 -0.5880004
 [91,] 0.3661275 0.9871086 1.7735839 5.115286 3.073168 1.9200530 -0.5625439
 [92,] 0.3416414 0.8910885 1.5662507 4.995734 3.092159 2.0241585 -0.5156018
 [93,] 0.2985873 1.0852781 1.6728175 5.118878 2.848890 2.0087006 -0.7825881
 [94,] 0.2956738 0.9638918 1.4488696 5.006685 2.874131 2.0221627 -0.5481603
 [95,] 0.1608090 1.7207605 2.0758416 4.047420 1.439913 1.5302465 -0.2010447
 [96,] 0.4161878 1.1612482 1.7392827 4.995884 3.079145 2.0695761 -0.4319262
 [97,] 0.4212133 1.0118108 1.4250332 4.944944 2.948142 1.9810561 -0.5131272
 [98,] 0.3046913 1.0553761 1.7346077 4.924454 3.089828 1.8582361 -0.4269293
 [99,] 0.3756591 1.0238962 1.5854833 5.045311 3.006862 1.9703435 -0.6864920
[100,] 0.3773854 1.0727173 1.4087126 5.000348 2.948550 1.9449031 -0.5242715
[1]  0.3370164  1.0819471  1.5375838  4.8667197  2.9149534  1.9398091 -0.4799850
