[1] 1
         [,1]
[1,] 87.55506
[1] 2
         [,1]
[1,] 141.5777
[1] 3
         [,1]
[1,] 90.16129
[1] 4
         [,1]
[1,] 121.6199
[1] 5
         [,1]
[1,] 94.85661
[1] 6
         [,1]
[1,] 110.6325
[1] 7
         [,1]
[1,] 93.48854
[1] 8
         [,1]
[1,] 127.0183
[1] 9
         [,1]
[1,] 76.49155
[1] 10
         [,1]
[1,] 98.69045
[1] 11
        [,1]
[1,] 96.7593
[1] 12
         [,1]
[1,] 93.33937
[1] 13
         [,1]
[1,] 167.6482
[1] 14
         [,1]
[1,] 116.7046
[1] 15
         [,1]
[1,] 95.02602
[1] 16
         [,1]
[1,] 84.21103
[1] 17
         [,1]
[1,] 107.2725
[1] 18
         [,1]
[1,] 79.49277
[1] 19
         [,1]
[1,] 96.26531
[1] 20
         [,1]
[1,] 136.3047
[1] 21
         [,1]
[1,] 87.92681
[1] 22
        [,1]
[1,] 107.396
[1] 23
         [,1]
[1,] 154.2639
[1] 24
         [,1]
[1,] 134.8021
[1] 25
        [,1]
[1,] 114.202
[1] 26
         [,1]
[1,] 117.2627
[1] 27
         [,1]
[1,] 82.51665
[1] 28
         [,1]
[1,] 99.50651
[1] 29
         [,1]
[1,] 176.0241
[1] 30
         [,1]
[1,] 121.7746
[1] 31
         [,1]
[1,] 93.45004
[1] 32
         [,1]
[1,] 102.5851
[1] 33
        [,1]
[1,] 150.832
[1] 34
         [,1]
[1,] 154.7249
[1] 35
         [,1]
[1,] 103.4089
[1] 36
         [,1]
[1,] 114.8014
[1] 37
         [,1]
[1,] 135.9208
[1] 38
         [,1]
[1,] 114.0265
[1] 39
         [,1]
[1,] 88.79393
[1] 40
         [,1]
[1,] 89.89782
[1] 41
         [,1]
[1,] 110.9085
[1] 42
         [,1]
[1,] 99.16266
[1] 43
         [,1]
[1,] 112.5142
[1] 44
         [,1]
[1,] 98.60531
[1] 45
         [,1]
[1,] 83.72739
[1] 46
         [,1]
[1,] 86.76074
[1] 47
         [,1]
[1,] 98.72183
[1] 48
         [,1]
[1,] 75.87254
[1] 49
         [,1]
[1,] 87.55325
[1] 50
         [,1]
[1,] 88.64523
[1] 51
         [,1]
[1,] 127.6065
[1] 52
         [,1]
[1,] 105.2499
[1] 53
         [,1]
[1,] 112.5453
[1] 54
        [,1]
[1,] 86.4495
[1] 55
         [,1]
[1,] 102.9529
[1] 56
        [,1]
[1,] 78.6683
[1] 57
         [,1]
[1,] 89.62642
[1] 58
         [,1]
[1,] 97.21287
[1] 59
         [,1]
[1,] 87.09956
[1] 60
         [,1]
[1,] 58.17397
[1] 61
         [,1]
[1,] 141.5721
[1] 62
         [,1]
[1,] 91.49273
[1] 63
         [,1]
[1,] 79.56521
[1] 64
         [,1]
[1,] 129.6278
[1] 65
         [,1]
[1,] 118.0351
[1] 66
         [,1]
[1,] 153.4696
[1] 67
         [,1]
[1,] 108.1248
[1] 68
         [,1]
[1,] 108.9574
[1] 69
         [,1]
[1,] 122.6819
[1] 70
         [,1]
[1,] 128.4814
[1] 71
         [,1]
[1,] 81.91856
[1] 72
         [,1]
[1,] 87.51724
[1] 73
         [,1]
[1,] 125.7954
[1] 74
         [,1]
[1,] 126.1509
[1] 75
         [,1]
[1,] 65.36311
[1] 76
       [,1]
[1,] 83.427
[1] 77
         [,1]
[1,] 99.68004
[1] 78
        [,1]
[1,] 95.3411
[1] 79
         [,1]
[1,] 130.1076
[1] 80
         [,1]
[1,] 101.4089
[1] 81
        [,1]
[1,] 90.4494
[1] 82
         [,1]
[1,] 96.48549
[1] 83
         [,1]
[1,] 126.3801
[1] 84
         [,1]
[1,] 77.08747
[1] 85
        [,1]
[1,] 118.449
[1] 86
         [,1]
[1,] 124.8829
[1] 87
       [,1]
[1,] 114.78
[1] 88
         [,1]
[1,] 88.01473
[1] 89
         [,1]
[1,] 132.8349
[1] 90
         [,1]
[1,] 93.96236
[1] 91
         [,1]
[1,] 122.5025
[1] 92
         [,1]
[1,] 126.6121
[1] 93
         [,1]
[1,] 104.4384
[1] 94
         [,1]
[1,] 113.5736
[1] 95
         [,1]
[1,] 93.51723
[1] 96
         [,1]
[1,] 139.4695
[1] 97
         [,1]
[1,] 123.6432
[1] 98
         [,1]
[1,] 82.91054
[1] 99
         [,1]
[1,] 126.6382
[1] 100
         [,1]
[1,] 76.66669
             [,1]      [,2]      [,3]      [,4]      [,5]     [,6]         [,7]
  [1,] 0.11201587 3.3105688 2.7887152  7.776333  4.506244 2.784433 -0.649778850
  [2,] 0.14679529 3.8672481 3.4181169  9.116970  6.050734 3.372932 -0.740027029
  [3,] 0.09179386 2.0734755 2.5163968  5.668491  3.698304 3.009075 -0.654371211
  [4,] 0.10596555 2.9468319 4.0562211  8.134299  4.495218 3.094885 -0.184368237
  [5,] 0.11523082 2.8164711 2.3107621  7.505295  4.210746 2.960644 -0.959359662
  [6,] 0.12311791 3.1611759 2.0458729  9.002140  5.216341 3.483821 -0.690244743
  [7,] 0.10035066 1.7105538 1.3159979  5.520511  3.554649 2.192477 -0.659265529
  [8,] 0.08910751 1.8649979 1.3182241  5.624143  3.468876 2.226583 -0.688554300
  [9,] 0.10755449 1.6758875 2.7295042  6.009371  3.658258 2.103226 -0.914152186
 [10,] 0.15066069 4.0655386 1.5065161  8.419899  5.322278 3.820225  0.194575725
 [11,] 0.15776668 3.4142084 1.9291374  8.755107  5.652056 3.899125 -0.583234004
 [12,] 0.18779891 6.6171707 4.8620863 11.945647  8.413513 6.431152 -0.941937414
 [13,] 0.12621425 2.7260521 3.0807640  8.962723  4.963552 3.549497 -1.219089476
 [14,] 0.09802644 1.5408921 1.5803161  5.672225  3.240854 2.432496 -0.226912130
 [15,] 0.14233652 3.1098950 3.8258068  9.489627  6.843690 3.810424 -0.502200910
 [16,] 0.08226425 0.9625312 1.4648604  5.085238  2.702697 2.190402 -0.512686662
 [17,] 0.11396023 2.8656637 0.6748374  6.857886  3.836349 3.198164 -0.805179156
 [18,] 0.09509091 1.9060978 2.1642494  5.503760  3.385885 2.531448 -0.948632511
 [19,] 0.11400456 1.8275494 2.7545068  6.081282  3.740056 3.265034  0.270192112
 [20,] 0.12572423 2.9154845 2.3913128  7.821440  4.913436 2.455136 -1.136586453
 [21,] 0.11440245 2.1939001 1.1967757  5.676574  3.962013 1.437785 -0.327609911
 [22,] 0.11492737 3.0292427 1.7678327  7.846404  3.685489 4.127517 -0.004105456
 [23,] 0.09913690 2.5873386 3.2083143  7.619683  4.642844 2.396240 -1.524986028
 [24,] 0.08702503 2.7508066 2.5343244  6.366517  3.900489 3.186053 -0.660523099
 [25,] 0.13385150 3.6053451 2.2754423  8.922403  5.319492 3.315135 -0.929705649
 [26,] 0.12944163 4.0867423 2.5953231  8.998081  5.963725 2.962083  0.650790488
 [27,] 0.13988355 3.1413303 2.7998586  7.883217  5.463537 2.574233 -0.666609082
 [28,] 0.09977041 1.4565097 1.6746658  5.818199  3.012799 2.012163 -0.503772908
 [29,] 0.12547058 2.7217788 3.4843990  7.291571  3.669848 3.129267 -0.490031054
 [30,] 0.15658653 4.8908788 3.9808048 11.913226  7.627025 4.811641 -0.323740596
 [31,] 0.11622436 2.8708393 2.8870511  7.181254  4.033669 3.542143 -0.665614503
 [32,] 0.12661822 4.0549316 1.8340089  7.576109  5.163022 2.893978 -0.196258188
 [33,] 0.14205531 3.3323863 2.1656387  8.622283  5.294757 3.542235 -0.586204435
 [34,] 0.09291531 1.9017447 3.0603359  6.474951  4.073059 2.332509 -0.396038639
 [35,] 0.15845933 5.1237628 1.9648614 10.648595  5.922134 5.095548 -0.115461012
 [36,] 0.11748772 3.0747233 2.7674020  8.209015  6.009819 3.483848 -1.378623920
 [37,] 0.12899673 3.0905279 1.1992050  8.397154  4.001858 3.410263 -0.530326291
 [38,] 0.14561545 4.1309678 4.5342820  9.445826  6.822187 3.877923 -1.360519767
 [39,] 0.12329612 3.2589745 0.8054092  8.071528  5.061803 2.690957 -1.882217330
 [40,] 0.11989109 3.5516561 0.1340113  7.567847  4.567186 2.153864 -0.079871548
 [41,] 0.08621744 1.1189618 2.2582124  4.746901  3.034396 2.287362 -0.192186161
 [42,] 0.09593075 2.0573117 2.2637168  6.322333  3.883468 2.242420 -0.284068831
 [43,] 0.11461705 3.6823515 3.6082654  8.402788  4.460707 2.892103 -0.268707592
 [44,] 0.12535633 3.5352154 3.6200052  9.034472  4.984333 4.241842 -0.710345924
 [45,] 0.15224305 6.4085963 2.8060155 11.195086  7.175595 4.663330 -0.833890635
 [46,] 0.17674195 5.7418460 5.1935386 12.854256  7.689472 4.892017 -1.881874155
 [47,] 0.10812893 2.0032964 2.6923939  5.952256  3.881433 2.424050  0.091454363
 [48,] 0.12200540 2.7047840 1.0674455  7.327057  3.757035 2.990162 -1.546400841
 [49,] 0.13845553 3.2485805 1.5601954  9.363918  5.229167 2.904534  0.034627022
 [50,] 0.12727299 3.9411820 1.7348147  9.470968  5.860423 4.068973 -1.163847396
 [51,] 0.11938311 3.6594405 0.2903609  8.896744  5.951230 3.490345 -1.102925559
 [52,] 0.10898369 2.4302599 0.2029782  7.303282  3.135460 3.078721 -1.193750203
 [53,] 0.13411895 3.9029924 4.1702635  8.429003  5.167063 4.268979 -0.566122001
 [54,] 0.07828656 0.8970113 1.1594264  4.980213  3.042473 1.724613 -0.420135638
 [55,] 0.12430111 4.1742545 1.3043057  8.769791  5.264921 2.759104 -1.559245518
 [56,] 0.11837758 2.3109944 2.2946404  6.762134  4.390475 2.730854 -1.595006072
 [57,] 0.16838771 3.4468494 2.5405755  8.931139  5.973067 3.499666 -0.422702940
 [58,] 0.16354287 5.5299164 3.4921367 10.839554  6.217963 4.050041 -0.810381442
 [59,] 0.11141226 2.9716123 1.6143884  7.960476  4.647387 3.218353 -0.665350971
 [60,] 0.11065117 2.4021660 1.1141212  6.822635  3.803372 2.608864 -0.276588605
 [61,] 0.10671788 1.9518762 0.6479753  6.648095  4.866427 2.277559 -1.043687642
 [62,] 0.13608039 3.2732349 2.9166844  8.256270  5.117075 3.389968 -1.066687602
 [63,] 0.13657730 3.6667838 5.2705696  7.563924  6.432522 3.085865 -1.228091699
 [64,] 0.16505659 3.8134224 3.8687434  8.787329  5.051755 2.939761 -0.920151456
 [65,] 0.11719776 2.9285510 2.4710964  8.471729  3.557804 1.864361 -0.934112880
 [66,] 0.21827899 7.5551144 4.7892707 17.353400 10.186748 5.896385 -3.483966458
 [67,] 0.08627804 1.2975095 1.4121727  5.846647  2.942621 2.213588 -0.603716926
 [68,] 0.14894594 3.4815328 1.2845888  8.901543  5.685375 3.195623 -0.413904603
 [69,] 0.19130442 8.3685219 7.9091198 13.809487  7.647861 6.139882 -2.579203106
 [70,] 0.11487911 3.8108956 1.2207078  8.880120  5.287369 2.570424 -0.192167764
 [71,] 0.18526034 4.3286746 4.5484134 12.046448  7.359265 4.288136 -0.274680838
 [72,] 0.08167333 1.0567023 1.6271455  4.848234  3.306563 1.805653 -0.201576709
 [73,] 0.10440195 2.2490801 2.4053327  7.178355  4.890419 2.469154 -0.545144343
 [74,] 0.13056500 3.9106414 3.7030029 10.385708  4.921845 2.449016 -0.697054401
 [75,] 0.13328521 3.5460303 1.4337130  9.224202  4.854127 2.712284 -1.842475219
 [76,] 0.14367508 3.6750424 3.5492578 10.234045  5.172582 3.673049 -1.265217956
 [77,] 0.13410846 2.9285640 4.1836770  8.766927  5.061351 3.072295 -0.587311124
 [78,] 0.17757340 5.0372746 2.6061293 10.822671  7.191556 3.464413 -1.155193660
 [79,] 0.10010431 1.6381513 1.8923036  5.614588  3.244595 2.261391 -0.161426573
 [80,] 0.08591602 1.0147357 1.6962549  4.893231  3.014547 2.064168 -0.565772417
 [81,] 0.13365737 1.9508892 2.0993278  6.518188  4.729423 2.768220 -1.736111189
 [82,] 0.16327510 3.6918559 4.5050316 11.369677  6.879548 4.596873  1.039380326
 [83,] 0.11230167 2.1563280 3.0503119  6.455188  4.196841 3.148199 -1.266105390
 [84,] 0.11130945 1.6945504 1.9045673  5.844885  3.603967 2.001902 -0.403998195
 [85,] 0.10496419 2.6749049 0.9374072  7.971395  4.739218 2.688273 -1.051123097
 [86,] 0.17873396 4.8600092 6.2153612 14.309115  7.208347 5.255657 -0.785065332
 [87,] 0.10721298 3.0378149 2.3319412  7.704110  4.303753 2.922293 -0.463131494
 [88,] 0.11003672 2.1600037 1.6495435  6.577771  4.247221 2.451182 -0.658515087
 [89,] 0.09875231 2.6208703 2.1351482  7.283055  4.370976 3.114471 -1.245653712
 [90,] 0.11473390 2.8426163 1.1979777  7.124100  4.395806 2.952196 -0.548122100
 [91,] 0.08332158 1.3580170 2.4655386  5.527283  3.510367 1.997425 -0.606696641
 [92,] 0.13641994 3.4780161 3.4431408  9.056624  4.902183 3.569345 -0.560975412
 [93,] 0.15006393 3.9880419 3.6029164  9.845076  4.685084 3.103323 -1.354347975
 [94,] 0.13968016 3.1465949 3.0334856  9.049359  4.818314 4.107823 -0.341082143
 [95,] 0.16165972 4.5469897 4.7071747 10.741560  6.909668 3.885825 -0.738259661
 [96,] 0.13713422 3.3167926 1.4444467  7.413602  4.371874 3.791838 -1.716234426
 [97,] 0.10246173 1.8747658 2.0879473  5.884731  3.365291 2.290053 -0.567825167
 [98,] 0.09420798 1.4677051 2.2280643  5.947926  2.540599 1.940710 -0.972388706
 [99,] 0.12191080 2.5135045 3.3924166  7.959110  4.264048 2.541654 -0.139062174
[100,] 0.13671959 3.1503588 1.8119570  8.997229  4.658509 3.211410 -0.502827809
[1]  0.1253869  3.1246327  2.5427182  8.1396076  4.8611338  3.1499454 -0.7427038
