[1] 1
         [,1]
[1,] 4.302539
[1] 2
        [,1]
[1,] 6.22427
[1] 3
         [,1]
[1,] 1.371451
[1] 4
         [,1]
[1,] 3.000439
[1] 5
         [,1]
[1,] 4.785563
[1] 6
         [,1]
[1,] 5.242534
[1] 7
         [,1]
[1,] 3.680596
[1] 8
         [,1]
[1,] 3.154702
[1] 9
         [,1]
[1,] 3.347591
[1] 10
         [,1]
[1,] 3.220973
[1] 11
         [,1]
[1,] 3.603756
[1] 12
         [,1]
[1,] 3.547313
[1] 13
         [,1]
[1,] 3.659676
[1] 14
         [,1]
[1,] 3.993096
[1] 15
         [,1]
[1,] 2.518148
[1] 16
        [,1]
[1,] 4.29283
[1] 17
         [,1]
[1,] 2.954978
[1] 18
         [,1]
[1,] 6.006896
[1] 19
         [,1]
[1,] 4.435931
[1] 20
         [,1]
[1,] 2.963789
[1] 21
         [,1]
[1,] 2.524777
[1] 22
         [,1]
[1,] 2.505071
[1] 23
         [,1]
[1,] 4.158893
[1] 24
         [,1]
[1,] 6.572805
[1] 25
         [,1]
[1,] 3.640837
[1] 26
         [,1]
[1,] 4.764884
[1] 27
         [,1]
[1,] 4.310319
[1] 28
         [,1]
[1,] 5.841042
[1] 29
         [,1]
[1,] 4.397522
[1] 30
         [,1]
[1,] 4.067878
[1] 31
         [,1]
[1,] 3.002441
[1] 32
         [,1]
[1,] 4.507098
[1] 33
         [,1]
[1,] 2.972875
[1] 34
         [,1]
[1,] 3.471407
[1] 35
        [,1]
[1,] 5.82399
[1] 36
        [,1]
[1,] 1.51079
[1] 37
         [,1]
[1,] 3.920305
[1] 38
         [,1]
[1,] 2.274407
[1] 39
         [,1]
[1,] 3.889906
[1] 40
         [,1]
[1,] 4.398184
[1] 41
         [,1]
[1,] 3.702687
[1] 42
         [,1]
[1,] 3.301303
[1] 43
         [,1]
[1,] 5.988569
[1] 44
         [,1]
[1,] 3.146557
[1] 45
         [,1]
[1,] 5.624029
[1] 46
        [,1]
[1,] 5.34932
[1] 47
         [,1]
[1,] 3.449266
[1] 48
         [,1]
[1,] 3.486825
[1] 49
         [,1]
[1,] 4.300533
[1] 50
         [,1]
[1,] 3.711403
[1] 51
         [,1]
[1,] 3.487269
[1] 52
         [,1]
[1,] 4.621143
[1] 53
         [,1]
[1,] 3.989254
[1] 54
         [,1]
[1,] 3.691147
[1] 55
         [,1]
[1,] 3.876387
[1] 56
         [,1]
[1,] 2.685074
[1] 57
         [,1]
[1,] 7.807146
[1] 58
         [,1]
[1,] 4.749939
[1] 59
         [,1]
[1,] 5.099322
[1] 60
         [,1]
[1,] 3.830822
[1] 61
         [,1]
[1,] 4.502376
[1] 62
         [,1]
[1,] 4.458995
[1] 63
        [,1]
[1,] 4.32689
[1] 64
         [,1]
[1,] 4.966973
[1] 65
         [,1]
[1,] 2.521393
[1] 66
         [,1]
[1,] 3.911441
[1] 67
        [,1]
[1,] 2.05215
[1] 68
         [,1]
[1,] 3.892542
[1] 69
         [,1]
[1,] 2.610983
[1] 70
         [,1]
[1,] 4.038281
[1] 71
         [,1]
[1,] 5.163094
[1] 72
         [,1]
[1,] 5.572963
[1] 73
        [,1]
[1,] 3.73693
[1] 74
         [,1]
[1,] 5.248033
[1] 75
         [,1]
[1,] 2.792332
[1] 76
         [,1]
[1,] 4.264223
[1] 77
         [,1]
[1,] 2.134757
[1] 78
         [,1]
[1,] 4.023765
[1] 79
         [,1]
[1,] 3.942749
[1] 80
         [,1]
[1,] 3.308117
[1] 81
         [,1]
[1,] 4.916379
[1] 82
         [,1]
[1,] 3.258884
[1] 83
         [,1]
[1,] 5.197086
[1] 84
         [,1]
[1,] 4.764632
[1] 85
         [,1]
[1,] 3.846841
[1] 86
         [,1]
[1,] 2.267487
[1] 87
         [,1]
[1,] 5.580114
[1] 88
         [,1]
[1,] 4.654429
[1] 89
        [,1]
[1,] 4.44623
[1] 90
         [,1]
[1,] 2.161822
[1] 91
         [,1]
[1,] 3.799793
[1] 92
         [,1]
[1,] 3.791896
[1] 93
         [,1]
[1,] 4.959304
[1] 94
         [,1]
[1,] 4.041863
[1] 95
         [,1]
[1,] 4.589872
[1] 96
         [,1]
[1,] 5.002128
[1] 97
         [,1]
[1,] 6.767684
[1] 98
         [,1]
[1,] 3.197654
[1] 99
         [,1]
[1,] 4.409833
[1] 100
         [,1]
[1,] 3.077448
            [,1]      [,2]     [,3]     [,4]     [,5]     [,6]       [,7]
  [1,] 0.5737280 0.9337582 1.346088 4.932138 3.060724 1.999132 -0.5077140
  [2,] 0.5990010 0.8560903 1.428626 4.938704 2.934623 2.029350 -0.5591160
  [3,] 0.4785352 1.0573602 1.479695 4.971585 3.037220 2.146283 -0.5303020
  [4,] 0.4282689 0.8169701 1.360065 4.970173 2.953575 2.081934 -0.5500424
  [5,] 0.4564365 1.0060620 1.515414 4.984485 3.022509 2.024153 -0.6495997
  [6,] 0.4776370 0.8920960 1.542924 4.993429 2.947084 1.996075 -0.6068229
  [7,] 0.4895459 1.0864264 1.410760 4.975713 3.012610 1.945188 -0.4547930
  [8,] 0.3888422 0.9150103 1.716052 4.951208 2.904555 2.042872 -0.6324970
  [9,] 0.5012585 0.8152333 1.675657 5.023553 3.037897 2.085928 -0.5009723
 [10,] 0.5663283 0.9718764 1.450277 4.975335 3.087208 2.027165 -0.5509484
 [11,] 0.3725302 1.0086683 1.280281 4.901937 3.060002 2.137282 -0.3204862
 [12,] 0.6865222 0.9306695 1.500882 5.037976 2.875770 1.967698 -0.4116071
 [13,] 0.4956965 0.9946022 1.582749 4.927655 3.154647 2.022760 -0.5302199
 [14,] 0.4702528 1.0253252 1.274337 4.972313 2.982719 2.076815 -0.4768706
 [15,] 0.6982907 0.8476967 1.682547 4.854742 3.069402 1.993448 -0.4480729
 [16,] 0.4929798 1.0193276 1.493928 4.927135 3.057860 2.092400 -0.6575163
 [17,] 0.4873991 1.0071575 1.772168 4.905384 3.078931 1.903960 -0.4705056
 [18,] 0.5052597 0.9295585 1.477508 4.926127 2.989159 1.972759 -0.5105363
 [19,] 0.4306724 1.0602846 1.422333 4.941729 2.945339 1.984453 -0.6119799
 [20,] 0.5715966 0.8039190 1.276696 5.013186 2.940258 1.953720 -0.5056848
 [21,] 0.4452257 0.8943508 1.190308 5.157260 3.082102 1.975933 -0.2608978
 [22,] 0.4337845 0.9854810 1.676042 5.069742 2.941853 1.895728 -0.6256673
 [23,] 0.5071393 0.9992518 1.779473 4.911518 2.928459 2.093301 -0.4464028
 [24,] 0.5954927 0.8868089 1.317085 4.788798 2.994055 2.034338 -0.4420504
 [25,] 0.5143072 0.8622746 1.547183 4.999431 2.941704 2.037924 -0.3419859
 [26,] 0.4946409 1.1161857 1.532757 4.915933 3.032970 2.051507 -0.5622095
 [27,] 0.4060129 1.0010697 1.267612 5.014053 2.947415 2.101864 -0.3956827
 [28,] 0.4424906 0.9584226 1.705612 5.100795 2.915709 1.962140 -0.5713882
 [29,] 0.4605604 1.0057756 1.288640 5.074182 2.967726 2.054802 -0.5783557
 [30,] 0.4603313 1.0320274 1.609911 5.049176 2.980916 1.989383 -0.4572663
 [31,] 0.4827856 0.8548850 1.777699 4.991561 2.984376 2.005591 -0.5439247
 [32,] 0.4249081 0.9582462 1.511062 5.109554 2.910238 1.848699 -0.4760813
 [33,] 0.3209660 0.9497525 1.323885 4.971401 2.953475 1.939280 -0.3689226
 [34,] 0.4309389 0.9576853 1.620411 5.011550 3.086545 2.014983 -0.6194482
 [35,] 0.3101090 0.9515677 1.704539 5.001891 2.852804 1.934294 -0.6562741
 [36,] 0.4772869 1.0010297 1.478388 4.852426 3.010845 1.897269 -0.3446346
 [37,] 0.3909823 0.9792695 1.400357 4.869632 2.936645 2.066311 -0.6734703
 [38,] 0.4895593 1.0535207 1.535073 5.175150 2.867129 1.928892 -0.5274562
 [39,] 0.3768734 0.8945579 1.564617 4.870804 3.078922 1.929446 -0.4593000
 [40,] 0.4959860 0.9073694 1.675733 4.913195 3.014290 1.849815 -0.5245775
 [41,] 0.3729234 1.2529171 1.434490 4.945962 3.110405 1.789172 -0.6181374
 [42,] 0.4305970 0.9147088 1.220187 5.022711 2.826241 1.978058 -0.5678762
 [43,] 0.4656845 0.9059347 1.399812 5.086160 2.996646 1.900136 -0.5289955
 [44,] 0.4359923 0.9136447 1.770936 5.018102 2.887092 2.005913 -0.4329161
 [45,] 0.3752480 1.0739468 1.440297 5.008090 3.083236 1.990403 -0.4214819
 [46,] 0.4362638 0.9711736 1.509740 5.092212 3.017954 1.883629 -0.3930504
 [47,] 0.4863882 0.9393154 1.122272 4.937060 3.071172 1.967196 -0.4356003
 [48,] 0.4143200 0.9862950 1.393223 4.906345 3.030449 1.909900 -0.4146032
 [49,] 0.4846626 0.9011613 1.382459 5.032836 2.987572 2.016611 -0.5102265
 [50,] 0.4257884 0.8023194 1.480068 5.067376 3.001706 1.910763 -0.4800012
 [51,] 0.4355818 1.0934566 1.553636 4.980019 2.944249 1.899655 -0.4717593
 [52,] 0.5601082 0.9981114 1.358262 4.999049 2.992731 2.026219 -0.5874850
 [53,] 0.4207181 0.7855999 1.559227 5.076908 2.878745 2.001657 -0.4876676
 [54,] 0.3975222 0.9985333 1.482822 4.933854 3.171650 1.892678 -0.4603750
 [55,] 0.6195568 0.8145006 1.588000 4.927482 3.133813 2.101514 -0.3845775
 [56,] 0.4865444 0.9435432 1.553995 5.120374 3.030422 2.028767 -0.5505785
 [57,] 0.4490910 0.9713927 1.719632 5.012463 2.974549 1.945388 -0.5268714
 [58,] 0.4259529 1.0158834 1.598604 4.991839 2.996721 1.955613 -0.3984492
 [59,] 0.4597145 0.9412378 1.498022 5.074873 2.930739 1.887679 -0.4450126
 [60,] 0.4087364 0.7922277 1.541326 5.003561 3.047135 2.038225 -0.4842305
 [61,] 0.6492571 0.8883458 1.432141 5.007089 3.038248 1.926273 -0.5372099
 [62,] 0.3769643 0.9255435 1.846447 5.008483 3.075698 2.084371 -0.6315900
 [63,] 0.4698439 0.9101304 1.508686 4.964786 3.094134 1.877462 -0.5360465
 [64,] 0.5308090 0.9697921 1.694260 5.026811 3.037958 2.020439 -0.4882485
 [65,] 0.7775953 0.8984514 1.296518 4.931111 3.007132 1.938555 -0.4856245
 [66,] 0.4522970 0.9508897 1.234217 4.911925 3.059997 1.934249 -0.5437763
 [67,] 0.5209178 0.9625111 1.436405 4.918841 2.752915 2.003407 -0.5713507
 [68,] 0.4362287 0.9562614 1.872651 5.002195 2.972187 2.222822 -0.4860247
 [69,] 0.5575889 0.8775377 1.549432 4.975006 2.950579 2.141090 -0.6428075
 [70,] 0.3981924 0.9587512 1.834331 5.080049 3.025503 1.955323 -0.3474721
 [71,] 0.4200207 1.1679146 1.730749 5.101651 2.919583 1.832747 -0.7268668
 [72,] 0.3914669 0.9418222 1.685670 4.924952 2.870149 1.852547 -0.5869776
 [73,] 0.4106181 1.0230244 1.640824 4.840304 2.937944 2.143030 -0.5174245
 [74,] 0.4411754 1.0577689 1.274352 4.801733 3.096011 2.000743 -0.5694118
 [75,] 0.5302443 0.8930924 1.619959 5.032599 3.069275 2.025723 -0.4610938
 [76,] 0.4813738 0.8225023 1.648833 4.924701 2.922035 1.883040 -0.5857271
 [77,] 0.4046868 0.9390853 1.309151 4.943237 3.089699 2.082179 -0.4106951
 [78,] 0.4317494 0.8479749 1.571004 5.095810 2.988684 1.997321 -0.4914945
 [79,] 0.4752658 0.9950100 1.449954 5.029721 2.983187 2.032790 -0.3971213
 [80,] 0.4775100 0.8282503 1.470122 4.913140 3.139598 1.938233 -0.5769172
 [81,] 0.3634443 1.3398303 1.454184 4.957978 3.243671 2.174596 -0.3458323
 [82,] 0.4607199 0.9612614 1.513473 4.956192 3.050165 1.986432 -0.3517496
 [83,] 0.4359138 1.0479233 1.478796 4.964090 3.088597 1.896458 -0.5188639
 [84,] 0.4505064 0.9718896 1.630397 5.104933 2.976342 1.895532 -0.4767621
 [85,] 0.3469048 1.0811903 1.734521 4.965854 3.032943 1.979735 -0.3050570
 [86,] 0.4841672 0.9345300 1.531429 5.025243 2.882868 1.981941 -0.5904670
 [87,] 0.3506612 0.9787410 1.583593 5.072082 2.890050 1.973220 -0.4355764
 [88,] 0.5304528 0.8036750 1.513849 4.928822 3.088471 1.941566 -0.5528142
 [89,] 0.3840815 0.9845447 1.576727 4.793414 3.060371 1.985935 -0.6356385
 [90,] 0.5682273 0.9074892 1.439793 4.995240 3.114329 1.914554 -0.5029153
 [91,] 0.3674616 0.9481313 1.566108 4.942574 2.989266 2.017158 -0.5095404
 [92,] 0.4529410 0.8604484 1.370094 4.949739 2.985041 1.995525 -0.3846009
 [93,] 0.4317605 0.8671806 1.451448 4.968735 3.021863 2.082522 -0.4803266
 [94,] 0.3342285 0.9241985 1.591430 5.093542 2.904118 2.018834 -0.6242921
 [95,] 0.4902712 1.0303241 1.779652 4.922294 2.952285 1.812650 -0.4782072
 [96,] 0.6100333 0.9091609 1.442083 4.963366 2.959441 1.884460 -0.4443174
 [97,] 0.4958488 0.8595298 1.497598 5.153308 2.936878 1.913967 -0.4851631
 [98,] 0.3441364 0.9706053 1.779103 5.031110 3.122330 1.867961 -0.4731609
 [99,] 0.4337577 0.8811654 1.788947 4.966669 2.981075 2.017266 -0.5850101
[100,] 0.4795022 0.8678775 1.503358 5.004877 2.997478 2.102335 -0.4232552
               [,8]          [,9]        [,10]         [,11]        [,12]
  [1,]  0.031803089  0.1408885995  0.110440636 -0.1297043166 -0.036714898
  [2,] -0.133409630 -0.0060540870  0.020314204  0.0017811382  0.084506401
  [3,]  0.171283971 -0.0590010102  0.069005276  0.1369394136  0.058686692
  [4,]  0.008079029 -0.0023648685 -0.181214208 -0.0490486478 -0.019188957
  [5,]  0.008400431  0.0808921238 -0.060153630  0.1723926789  0.033516552
  [6,] -0.109691318 -0.0860048066  0.052555441 -0.0102697701 -0.049076087
  [7,] -0.076990738  0.0728021857  0.046680773 -0.0731515240  0.048035864
  [8,]  0.077845735  0.1699041892  0.013928939  0.0103469220 -0.055724855
  [9,]  0.015072699 -0.0362076570  0.020289774  0.1057385824 -0.085353886
 [10,]  0.040608260 -0.1142006942  0.116773735 -0.1458233831 -0.015563497
 [11,] -0.298205295 -0.1122015535 -0.290301939  0.0224380352  0.063184834
 [12,] -0.015170645 -0.0073186206  0.025011375  0.1014763508 -0.044834599
 [13,]  0.041498211 -0.0848988210  0.061700253  0.1571581109  0.134545433
 [14,] -0.024261997 -0.0642257178  0.015062934 -0.0296076883  0.097982731
 [15,]  0.054076861 -0.0426055361  0.005903487  0.0245559053 -0.029817918
 [16,] -0.017579993 -0.2244753098  0.063364319 -0.1391111715  0.142226902
 [17,]  0.137192057  0.0342054871 -0.146227909  0.0845679879 -0.210853795
 [18,]  0.014384278 -0.0697865233 -0.101817992  0.0512995228 -0.055986370
 [19,]  0.058268908  0.0227213226 -0.012201629  0.0060690098  0.019107291
 [20,] -0.038850087  0.0547550627  0.068112105 -0.0318768173 -0.019502256
 [21,] -0.106239396  0.0510047557 -0.195299201  0.2110446774  0.016924746
 [22,] -0.024942004 -0.0004766884  0.017453361  0.0249535663  0.111041980
 [23,]  0.027939226 -0.0208752358  0.064127418  0.0609173763  0.085189055
 [24,] -0.022205856 -0.1022813584  0.078263575 -0.0298342380 -0.041754935
 [25,]  0.063703533  0.0132333461  0.034996778  0.0050420225 -0.097790369
 [26,] -0.012629464  0.0015729535 -0.153885444  0.0924802794  0.098492025
 [27,] -0.057865948 -0.0650513093  0.008899188  0.1847914116  0.134894679
 [28,] -0.050684702 -0.0442573563  0.105637173  0.1743465366  0.092510987
 [29,]  0.037243654 -0.0941736522  0.030805351  0.0175501790  0.015875427
 [30,] -0.026050888  0.0141256345  0.039148183  0.1047640289  0.077079918
 [31,] -0.014668508 -0.0056123255 -0.097684985 -0.0656138782  0.042802846
 [32,]  0.106284548  0.1314425360  0.117919949  0.0331422482 -0.019360861
 [33,] -0.056465339  0.2277373129 -0.129125567 -0.0203092380 -0.022713616
 [34,] -0.043229138 -0.0016860347 -0.047920611  0.0830269463  0.027580788
 [35,] -0.058881014 -0.0663019890  0.011723480  0.1022165062  0.040046942
 [36,]  0.007852164 -0.0985808429 -0.037915949  0.1666203653 -0.026018572
 [37,]  0.059949813 -0.0689513272  0.009833806  0.0176885916 -0.121926310
 [38,] -0.063830942  0.0166152042  0.024584125 -0.0578074072 -0.075023229
 [39,] -0.027976662  0.0211945244  0.054795681  0.0964261432 -0.058280111
 [40,]  0.206087339  0.1074053247  0.031447717 -0.0671440602  0.036173716
 [41,]  0.130727780 -0.1827008312  0.070299972 -0.1028258819  0.070481628
 [42,]  0.034753576  0.0710991919  0.002768549  0.0710873665 -0.021373989
 [43,] -0.141606587 -0.0732960601 -0.058841592  0.0354566267 -0.005531389
 [44,] -0.015295333 -0.1048163922 -0.095428883  0.0433270998 -0.046017028
 [45,] -0.014055463 -0.0510020988  0.053307579  0.0265921645 -0.120084729
 [46,]  0.115031870 -0.0510318009 -0.052654295  0.0686909611 -0.008894060
 [47,] -0.022927819  0.0686565646  0.006348680  0.0221057542 -0.006633515
 [48,]  0.161449715  0.0355867521  0.078132048  0.0270172219 -0.021832395
 [49,]  0.014327708  0.0650375044  0.046813284  0.0127603710  0.027294403
 [50,] -0.006469664  0.0470259841 -0.092288887 -0.0343609291 -0.017078559
 [51,]  0.021477084 -0.0511034333  0.043404102 -0.0843770165 -0.092466412
 [52,]  0.119202169  0.0186183290  0.148207655 -0.0636929735  0.096634883
 [53,] -0.009071276 -0.0255516720  0.058657705 -0.0430860558  0.034554705
 [54,] -0.116274483 -0.0732185734  0.056509897  0.0273730695 -0.047599973
 [55,]  0.045438978  0.1437508923 -0.110013795  0.0327719341  0.028400369
 [56,] -0.010956068  0.0961510241  0.047001368 -0.0276095326 -0.104519962
 [57,]  0.011349151  0.0866547134  0.048035989 -0.1525288790 -0.092515376
 [58,]  0.037300378  0.0134967116 -0.103906266 -0.0820409029 -0.047499627
 [59,]  0.100217745  0.0121082578  0.074580247 -0.0466070087  0.025646620
 [60,]  0.134933616  0.0675004996  0.006296540 -0.0141079150  0.059652243
 [61,]  0.091824197 -0.0310512157 -0.126098536 -0.0303310295 -0.043949961
 [62,] -0.153250561 -0.1326100104 -0.074269359 -0.0126201393  0.019717502
 [63,]  0.060572080 -0.0539407734  0.112964446 -0.0428405256  0.135370018
 [64,] -0.059476987 -0.0341783774  0.082228537 -0.0236702923  0.015002550
 [65,]  0.012091906 -0.0047734281 -0.074480839  0.0531982518  0.039803179
 [66,]  0.012509010  0.0108619195 -0.020756419 -0.0741556273  0.036518112
 [67,]  0.022801455 -0.0267392481 -0.005644172  0.0686085745 -0.005786234
 [68,] -0.072241294 -0.0643914535 -0.015823402  0.0091706929 -0.091301117
 [69,] -0.045561278  0.0403673586 -0.037928186 -0.0338456584 -0.043195094
 [70,]  0.151147388  0.0429278525  0.148583000 -0.0245283454 -0.037981929
 [71,] -0.057596357  0.1700093064 -0.071917390  0.0006825498  0.080149461
 [72,] -0.047385742 -0.0256634617 -0.003866007 -0.0947453299  0.018418860
 [73,]  0.075597187  0.0858853224 -0.007587202 -0.0752191489  0.090166369
 [74,] -0.175301765  0.1433477778 -0.015069677 -0.2845415802  0.234267010
 [75,] -0.005914085 -0.0516728960 -0.110743641 -0.1012567838 -0.009211123
 [76,]  0.119265751  0.0181812330  0.018794225 -0.0158797230 -0.103017491
 [77,]  0.024428068 -0.1580499250  0.047077777  0.0010205662  0.180988810
 [78,] -0.012194133 -0.0492106730  0.057959087 -0.0855829484 -0.030402101
 [79,]  0.076986093 -0.0933429747  0.072960992  0.0337309132 -0.174409776
 [80,]  0.031465855  0.1176129317  0.064294568 -0.0612197361 -0.005051949
 [81,] -0.221247617 -0.1773883864 -0.053810798  0.1227922605 -0.144771969
 [82,]  0.153658365  0.0298983156 -0.064383462 -0.0857744704  0.103323259
 [83,]  0.045784149  0.1929894016  0.069380809 -0.0424921005  0.042453992
 [84,] -0.021805027  0.0979505908 -0.005928543  0.0668655521 -0.127372012
 [85,]  0.056924870 -0.1884650326  0.185629838  0.1670505076 -0.022453163
 [86,]  0.064807511 -0.0682982647  0.004106201  0.0133331615  0.029433866
 [87,] -0.041199311 -0.0309461502 -0.061647401  0.0029677414 -0.091183795
 [88,] -0.069016995 -0.1825874290 -0.017045951  0.0092608679 -0.018171618
 [89,]  0.075869357 -0.0432540955 -0.155936412 -0.1066231732 -0.131369509
 [90,] -0.035039196 -0.0544463405  0.004799235  0.0932853467 -0.034650644
 [91,]  0.086117987 -0.1322849453  0.114983050 -0.1187902295 -0.246502443
 [92,] -0.032826324  0.0674663363 -0.100034239 -0.0773143204  0.038788277
 [93,]  0.008654834  0.1159302695 -0.015757910 -0.0777524165 -0.059982574
 [94,]  0.007946197 -0.1014796259  0.060170735 -0.0509336288 -0.088520387
 [95,]  0.003917940  0.1085973039 -0.023081690  0.0645737286  0.036270434
 [96,]  0.015529584  0.1094096552  0.062268800 -0.0149058782  0.090697920
 [97,]  0.118275254  0.0487551982 -0.090987360  0.1061367220 -0.169707821
 [98,] -0.165177523 -0.0864981301  0.073178734  0.0086282122  0.116130228
 [99,] -0.104295971  0.0231152832  0.114849225  0.0090853062 -0.015190494
[100,] -0.072408932  0.0160345956  0.121711882  0.0353389272 -0.045428507
 [1]  0.465713830  0.951878840  1.521346733  4.984040450  3.000015956
 [6]  1.985590404 -0.501596096  0.004015333 -0.005560594  0.003554024
[11]  0.004471247 -0.003465733
 [1] 0.08079573 0.09246403 0.16027549 0.07750905 0.08133720 0.08327412
 [7] 0.09103695 0.08545790 0.08998690 0.08363762 0.08454123 0.08368355
