[1] 1
         [,1]
[1,] 76.90384
[1] 2
         [,1]
[1,] 139.8852
[1] 3
         [,1]
[1,] 87.83026
[1] 4
         [,1]
[1,] 119.8772
[1] 5
         [,1]
[1,] 101.4692
[1] 6
        [,1]
[1,] 104.157
[1] 7
         [,1]
[1,] 91.45655
[1] 8
         [,1]
[1,] 121.0269
[1] 9
         [,1]
[1,] 75.83091
[1] 10
         [,1]
[1,] 95.33615
[1] 11
         [,1]
[1,] 102.1217
[1] 12
         [,1]
[1,] 90.23586
[1] 13
         [,1]
[1,] 158.9343
[1] 14
         [,1]
[1,] 118.7555
[1] 15
         [,1]
[1,] 95.53492
[1] 16
         [,1]
[1,] 88.33847
[1] 17
         [,1]
[1,] 106.2131
[1] 18
         [,1]
[1,] 80.22894
[1] 19
         [,1]
[1,] 93.25336
[1] 20
        [,1]
[1,] 122.246
[1] 21
        [,1]
[1,] 92.1705
[1] 22
         [,1]
[1,] 111.4702
[1] 23
         [,1]
[1,] 150.7006
[1] 24
         [,1]
[1,] 133.1354
[1] 25
         [,1]
[1,] 114.9591
[1] 26
         [,1]
[1,] 109.1054
[1] 27
         [,1]
[1,] 85.68793
[1] 28
         [,1]
[1,] 102.3741
[1] 29
         [,1]
[1,] 169.5702
[1] 30
         [,1]
[1,] 118.2917
[1] 31
         [,1]
[1,] 92.28638
[1] 32
         [,1]
[1,] 97.14747
[1] 33
         [,1]
[1,] 140.6411
[1] 34
         [,1]
[1,] 142.1933
[1] 35
         [,1]
[1,] 95.98566
[1] 36
         [,1]
[1,] 110.7205
[1] 37
         [,1]
[1,] 130.5884
[1] 38
         [,1]
[1,] 117.5791
[1] 39
         [,1]
[1,] 90.98048
[1] 40
         [,1]
[1,] 84.70992
[1] 41
         [,1]
[1,] 112.0781
[1] 42
         [,1]
[1,] 99.95493
[1] 43
         [,1]
[1,] 110.1012
[1] 44
         [,1]
[1,] 112.3205
[1] 45
         [,1]
[1,] 85.89277
[1] 46
         [,1]
[1,] 90.64156
[1] 47
         [,1]
[1,] 94.96263
[1] 48
        [,1]
[1,] 73.1953
[1] 49
         [,1]
[1,] 86.81987
[1] 50
         [,1]
[1,] 84.52902
[1] 51
         [,1]
[1,] 123.5015
[1] 52
         [,1]
[1,] 103.4221
[1] 53
         [,1]
[1,] 110.9269
[1] 54
         [,1]
[1,] 88.45028
[1] 55
         [,1]
[1,] 99.50077
[1] 56
         [,1]
[1,] 78.71085
[1] 57
         [,1]
[1,] 86.13672
[1] 58
         [,1]
[1,] 99.45043
[1] 59
         [,1]
[1,] 83.81194
[1] 60
       [,1]
[1,] 52.492
[1] 61
         [,1]
[1,] 141.9441
[1] 62
         [,1]
[1,] 89.28217
[1] 63
         [,1]
[1,] 77.00628
[1] 64
         [,1]
[1,] 128.9741
[1] 65
         [,1]
[1,] 113.0349
[1] 66
        [,1]
[1,] 153.182
[1] 67
         [,1]
[1,] 106.3183
[1] 68
         [,1]
[1,] 98.44287
[1] 69
         [,1]
[1,] 119.3186
[1] 70
         [,1]
[1,] 127.9958
[1] 71
         [,1]
[1,] 79.77862
[1] 72
        [,1]
[1,] 85.2897
[1] 73
         [,1]
[1,] 122.4805
[1] 74
         [,1]
[1,] 116.7922
[1] 75
         [,1]
[1,] 64.40007
[1] 76
         [,1]
[1,] 77.85632
[1] 77
         [,1]
[1,] 96.85297
[1] 78
         [,1]
[1,] 92.90411
[1] 79
         [,1]
[1,] 130.4054
[1] 80
         [,1]
[1,] 96.52998
[1] 81
         [,1]
[1,] 87.89335
[1] 82
         [,1]
[1,] 101.0642
[1] 83
        [,1]
[1,] 121.279
[1] 84
         [,1]
[1,] 75.16106
[1] 85
         [,1]
[1,] 119.5954
[1] 86
         [,1]
[1,] 121.0168
[1] 87
         [,1]
[1,] 108.3129
[1] 88
         [,1]
[1,] 84.35233
[1] 89
         [,1]
[1,] 125.8348
[1] 90
        [,1]
[1,] 93.7004
[1] 91
         [,1]
[1,] 117.1186
[1] 92
         [,1]
[1,] 127.0599
[1] 93
         [,1]
[1,] 96.33681
[1] 94
         [,1]
[1,] 106.6351
[1] 95
         [,1]
[1,] 88.48462
[1] 96
         [,1]
[1,] 132.2161
[1] 97
         [,1]
[1,] 119.7257
[1] 98
         [,1]
[1,] 80.23215
[1] 99
         [,1]
[1,] 123.5951
[1] 100
         [,1]
[1,] 77.41076
             [,1]      [,2]        [,3]      [,4]     [,5]     [,6]        [,7]
  [1,] 0.09837006 3.2126362  2.25565674  6.856025 4.480726 2.393044  0.02612932
  [2,] 0.10075431 3.8829960  3.58272877  8.947058 5.283926 1.934173 -0.67437919
  [3,] 0.08391051 1.5951160  1.51812637  5.516416 3.610158 2.636656 -0.66770285
  [4,] 0.10230490 2.4403083  2.84900777  7.851263 5.678629 3.047020 -0.74120591
  [5,] 0.08490059 2.6939277  3.70681761  7.340900 4.459752 2.787780 -1.43947363
  [6,] 0.10197950 3.5134770  2.91296837 10.029375 5.136736 3.884165 -1.20680585
  [7,] 0.08839115 1.6418680  1.06913428  5.518065 3.396635 2.229923 -0.80997970
  [8,] 0.07394007 1.0985571  1.96122093  5.429343 3.417919 2.136899 -0.80879612
  [9,] 0.09813450 3.3184660  3.41035213  7.268399 4.733052 2.831901 -1.86940109
 [10,] 0.11836945 3.8109984  3.26969783  8.407835 5.679360 4.097921 -0.03504116
 [11,] 0.14501454 3.2396947  2.22744946  8.888196 5.648325 3.887346 -0.69950737
 [12,] 0.14278500 3.9271379  2.22510500  9.157899 6.315858 4.754600 -0.75115788
 [13,] 0.12110072 4.5331069  2.53997797 11.531393 7.076233 3.947206 -1.13864650
 [14,] 0.09523661 2.8816190  2.07945862  7.290067 4.249308 3.797800  0.09018020
 [15,] 0.10874873 2.6618637  3.12048287  9.040495 7.469832 3.571164 -1.88415577
 [16,] 0.08977031 2.6175611  2.82127469  6.809476 3.193324 2.925943 -0.69575417
 [17,] 0.11368827 2.7930075  2.48550768  7.965274 4.624593 2.386382 -0.20697853
 [18,] 0.10875883 3.0907438  4.68306461  8.163739 4.165226 3.345931 -0.91330481
 [19,] 0.12676957 2.7583364  4.78837876  8.772878 4.100913 3.822667 -1.13348092
 [20,] 0.10669536 4.1589711  2.72503158  9.448568 6.127838 2.293104 -1.11146026
 [21,] 0.10532845 3.9178785 -0.43875851  8.156407 5.184035 3.858457  0.58009860
 [22,] 0.10257246 3.2917555  3.46892955  7.424446 4.963856 4.675649 -1.86493862
 [23,] 0.11335946 4.2590579  1.71132056  9.662057 6.521037 3.955653  0.60320320
 [24,] 0.06983059 1.8237346  2.76836278  5.538006 3.948586 1.792952 -0.60203593
 [25,] 0.12500344 5.1309163  2.76369142 10.406315 6.704179 4.176074 -0.11835349
 [26,] 0.10382163 3.0305906  0.84683651  8.281802 4.595514 3.025814  1.75445920
 [27,] 0.09980137 2.1808640  1.50724458  7.560904 4.241029 2.489929 -1.10006950
 [28,] 0.10222656 1.1805566  1.52253394  5.476596 2.862475 2.827324 -0.46952967
 [29,] 0.10474632 2.2631239  3.56491641  6.954023 3.594860 2.550429 -0.09487405
 [30,] 0.16002764 6.7005769  5.32694227 14.831567 8.048411 5.117028 -3.77039548
 [31,] 0.10797562 2.5501498  2.79235663  6.888656 3.827998 2.790756 -0.25125480
 [32,] 0.10219696 4.1818653  2.80038578  8.448324 5.321081 2.817100  0.19054260
 [33,] 0.11842325 2.9764026  2.77677954  8.346358 5.497568 3.261000 -0.50242927
 [34,] 0.10232022 3.4143533  4.84911457  8.047257 5.447522 2.365532 -1.32494962
 [35,] 0.11631464 3.2669113 -0.10738790  8.509341 4.872599 4.282612 -0.65946820
 [36,] 0.11105604 4.7693019  4.26511858 10.129956 7.522532 3.110361 -1.81528442
 [37,] 0.11584687 3.4276281  1.83044461  8.787011 4.306652 3.513373 -0.48408372
 [38,] 0.11486016 3.0103441  3.01804990  8.577802 5.466350 2.997591 -0.80296958
 [39,] 0.09383942 3.0369247 -0.04471015  7.321996 4.158219 3.059216 -1.83132774
 [40,] 0.11962638 3.9447310  1.32338703  8.051262 5.052295 2.824568 -0.97580806
 [41,] 0.07061378 1.1106445  2.36136228  4.898614 3.022435 2.244041  0.16013697
 [42,] 0.09897875 1.9186794  3.77741385  6.982609 4.331529 2.608826 -0.61493365
 [43,] 0.08230023 1.2209602  2.05853738  5.813032 3.274785 1.882981 -0.16442255
 [44,] 0.10949258 3.0390003  2.77227533  8.562905 5.708612 3.879772 -1.84117592
 [45,] 0.09849696 2.0892727  2.40230394  7.371670 3.894682 3.184389 -0.75184065
 [46,] 0.16458942 5.4831085  4.99482491 13.085092 7.839631 4.557768 -2.10774995
 [47,] 0.07988499 2.3189377  0.07071342  6.146424 3.056954 3.375150 -0.32989332
 [48,] 0.11482324 3.1075819  1.11986054  7.834917 3.792761 4.414957 -0.65982410
 [49,] 0.11719059 2.6150401  3.40194678  8.174132 4.453311 2.730576 -0.24778717
 [50,] 0.10635683 3.5954731  3.66947929  9.656183 4.978615 3.396682 -0.31347656
 [51,] 0.10959074 4.0594272  3.43774338 10.312252 5.063648 3.256860 -1.26077069
 [52,] 0.08417254 2.3210877  0.61638098  7.256783 3.004752 3.418417 -0.93186652
 [53,] 0.10935807 3.4522357  1.62974959  8.663029 4.696387 4.259972 -1.17998030
 [54,] 0.07638348 1.1483856  1.40549253  5.478110 2.219848 1.956853 -0.63338009
 [55,] 0.10766232 4.6001726  3.96944868  8.764748 5.789312 1.960107 -1.50624111
 [56,] 0.12582844 3.7223464  4.76892983  9.128298 3.687362 5.556533  0.11281037
 [57,] 0.15444543 3.1716724  1.14475836  9.197240 5.746945 3.443296 -0.42452824
 [58,] 0.10737931 3.4897750  2.48677239  8.142888 5.258003 3.268891 -0.60429419
 [59,] 0.11296230 2.9562087  0.50368492  8.155501 4.970957 3.176559 -0.95804613
 [60,] 0.13139588 4.1986405  3.24869643  9.414892 5.655965 3.004422 -0.23404238
 [61,] 0.10025876 2.6870459  1.17126308  7.601535 4.655502 2.534794 -1.63859634
 [62,] 0.07631050 0.9717957  3.46986692  5.369020 2.803690 2.156699 -1.15341205
 [63,] 0.12529055 4.9751045  4.26242686  9.905774 6.177241 4.503043 -1.19577349
 [64,] 0.13194787 3.5893783  3.56696903  7.855736 5.301398 3.585727 -0.52207368
 [65,] 0.12254916 3.2755845  0.51828182  9.708161 4.299506 2.562945 -0.23932582
 [66,] 0.15277547 4.7073249  5.88280215 11.958973 7.337853 4.961919 -1.83629767
 [67,] 0.09834891 2.4796402  1.53974126  7.280726 4.538039 3.256547 -1.56248297
 [68,] 0.11126270 3.2073024  2.85312611  8.626815 5.333921 4.870852  0.57345696
 [69,] 0.14925194 8.4742432  8.11118861 13.499999 7.095089 8.106924 -2.86110834
 [70,] 0.08791645 2.8762863  0.27609350  7.272386 3.976803 3.199738  1.28406467
 [71,] 0.14486711 6.6791215  6.36069018 15.935296 7.899038 4.320768 -2.44739998
 [72,] 0.10366179 2.8821211  2.99168123  6.521618 4.837025 2.670519 -1.95165357
 [73,] 0.09049912 2.3481832  2.87795129  7.046481 4.371392 2.764583 -1.03894133
 [74,] 0.12492244 3.4196305  1.24215762 10.038435 4.951997 3.510046 -0.28823652
 [75,] 0.13806427 3.9004272 -0.96519876  9.967249 5.441095 3.012026 -1.48262608
 [76,] 0.16876251 8.2182178  5.18521918 15.596112 9.392736 5.008188 -1.11575192
 [77,] 0.10795976 2.7203264  4.01288003  8.717037 5.047168 2.782074 -0.52955775
 [78,] 0.12013615 3.3627620  3.05415467  9.078785 5.066485 3.831813 -0.72848322
 [79,] 0.10304139 2.0555759 -0.33149322  6.339411 4.306773 2.443448 -0.18272134
 [80,] 0.08893058 2.0496817  1.04314775  6.155054 4.060470 2.680697 -1.29112067
 [81,] 0.14376300 3.3026871  1.12293825  7.582521 5.401727 3.885488 -1.42069678
 [82,] 0.13457673 6.0991446  5.92483294 13.442854 9.432880 7.061797  1.83973537
 [83,] 0.10114772 2.3224445  3.00544389  6.842360 5.051089 2.652764 -1.61931168
 [84,] 0.10153976 2.1053588  3.44293750  5.856973 4.228680 1.225602 -0.18777880
 [85,] 0.11073832 2.6835524  1.03033458  8.150195 4.556666 3.276660 -0.45722990
 [86,] 0.12558004 3.0385426  3.44900064  9.530980 4.591054 3.308835 -0.84092675
 [87,] 0.09995790 2.8141768  3.33605670  7.353632 3.966892 3.266455  0.20916148
 [88,] 0.11364645 2.1119582  1.67846080  7.075111 4.610197 2.489189 -0.60987067
 [89,] 0.09348497 2.3403034  1.63605586  7.412939 3.819298 2.613146 -0.86231493
 [90,] 0.09847947 3.3030773  2.07269113  7.515203 5.370702 3.572308 -0.60464014
 [91,] 0.08053128 1.5349225  3.14023434  5.445075 3.821536 2.140839 -0.83319664
 [92,] 0.11351343 3.7742029  4.71196919  9.256330 4.758115 3.994518  0.10330114
 [93,] 0.11312728 3.7075450  4.57518972  9.851479 3.601830 2.375927 -1.18197382
 [94,] 0.14781226 3.1875566  3.02490118 10.397440 5.558053 4.517358  1.16011561
 [95,] 0.10095136 4.0043192  4.05915038  9.720498 4.906757 4.276638 -0.21476574
 [96,] 0.15291532 6.3292784  1.96522826 10.957237 6.908446 5.482911 -2.19409221
 [97,] 0.07606290 3.1508710  1.18829214  7.716096 3.582287 1.699632 -1.05667168
 [98,] 0.09911751 2.0926785  1.49060991  6.438526 4.376812 2.728217 -0.15352638
 [99,] 0.09617887 3.3200182  2.99129289  8.552328 3.651268 3.442109  0.20774414
[100,] 0.15091293 4.7340755  2.62882924 11.103501 6.611685 4.135712 -1.76645862
                [,8]         [,9]        [,10]        [,11]       [,12]
  [1,]  0.2034076119 -0.286818205  0.618837047 -0.462286198  0.00931281
  [2,]  1.0199597317  1.130873231 -0.305349977 -0.962777148 -0.17825433
  [3,] -0.3759609990  0.323562261 -0.031019737  0.272810677 -0.61026187
  [4,]  0.0013294394  0.460845668  0.357120296 -0.576538875  0.27399874
  [5,] -0.9262553258 -0.151748739 -0.016482868 -0.067767303  0.19716681
  [6,] -0.7335305020  0.528180191 -0.277046957  1.882509119 -0.15119802
  [7,] -0.2221392785 -0.123765222  0.353559550  0.086301053 -0.01916111
  [8,]  0.0150707401 -0.314224834  0.179690376 -0.245526047 -0.25671078
  [9,] -0.1598059751 -1.294967954 -0.879826894  0.723389567  1.38251057
 [10,]  0.3215958954  0.576122885  1.434936659  0.268957059 -1.08024170
 [11,]  0.0024127860 -0.556761769 -0.999665899  0.549166203 -0.18609867
 [12,]  0.0003662266  0.752726007 -0.072725044 -0.752197021  0.18812264
 [13,] -0.0410951268 -1.867587173  1.862930617 -0.827232515 -1.64061908
 [14,] -1.1873136848 -0.546188734  0.087185748  0.545225587  1.05402536
 [15,]  0.7707965233 -0.400453941 -0.023360066  0.148229678 -0.88653016
 [16,] -0.8404043459  1.044434612  0.153799945 -0.212316355  0.91656655
 [17,] -0.0868431312  0.217382279 -0.233753798 -0.127136374  0.14936629
 [18,]  0.2177271549 -0.053194486  0.787946923 -0.329950976  0.69433251
 [19,] -0.4131432570 -0.647170169 -0.846652081  0.625934754 -0.44098044
 [20,] -0.2530164873 -0.485398659 -0.406351582  1.173917279  0.76712131
 [21,]  0.2430319680 -0.269409470  0.058069644  2.320598235 -0.63461122
 [22,]  0.6053023149 -0.250637112  1.241607526 -0.168414560  0.77937214
 [23,]  0.7361776193 -0.279970429  0.919715295 -1.140478024 -0.08465086
 [24,]  0.1870553062  0.504793768 -0.710775321  0.195998663  0.16283593
 [25,]  0.3271094984 -0.563049109  0.121674486  0.204499052 -0.64765911
 [26,]  0.8251591134  1.514876556 -0.957141049  0.145658518  0.89626497
 [27,] -0.4119118215  0.458693749 -0.866566309  0.348952943  0.07650689
 [28,] -0.4518806498  0.244041497 -0.163474444  0.413542164  0.75730899
 [29,]  0.1489720769  0.267054160  0.633593508 -0.565336490 -0.55019130
 [30,]  1.1047078020 -1.065976201  0.345413898 -0.730790603  1.10320102
 [31,]  0.3777920857  0.121142570 -0.040071472 -0.143078688  0.21041947
 [32,]  0.9299073277  0.414408312  3.010917501  0.194969626 -0.10827238
 [33,] -0.3023973507  0.378239672  0.565131269 -0.089428435 -0.11742703
 [34,]  1.1505675258  1.290665437 -1.055229349 -0.057516108  0.67334569
 [35,]  1.0229589652  0.116621458 -0.277578916  0.496516335 -0.19276740
 [36,]  1.4131947399  0.325399283 -0.416434870 -0.728317858 -1.06290419
 [37,]  0.2223498125 -0.345621814  0.405104364  0.531252818 -0.49160697
 [38,] -0.0944760542  0.267384904 -0.554942058  0.155830732  1.22520377
 [39,] -0.7850052300 -0.535952987  0.190204288 -0.279937507  1.29631863
 [40,] -0.1998920070 -1.004462944  0.171546233 -0.122970016  1.26346922
 [41,] -0.1302079742 -0.037708326 -0.008144881 -0.437850602 -0.12106726
 [42,]  1.0470755593  0.994199428  0.308213207  0.373736120  0.43075878
 [43,] -0.3417595232  0.053713501  0.010080220  0.123177540  0.18688841
 [44,]  0.4363694591 -0.992322551 -1.289952745  0.499038254 -0.10026222
 [45,]  0.3010251598 -0.293015888  0.205465086 -0.372884837  0.44432176
 [46,]  0.0761332911  0.119591947  0.562640321  0.454684279  0.59586186
 [47,] -0.1896495374  0.763889486 -0.929617054 -0.130375663 -0.50013168
 [48,]  0.4448184058 -0.706409141 -0.657368935 -0.422515567 -0.16907438
 [49,] -0.5293362503  0.435587799  0.548000876  0.824569101 -0.43676149
 [50,]  0.4580127338  0.319121427 -0.458086801  0.338862586  0.93624817
 [51,] -0.7087716983  0.925528695  0.626287155 -1.225453247  0.58154889
 [52,] -0.4362358696 -0.085575343 -0.688490765  0.033316022  0.48965524
 [53,]  0.2850521765  0.245875407 -1.368000742  0.687854493  0.51309152
 [54,] -0.3682005088 -0.273243186 -0.176673663  0.057477484 -0.30821117
 [55,] -0.0621796720 -0.057671540  1.118547010  1.091344124  0.28618326
 [56,]  0.6355442596  0.039164572 -0.351776322  0.189280135  0.55058631
 [57,] -0.0151667259  0.660262779 -1.159195645  0.475480914  0.16495134
 [58,] -0.1391192687  0.794617714 -0.397593758  0.043706252 -0.50742112
 [59,]  0.5071188433  0.189314694  0.421014178  0.705165481 -0.49674608
 [60,]  0.9982154939  0.156845038  0.307402588 -1.557077870  0.86308812
 [61,] -0.0664396521  0.433275104 -0.471240828 -0.350181065 -0.12797394
 [62,]  0.6241245319 -0.409629890  0.371008480  0.105817945  0.49791691
 [63,] -0.6773517064 -1.724684753  0.787845548  0.462438957  0.78253544
 [64,] -0.4689492624 -0.377046379  0.468839678  0.328687902 -0.54037077
 [65,]  0.6628537622 -0.183102031 -1.078835321  0.682101326 -1.34586342
 [66,] -1.2574900629  0.769579418 -0.670374826 -0.045847840 -1.10114708
 [67,]  0.7892449008  0.003043901 -0.221975267 -0.475223081 -0.27329386
 [68,] -0.7027334759  0.116099895 -0.441002861 -0.004091927 -1.21556721
 [69,]  0.3290420557 -1.454531247  0.268065643  2.442019475 -0.61714827
 [70,]  0.9395145821  0.061413383  0.107380291  0.454565635  1.33149336
 [71,] -1.4038148731 -1.048394179  0.869864558  0.055629933  1.53950823
 [72,] -0.5338743350 -1.077754756 -0.086817036  0.580998477 -0.56159486
 [73,] -0.2579785454  0.667490936 -0.208518844  0.174728840  0.08606399
 [74,]  0.4862385851  0.198570534 -0.791885462 -0.274870328 -0.37072152
 [75,] -0.0265255197  0.172474541  0.957852163 -1.853215529  1.11456095
 [76,]  1.2605957446  0.149520527  1.064498834  1.421178654 -3.55492155
 [77,] -0.5621511698 -0.348236860  0.447042437  0.351710640  0.19099619
 [78,]  0.4341978407 -0.789398742 -0.354942787 -0.238679595  0.21183525
 [79,]  0.4939082576 -0.861042294 -1.058009794  0.410619197 -0.27550435
 [80,] -0.3591225390  0.100218281 -0.484735818 -0.077686624 -0.28972367
 [81,]  0.0539695554 -0.498990020  0.980508556 -0.111258112 -0.20603628
 [82,] -0.2957544981 -1.546144671  0.792387921 -0.416918638  2.44174105
 [83,]  0.9222222429 -0.335820138 -0.758360958  0.228617979  0.37084188
 [84,]  0.3091954642 -0.380781202  0.207970506 -0.714825340 -0.34268438
 [85,]  0.6059090703  0.235383661 -0.149495716 -0.855071790 -0.28123732
 [86,]  0.5272568905  1.326705888 -0.020996913 -0.339145701  0.23634719
 [87,] -0.7997049259  0.621806475 -0.174004898  0.577527299  0.90651236
 [88,] -0.1322774080  0.669436430  0.099755959  0.678655417  1.19402088
 [89,] -1.2896078122 -0.234165326  0.337168513 -0.146453596 -0.32891875
 [90,]  0.6671896546  0.071916830 -0.343673426 -0.425838645  0.02239984
 [91,] -0.0330547091 -0.098002527 -0.790586406  0.220901768 -0.10868237
 [92,] -0.4022225250 -0.025991153 -0.195752099 -0.066485713 -0.38029277
 [93,]  0.1613137322 -0.248066818  0.084103740  0.849341322 -0.50579563
 [94,] -0.4195618939 -1.137027295 -0.064438443 -0.804406068  1.09786642
 [95,]  0.8219344286  0.056574941  1.031745844 -1.394307911 -0.82952345
 [96,]  0.6144010330 -0.074348903 -1.517586810 -1.534894241  1.25890931
 [97,]  0.6137998426  0.852013508  0.230476666  1.206224485 -0.89516206
 [98,]  0.0517373181  0.209299638 -0.444272973  0.387068591 -0.48047541
 [99,] -0.3697975949  0.093722661 -1.246911942  0.206826938 -0.25716282
[100,]  0.6665276336 -0.189443448  0.124393464 -0.054974819 -0.52201581
 [1]  0.11061501  3.28683177  2.66214774  8.45347949  4.97130829  3.34689551
 [7] -0.75393135  0.08607384 -0.03088201 -0.01356225  0.06087082  0.06011864
 [1] 0.02158982 1.35858289 1.57926998 2.13589455 1.36301821 1.07872960
 [7] 0.87852516 0.60743893 0.65666494 0.72922481 0.71234488 0.80896922
