[1] 1
         [,1]
[1,] 12.18439
[1] 2
         [,1]
[1,] 19.34317
[1] 3
         [,1]
[1,] 10.59785
[1] 4
       [,1]
[1,] 16.316
[1] 5
         [,1]
[1,] 19.38518
[1] 6
         [,1]
[1,] 18.98542
[1] 7
         [,1]
[1,] 15.76769
[1] 8
         [,1]
[1,] 12.97251
[1] 9
         [,1]
[1,] 12.56788
[1] 10
         [,1]
[1,] 14.81971
[1] 11
         [,1]
[1,] 13.28445
[1] 12
         [,1]
[1,] 11.42764
[1] 13
         [,1]
[1,] 13.56371
[1] 14
         [,1]
[1,] 16.68978
[1] 15
         [,1]
[1,] 12.93071
[1] 16
         [,1]
[1,] 12.73105
[1] 17
         [,1]
[1,] 15.24386
[1] 18
         [,1]
[1,] 19.28106
[1] 19
         [,1]
[1,] 16.12975
[1] 20
         [,1]
[1,] 11.08549
[1] 21
         [,1]
[1,] 20.74612
[1] 22
         [,1]
[1,] 15.22965
[1] 23
         [,1]
[1,] 14.87584
[1] 24
         [,1]
[1,] 25.40514
[1] 25
         [,1]
[1,] 13.42692
[1] 26
         [,1]
[1,] 20.61495
[1] 27
         [,1]
[1,] 14.89868
[1] 28
         [,1]
[1,] 18.67452
[1] 29
         [,1]
[1,] 20.54867
[1] 30
        [,1]
[1,] 18.9693
[1] 31
        [,1]
[1,] 15.2291
[1] 32
         [,1]
[1,] 12.05933
[1] 33
         [,1]
[1,] 13.40483
[1] 34
         [,1]
[1,] 13.65913
[1] 35
         [,1]
[1,] 15.92347
[1] 36
         [,1]
[1,] 12.58595
[1] 37
         [,1]
[1,] 14.78808
[1] 38
         [,1]
[1,] 13.42472
[1] 39
         [,1]
[1,] 14.03314
[1] 40
         [,1]
[1,] 17.98018
[1] 41
         [,1]
[1,] 18.39829
[1] 42
         [,1]
[1,] 15.60196
[1] 43
         [,1]
[1,] 18.73524
[1] 44
         [,1]
[1,] 13.56997
[1] 45
         [,1]
[1,] 20.76553
[1] 46
         [,1]
[1,] 23.02209
[1] 47
         [,1]
[1,] 14.71942
[1] 48
         [,1]
[1,] 11.23047
[1] 49
         [,1]
[1,] 14.21675
[1] 50
         [,1]
[1,] 15.56642
[1] 51
         [,1]
[1,] 15.96211
[1] 52
         [,1]
[1,] 14.48183
[1] 53
         [,1]
[1,] 13.88873
[1] 54
         [,1]
[1,] 17.08846
[1] 55
        [,1]
[1,] 13.8159
[1] 56
         [,1]
[1,] 11.76416
[1] 57
         [,1]
[1,] 31.14142
[1] 58
         [,1]
[1,] 19.96625
[1] 59
         [,1]
[1,] 13.96343
[1] 60
         [,1]
[1,] 14.80726
[1] 61
         [,1]
[1,] 16.27717
[1] 62
         [,1]
[1,] 16.37879
[1] 63
         [,1]
[1,] 17.00466
[1] 64
         [,1]
[1,] 17.93689
[1] 65
         [,1]
[1,] 13.88491
[1] 66
         [,1]
[1,] 16.20034
[1] 67
        [,1]
[1,] 11.1579
[1] 68
         [,1]
[1,] 15.85817
[1] 69
         [,1]
[1,] 12.90805
[1] 70
         [,1]
[1,] 17.53667
[1] 71
         [,1]
[1,] 17.36088
[1] 72
         [,1]
[1,] 18.57217
[1] 73
         [,1]
[1,] 16.72292
[1] 74
        [,1]
[1,] 18.9314
[1] 75
         [,1]
[1,] 14.76158
[1] 76
         [,1]
[1,] 14.47643
[1] 77
         [,1]
[1,] 10.20655
[1] 78
        [,1]
[1,] 17.4034
[1] 79
         [,1]
[1,] 14.77841
[1] 80
       [,1]
[1,] 13.405
[1] 81
        [,1]
[1,] 15.4923
[1] 82
         [,1]
[1,] 13.42751
[1] 83
         [,1]
[1,] 19.54777
[1] 84
         [,1]
[1,] 19.29206
[1] 85
         [,1]
[1,] 12.33636
[1] 86
         [,1]
[1,] 11.41819
[1] 87
         [,1]
[1,] 18.37445
[1] 88
         [,1]
[1,] 18.37681
[1] 89
         [,1]
[1,] 16.66621
[1] 90
         [,1]
[1,] 14.03267
[1] 91
         [,1]
[1,] 14.32303
[1] 92
         [,1]
[1,] 14.73653
[1] 93
         [,1]
[1,] 22.24964
[1] 94
         [,1]
[1,] 14.77052
[1] 95
         [,1]
[1,] 21.57263
[1] 96
         [,1]
[1,] 16.86589
[1] 97
         [,1]
[1,] 21.90561
[1] 98
         [,1]
[1,] 14.32009
[1] 99
         [,1]
[1,] 18.88006
[1] 100
         [,1]
[1,] 14.07958
            [,1]      [,2]       [,3]     [,4]     [,5]     [,6]        [,7]
  [1,] 0.2896115 1.0958775  1.2183613 4.988006 2.934396 1.934389 -0.22431710
  [2,] 0.3177226 1.0333359  1.5624399 4.937110 3.004380 2.164988 -0.52578902
  [3,] 0.3296644 1.1875479  1.3728870 5.005132 2.927588 2.147516 -0.56981465
  [4,] 0.2783733 0.9306358  1.3332397 4.998125 2.935083 2.036198 -0.64238060
  [5,] 0.2541416 1.2719104  1.4361440 4.772311 2.875457 1.935929 -1.16313469
  [6,] 0.2808692 0.9702958  1.6733898 5.089161 3.036516 1.892883 -0.61036912
  [7,] 0.3481902 1.2486628  1.1099450 4.986650 2.988942 2.001834 -0.52500058
  [8,] 0.2416560 1.0244769  1.7720672 4.928180 2.913914 2.049240 -0.66641731
  [9,] 0.2942373 0.9977886  1.5770243 5.117508 2.856572 2.166169 -0.37738722
 [10,] 0.4037821 1.0740328  1.4454875 4.976141 3.059526 2.052181 -0.58783410
 [11,] 0.2583366 1.1622141  1.4065819 5.224437 2.915419 2.009890 -0.14201189
 [12,] 0.3296633 1.2543835  1.5433594 4.869198 3.117269 1.647286 -0.35847347
 [13,] 0.3706840 1.1719368  1.6935426 5.013111 3.148009 2.135724 -0.45822421
 [14,] 0.3332497 1.1043153  1.2937878 4.988204 2.991454 2.112416 -0.45911508
 [15,] 0.2624980 1.0913313  1.9294776 4.694633 3.215222 1.902316 -0.27803135
 [16,] 0.3495250 1.0539443  1.2976281 4.919277 2.977331 2.038808 -0.68547079
 [17,] 0.3090673 1.1518288  1.8244049 4.847323 2.990141 2.058775 -0.25968454
 [18,] 0.3263707 1.0569717  1.5848432 4.908157 2.941226 2.003067 -0.62368031
 [19,] 0.2877741 1.1243609  1.3809088 4.715870 2.885463 1.920954 -0.39680193
 [20,] 0.3101973 0.9867669  1.0428173 4.937403 2.880073 1.865419 -0.41293341
 [21,] 0.1745245 1.3936643  1.4966503 4.582441 2.416489 1.955950 -0.20233454
 [22,] 0.2797049 1.1260507  1.2954925 5.090048 2.823028 1.883143 -0.88747781
 [23,] 0.2654550 1.4812548  1.4816349 4.970535 2.958800 1.911886 -0.07460848
 [24,] 0.1724918 1.9692023 -0.2611313 3.456383 2.402816 1.602030 -0.27440068
 [25,] 0.3006017 1.0241141  1.6742031 5.045141 2.793347 2.105398 -0.26089462
 [26,] 0.2009156 1.6836531  2.3638546 4.531892 2.691683 1.682014 -0.98221634
 [27,] 0.2163469 3.1117797  1.8041716 5.861504 3.778291 2.643033 -0.89660731
 [28,] 0.2583053 1.1539776  1.6709290 5.056944 3.339566 1.831572 -0.42961177
 [29,] 0.3335219 1.0017656  1.2566613 5.040950 3.031087 2.090747 -0.50782352
 [30,] 0.3190838 1.1322138  1.5341864 5.054541 2.974011 1.995845 -0.50116974
 [31,] 0.3046104 0.9477824  1.8007166 4.833920 3.136549 1.976127 -0.46104247
 [32,] 0.3173778 0.9728199  1.4607699 5.123209 3.002529 1.818300 -0.45854981
 [33,] 0.2431223 1.0423935  1.3732805 4.958760 2.959074 1.936228 -0.35449889
 [34,] 0.2037913 1.1902965  1.7056092 4.796245 3.222574 2.099064 -0.66666119
 [35,] 0.2475084 1.0165255  1.6823254 5.034429 2.856673 1.997121 -0.68264854
 [36,] 0.3067447 1.1768554  1.7118401 4.807008 3.143466 1.847792 -0.36959609
 [37,] 0.2609435 1.0405993  1.4920022 4.830487 3.008678 2.046623 -0.59473989
 [38,] 0.2477234 1.9685038  1.0058878 5.506895 2.642752 1.868491 -0.19100557
 [39,] 0.2657150 0.9392205  1.4150828 4.847100 3.041038 1.975682 -0.48102115
 [40,] 0.2388627 1.1923236  2.0923061 4.836187 3.007257 1.774047 -0.54432918
 [41,] 0.2656383 1.2440839  1.3252627 4.943165 2.865951 1.873429 -0.20667077
 [42,] 0.2321244 1.4536983  2.2225976 4.541069 2.154355 2.370544 -0.05187745
 [43,] 0.2910790 0.9460875  1.1479537 5.067688 2.971205 1.952449 -0.51407185
 [44,] 0.3873746 0.9853593  1.7489476 5.009545 2.943103 2.097247 -0.49983391
 [45,] 0.1542537 1.7790301  0.4612432 3.638651 1.452659 2.022726 -0.61538351
 [46,] 0.1609538 0.7453997  0.8437964 2.611568 1.437236 1.013524 -0.36973120
 [47,] 0.2444559 1.6682729  0.8704953 5.266063 2.438509 1.600026 -0.20616846
 [48,] 0.2576209 1.1098960  1.3869010 4.933145 2.885806 1.959595 -0.39673364
 [49,] 0.3363413 1.0357208  1.5829349 4.997358 2.916047 2.068831 -0.50428204
 [50,] 0.2880293 0.9834146  1.3858110 5.089558 2.977961 1.897073 -0.42529477
 [51,] 0.3135698 1.2231234  1.5394440 5.051222 2.945921 1.855785 -0.52927467
 [52,] 0.3357591 1.0743729  1.0514356 5.075829 2.906389 1.839370 -0.67974317
 [53,] 0.2301547 0.9915724  1.0465401 5.087508 2.755850 1.964554 -0.79503868
 [54,] 0.2617919 0.9418999  1.4233852 4.882629 3.183430 1.884310 -0.38943292
 [55,] 0.3513825 1.0386940  1.6864079 4.926513 3.115815 2.098789 -0.48255780
 [56,] 0.2997707 1.2864574  1.2804252 5.179047 2.761512 2.032458 -0.16518352
 [57,] 0.1863526 1.7176025  0.6266654 4.181653 2.670518 1.592134  0.43712633
 [58,] 0.2498639 1.1588805  1.4988849 5.014055 2.957964 1.886375 -0.24013902
 [59,] 0.3334762 1.0201169  1.2626031 5.111511 2.919223 1.928005 -0.52559713
 [60,] 0.2877800 0.9495906  1.4769377 4.986838 3.010083 2.015271 -0.48587008
 [61,] 0.4218719 1.0576868  1.1995133 4.936095 3.067689 1.819396 -0.49993464
 [62,] 0.2830398 1.0170482  1.6188445 5.037597 2.982246 1.922182 -0.47627839
 [63,] 0.2886365 1.1101304  0.9915482 4.801030 3.297331 1.810864 -0.66512422
 [64,] 0.3400320 1.0675375  1.7729800 5.026135 3.018769 2.055914 -0.50974442
 [65,] 0.4607732 0.9177720  1.3154635 4.948336 2.967862 1.937079 -0.42041309
 [66,] 0.2643099 1.2106098  1.3421380 4.851493 3.100632 1.985163 -0.61149394
 [67,] 0.2562589 1.2991731  1.6351864 4.858916 2.407996 2.224870 -0.37667325
 [68,] 0.2597296 1.0644169  1.7600767 4.856332 3.013207 2.133765 -0.57814681
 [69,] 0.3402101 0.9882622  1.5642177 5.004992 2.860070 2.145205 -0.62110995
 [70,] 0.2635354 1.0092392  1.9291478 5.022098 3.022843 1.954254 -0.34009474
 [71,] 0.2897838 1.3254641  1.0842631 5.095985 3.328671 1.873289 -0.51735787
 [72,] 0.2919426 0.9142460  1.5116451 4.751448 2.765234 2.028611 -0.73141834
 [73,] 0.2456257 1.2220369  1.6185812 4.944335 2.760902 2.196179 -0.68025428
 [74,] 0.2724697 1.1321139  1.0728178 4.896875 3.057281 1.861866 -0.51547257
 [75,] 0.3183618 1.1872732  1.7107535 5.018091 3.163677 2.239329 -0.32337567
 [76,] 0.3620490 0.8623703  1.4930987 4.893858 2.932854 1.930632 -0.64808623
 [77,] 0.2439711 1.1519901  1.8000111 4.869963 2.792217 1.823391 -0.54671529
 [78,] 0.2807923 1.1713656  1.7047807 4.881073 2.945616 2.035236 -0.12363766
 [79,] 0.2722797 1.0127752  1.3317794 5.130890 2.819180 2.116265 -0.47233424
 [80,] 0.2620785 1.1104004  1.6724442 5.020097 3.147342 1.978959 -0.43968626
 [81,] 0.3071658 0.9989136  1.4578986 4.998993 3.046807 2.105815 -0.47555838
 [82,] 0.3277175 1.0504879  1.4235746 4.940580 3.040873 1.982407 -0.36295817
 [83,] 0.3156841 1.0695311  1.7068673 4.759238 2.997359 1.911337 -0.61337282
 [84,] 0.2797776 1.1482632  1.8751238 4.972674 2.991898 1.795700 -0.55508003
 [85,] 0.2895022 0.9275754  1.6924983 4.725099 3.021808 1.977814 -0.53369573
 [86,] 0.3299888 1.0015620  1.5031676 5.040434 2.861461 1.812400 -0.53278391
 [87,] 0.2460866 1.0189096  1.6096726 5.094314 2.807841 1.960138 -0.46466846
 [88,] 0.3220202 0.8952079  1.2634359 4.866166 3.004290 1.879732 -0.58602136
 [89,] 0.2456055 1.1024431  1.6898234 4.716303 3.020428 2.057374 -0.61724100
 [90,] 0.4121860 0.9328078  1.4828910 5.003250 3.106884 1.931289 -0.46250562
 [91,] 0.2884519 1.0349947  1.5103728 4.950530 2.955698 2.036564 -0.48650207
 [92,] 0.2981163 0.9268500  1.4392732 5.000282 2.937800 1.938592 -0.37564347
 [93,] 0.2671463 1.1001294  1.5251329 5.107754 2.924303 2.259854 -0.42697175
 [94,] 0.2197628 1.0288048  1.4876406 4.982284 2.909378 2.048423 -0.67219738
 [95,] 0.1746039 1.6348301  1.1776797 4.118807 1.688311 1.962624 -0.59172496
 [96,] 0.4089890 1.0891660  1.4294324 4.952121 2.974647 1.903024 -0.40213295
 [97,] 0.3012099 0.8835764  1.3953814 5.041945 2.949102 2.033265 -0.49322962
 [98,] 0.2859009 0.9118772  1.7429668 5.009412 3.017202 1.955286 -0.60113157
 [99,] 0.3046281 0.9510147  1.7597936 5.009100 3.001668 2.033120 -0.63651475
[100,] 0.3215003 0.9951257  1.4456728 4.962383 2.939604 2.168882 -0.49610628
               [,8]         [,9]         [,10]        [,11]         [,12]
  [1,]  0.117518119  0.187120147  0.1068891422 -0.013127839 -0.2962214599
  [2,] -0.091680500  0.121114072  0.0452530163 -0.077145199  0.1758115280
  [3,]  0.131044207 -0.006565372  0.1044059520  0.177247756  0.0680905843
  [4,] -0.071435516 -0.013138818 -0.2957318001 -0.120034046 -0.0935760202
  [5,] -0.149510825 -0.027623446 -0.1057792016  0.017051096  0.0858919215
  [6,] -0.033650247 -0.249059230 -0.0610198506 -0.072990020 -0.0040554518
  [7,]  0.094684689  0.045706364  0.0152305421 -0.158304958  0.2288760464
  [8,]  0.072673218  0.180749111  0.0186870189 -0.019850956 -0.0891402570
  [9,] -0.074108016  0.206735373 -0.1126157069  0.198209762 -0.3183629519
 [10,]  0.047208607 -0.099445474  0.1307436682 -0.164561804 -0.0273927037
 [11,] -0.136242938 -0.172303411 -0.5874745903 -0.310347620  0.3974622096
 [12,] -0.127148061 -0.471686482  0.0623450130  0.423032710 -0.0151608776
 [13,] -0.083435027  0.150476589  0.0870794668  0.226263404  0.0014531551
 [14,]  0.033051824 -0.031338448 -0.0105088334 -0.034783918  0.1661221614
 [15,]  0.040754438 -0.308517403 -0.2542540678  0.058984334  0.1059792111
 [16,] -0.105230333 -0.069339068  0.0285932871 -0.045215214  0.1363277161
 [17,]  0.058407576  0.080849450 -0.1617491827 -0.272562592 -0.0086898728
 [18,]  0.019984457 -0.065161256 -0.0593849750  0.140632734 -0.1129052450
 [19,]  0.152123154  0.050373545 -0.2294779503  0.067867072  0.0717023577
 [20,]  0.121179417 -0.009108219  0.2049931422  0.268488231  0.1024439681
 [21,] -0.166356811  0.071704672 -0.6827243104  0.143878952  0.0423993326
 [22,]  0.060859037 -0.057321547 -0.0080731621  0.142671226  0.0036818595
 [23,]  0.017452622  0.114649348  0.5140470920 -0.304360277  0.2106313046
 [24,] -0.321325754 -0.221060783  0.1085139218 -0.671237535  0.1375051587
 [25,]  0.133788923  0.068358025  0.0264080203  0.059032297 -0.1252082890
 [26,] -0.391350896  0.480035657 -0.4991798679 -0.244654292  0.4078410753
 [27,]  0.234680639  0.805950354  0.4927752004  0.157673839  0.5620952964
 [28,] -0.125762796  0.155437271  0.1231564587  0.170592669  0.4878634639
 [29,]  0.111969808 -0.161402457 -0.0173893274 -0.061770691 -0.0403915512
 [30,] -0.023342074 -0.006662772  0.0628658478  0.078263210  0.1669872807
 [31,]  0.067749226  0.026056546 -0.0881101095  0.079670480  0.2383619221
 [32,]  0.085319231  0.108627685 -0.0039917574 -0.031074124 -0.0034643725
 [33,] -0.109354735  0.252291934 -0.1477969130  0.017048109 -0.0828606542
 [34,] -0.222503844  0.138108079 -0.1334562681  0.111094275  0.2482006665
 [35,] -0.092368207 -0.057721163 -0.0255775737  0.099395687  0.0201807797
 [36,] -0.191898510 -0.046438432  0.0933043305 -0.218636052 -0.0252208278
 [37,]  0.131205707 -0.140377327 -0.0253861709  0.144874118 -0.1615299103
 [38,]  0.295912346  0.713603091  0.1125603930  0.619144353  1.1176420776
 [39,]  0.020151340  0.106747708  0.0446484206  0.094543506 -0.0294261515
 [40,] -0.307530887  0.044079185  0.2385933578  0.239653183 -0.0423842039
 [41,] -0.030452466 -0.279863837 -0.0136464484 -0.368424624  0.0609681033
 [42,]  0.030871137  0.195823782  0.3763173531 -0.029590588  0.0448995283
 [43,] -0.016089396  0.013238488 -0.0513041495  0.053115516 -0.0702525520
 [44,]  0.004049328 -0.017143643 -0.0463899398 -0.025268136  0.0448311200
 [45,]  0.162594304  0.345163116  0.1008189304 -0.443432009 -0.5170423243
 [46,]  0.078890687  0.053028537 -0.1050160473  0.231028061 -0.0047379050
 [47,] -0.492939535 -0.176535136  0.0611231040 -0.639675527 -0.4394375645
 [48,] -0.038736177  0.174612319  0.2245193404  0.097987205  0.0183126084
 [49,]  0.051856184  0.066370917  0.0879246614  0.037172779  0.1359283654
 [50,]  0.056629004 -0.041913261 -0.1023153976 -0.037843991  0.0397553169
 [51,]  0.092513032 -0.005495409  0.0838771127 -0.097122772 -0.1251707228
 [52,] -0.051513395  0.112312259  0.2498252854 -0.291884133  0.1094945835
 [53,] -0.031967054 -0.106213684  0.0264882014  0.108706485  0.0612070800
 [54,] -0.033806730 -0.059974047  0.0574707219 -0.024768777  0.0215310638
 [55,]  0.108107373  0.132164415 -0.1946530609 -0.042091730  0.0725950471
 [56,] -0.056128263  0.048186654  0.0610895861 -0.167533074 -0.2626666150
 [57,] -0.391964047  0.106287928  0.0354634033 -0.287407222 -0.0776699585
 [58,]  0.027413353  0.015448446 -0.1822519312 -0.085548297 -0.1731184082
 [59,]  0.160233678 -0.145489260  0.1277178050 -0.131695447 -0.2549417278
 [60,]  0.078272182  0.030319248  0.0432697394 -0.008349171 -0.0068808812
 [61,]  0.096111129  0.011420547  0.0784253478 -0.149467319  0.0474316988
 [62,]  0.181995889  0.179720282  0.0387297605 -0.064920817 -0.0119226508
 [63,]  0.331437862 -0.071275753  0.0525122858  0.059871171  0.1220870144
 [64,] -0.083772747  0.001838859  0.1021918366 -0.014050049  0.1068430958
 [65,] -0.002538863  0.021683079 -0.0470441393 -0.033872529  0.1084494368
 [66,]  0.410359387 -0.094615670  0.1095361469 -0.005136891  0.0139528316
 [67,] -0.088391711  0.253242077  0.1145220834  0.108128863  0.3065767771
 [68,]  0.035035872  0.029986430 -0.0523681471 -0.135610316 -0.2050534301
 [69,] -0.093917605  0.072126360 -0.1007089344  0.055409911 -0.0201154539
 [70,]  0.144086140  0.032435542  0.1411349330  0.012969122 -0.0121021521
 [71,] -0.105848890  0.092803222  0.0797890410 -0.273965321  0.1069354826
 [72,]  0.052778851  0.059900348 -0.0793189927  0.121065370 -0.0302632811
 [73,]  0.147801976  0.348798079 -0.2131770572  0.080599510 -0.1372339731
 [74,]  0.301847296  0.145032075 -0.2721789360 -0.300586199  0.3220695995
 [75,] -0.044596401 -0.236853569 -0.0587927884 -0.012521285  0.3040216376
 [76,]  0.004502200  0.011165726  0.0607418284 -0.019673564 -0.0006004215
 [77,] -0.082265427  0.015151498  0.2841377262 -0.071460609  0.2611627969
 [78,]  0.293924192 -0.182926566  0.1801945364 -0.128550125  0.3308908683
 [79,]  0.125547489 -0.011805235  0.0457439661  0.059307175 -0.1491824009
 [80,] -0.227917512  0.301210028  0.0767238750 -0.169609439 -0.1740798553
 [81,] -0.260410928 -0.232898842  0.0754298547  0.101847377 -0.0500121438
 [82,]  0.185733029  0.040894861 -0.0749474468 -0.013451869  0.1575910846
 [83,] -0.036892275 -0.027429779  0.0189225208  0.060537528 -0.1343587654
 [84,]  0.069436506  0.105823924 -0.0771890192 -0.014688543 -0.2413399275
 [85,] -0.250133985 -0.096834588  0.0487120527  0.073711747 -0.0554543017
 [86,]  0.118200258 -0.004020482 -0.0984043804  0.129901101  0.0062273185
 [87,]  0.032604995 -0.054559279 -0.0432898366  0.102486424 -0.0033867196
 [88,] -0.164176767 -0.111050358  0.0174655188  0.135505527  0.0922891046
 [89,]  0.062987229 -0.060656430 -0.1577446421 -0.016349602 -0.0911505448
 [90,] -0.039716889 -0.007517788  0.0302811696  0.048635131 -0.0324917470
 [91,]  0.034386280 -0.068706793  0.1624846807 -0.111319939 -0.1547122861
 [92,]  0.140127775  0.015655433 -0.1951820930  0.049211049 -0.0447589903
 [93,]  0.077119796  0.174276877  0.0875012507  0.091698696 -0.1262031476
 [94,]  0.120626178 -0.185533086 -0.0005270588 -0.022046419 -0.1011911971
 [95,]  0.084063499  0.755726909 -0.0094403123  0.372409967 -0.0978257039
 [96,]  0.022936450  0.109192624  0.0931356846  0.085791668  0.1077025535
 [97,]  0.148683444 -0.040589225 -0.1745414258  0.050606308 -0.1737425758
 [98,] -0.074226715  0.026444650  0.0957414756  0.102471733  0.0583641558
 [99,] -0.121281531  0.145506216  0.1298435860  0.060503445 -0.1069365218
[100,] -0.088699737  0.051977106  0.1505824670  0.152946517  0.1822986934
 [1]  0.287645324  1.144448712  1.461710730  4.898724821  2.907422062
 [6]  1.968956647 -0.479172593  0.003888615  0.038695702  0.005713684
[11] -0.006796351  0.028659404
 [1] 0.05566268 0.29675482 0.34508899 0.36582169 0.31797207 0.18132182
 [7] 0.20563537 0.15463797 0.19345170 0.17554593 0.18932180 0.20865983
