[1] 1
         [,1]
[1,] 15.62954
[1] 2
        [,1]
[1,] 26.8927
[1] 3
         [,1]
[1,] 14.41781
[1] 4
         [,1]
[1,] 22.14261
[1] 5
         [,1]
[1,] 26.27317
[1] 6
         [,1]
[1,] 23.60833
[1] 7
        [,1]
[1,] 20.8365
[1] 8
         [,1]
[1,] 18.76885
[1] 9
         [,1]
[1,] 18.44145
[1] 10
         [,1]
[1,] 20.35688
[1] 11
        [,1]
[1,] 16.6164
[1] 12
         [,1]
[1,] 15.82647
[1] 13
         [,1]
[1,] 19.30388
[1] 14
         [,1]
[1,] 22.23982
[1] 15
        [,1]
[1,] 18.0131
[1] 16
         [,1]
[1,] 18.51223
[1] 17
         [,1]
[1,] 22.30433
[1] 18
         [,1]
[1,] 23.33387
[1] 19
         [,1]
[1,] 19.98138
[1] 20
         [,1]
[1,] 15.86724
[1] 21
         [,1]
[1,] 22.94289
[1] 22
         [,1]
[1,] 21.65812
[1] 23
        [,1]
[1,] 19.4661
[1] 24
         [,1]
[1,] 33.13133
[1] 25
         [,1]
[1,] 20.52066
[1] 26
         [,1]
[1,] 27.55243
[1] 27
         [,1]
[1,] 20.18493
[1] 28
         [,1]
[1,] 24.51636
[1] 29
         [,1]
[1,] 29.39265
[1] 30
         [,1]
[1,] 24.99109
[1] 31
         [,1]
[1,] 20.81705
[1] 32
         [,1]
[1,] 16.14411
[1] 33
         [,1]
[1,] 18.45985
[1] 34
         [,1]
[1,] 23.55963
[1] 35
         [,1]
[1,] 21.02321
[1] 36
         [,1]
[1,] 16.39491
[1] 37
         [,1]
[1,] 18.66932
[1] 38
         [,1]
[1,] 18.50388
[1] 39
         [,1]
[1,] 18.97652
[1] 40
         [,1]
[1,] 25.13451
[1] 41
         [,1]
[1,] 24.81965
[1] 42
         [,1]
[1,] 23.07647
[1] 43
         [,1]
[1,] 25.22951
[1] 44
         [,1]
[1,] 16.97608
[1] 45
         [,1]
[1,] 28.33665
[1] 46
         [,1]
[1,] 31.90296
[1] 47
         [,1]
[1,] 20.19026
[1] 48
         [,1]
[1,] 16.18654
[1] 49
         [,1]
[1,] 19.28533
[1] 50
         [,1]
[1,] 21.60496
[1] 51
         [,1]
[1,] 21.09975
[1] 52
         [,1]
[1,] 19.17741
[1] 53
        [,1]
[1,] 19.9395
[1] 54
         [,1]
[1,] 23.52728
[1] 55
         [,1]
[1,] 17.34422
[1] 56
         [,1]
[1,] 16.36722
[1] 57
         [,1]
[1,] 41.37568
[1] 58
         [,1]
[1,] 25.94949
[1] 59
         [,1]
[1,] 20.22789
[1] 60
         [,1]
[1,] 19.74672
[1] 61
         [,1]
[1,] 24.49921
[1] 62
         [,1]
[1,] 21.82487
[1] 63
         [,1]
[1,] 23.83644
[1] 64
         [,1]
[1,] 22.74652
[1] 65
         [,1]
[1,] 19.53174
[1] 66
         [,1]
[1,] 22.51649
[1] 67
         [,1]
[1,] 16.17819
[1] 68
         [,1]
[1,] 21.16214
[1] 69
         [,1]
[1,] 17.58208
[1] 70
         [,1]
[1,] 23.29471
[1] 71
         [,1]
[1,] 23.49128
[1] 72
         [,1]
[1,] 23.54009
[1] 73
         [,1]
[1,] 22.35511
[1] 74
         [,1]
[1,] 26.25689
[1] 75
         [,1]
[1,] 21.45004
[1] 76
         [,1]
[1,] 21.37841
[1] 77
         [,1]
[1,] 13.85283
[1] 78
         [,1]
[1,] 23.20536
[1] 79
         [,1]
[1,] 19.73885
[1] 80
         [,1]
[1,] 19.66566
[1] 81
         [,1]
[1,] 20.25508
[1] 82
         [,1]
[1,] 17.68597
[1] 83
         [,1]
[1,] 27.33918
[1] 84
         [,1]
[1,] 26.64063
[1] 85
         [,1]
[1,] 17.28238
[1] 86
         [,1]
[1,] 15.85066
[1] 87
         [,1]
[1,] 25.30075
[1] 88
         [,1]
[1,] 27.34456
[1] 89
         [,1]
[1,] 24.26893
[1] 90
         [,1]
[1,] 20.28851
[1] 91
         [,1]
[1,] 18.41053
[1] 92
         [,1]
[1,] 19.90907
[1] 93
         [,1]
[1,] 30.17025
[1] 94
         [,1]
[1,] 19.00851
[1] 95
         [,1]
[1,] 28.66945
[1] 96
         [,1]
[1,] 24.93271
[1] 97
         [,1]
[1,] 29.62541
[1] 98
        [,1]
[1,] 21.3935
[1] 99
         [,1]
[1,] 25.44003
[1] 100
         [,1]
[1,] 19.85071
            [,1]      [,2]      [,3]     [,4]     [,5]     [,6]         [,7]
  [1,] 0.2733310 1.0848141 1.2514858 4.936122 3.019969 1.899564 -0.240028969
  [2,] 0.2143688 1.6625823 1.8512818 4.930024 3.550478 2.513651 -0.321049629
  [3,] 0.2640577 1.1619707 1.5646002 5.083146 2.991839 2.181400 -0.534880767
  [4,] 0.2423259 1.6173530 1.6900862 5.239186 2.761753 2.891786 -0.718291101
  [5,] 0.2056308 1.6482574 1.6883342 5.149495 2.969589 2.506102 -0.958763251
  [6,] 0.2365074 0.9725198 1.6887772 5.074169 3.071524 1.894718 -0.610441921
  [7,] 0.3113093 1.2647928 1.3509833 4.948033 3.013532 1.951727 -0.421336188
  [8,] 0.2011606 0.9316506 2.0691516 4.670495 2.840994 2.246812 -0.421371777
  [9,] 0.2988604 1.1398539 1.2856948 5.201137 2.817625 2.402983 -0.243435182
 [10,] 0.3338960 1.1419184 1.6217480 4.857549 3.135733 1.957027 -0.608449578
 [11,] 0.2283716 1.1852425 1.8374583 5.051170 3.069929 2.029063 -0.462526667
 [12,] 0.2692184 1.5647562 1.3367037 4.899867 3.413450 2.346597 -0.607464431
 [13,] 0.2789286 1.0974889 1.4971997 4.948043 3.140963 2.063421 -0.551651451
 [14,] 0.2663263 1.3390226 2.2338270 4.663284 3.023265 2.312208 -0.680039063
 [15,] 0.3037817 0.9442446 1.8476651 4.749151 3.188345 1.986543 -0.406740817
 [16,] 0.1983749 1.3812005 1.1316919 4.581397 2.842344 1.768292 -0.394740627
 [17,] 0.1783147 1.6638271 1.8179593 4.872113 3.160698 1.493160 -0.514733654
 [18,] 0.1932436 1.4311090 0.6812396 5.093304 2.826024 2.284356 -0.172349568
 [19,] 0.2226538 1.1111615 1.3091646 4.843618 3.132821 1.807974 -0.351838403
 [20,] 0.2784330 0.9990090 1.0018817 4.881316 3.070803 1.898341 -0.427633372
 [21,] 0.2802660 0.9690265 1.1118858 5.124284 3.120305 1.946181 -0.351818833
 [22,] 0.2584304 1.1058996 1.6549406 5.053003 2.973943 1.882847 -0.775354294
 [23,] 0.2519137 1.3263381 1.7327240 5.064499 3.015006 1.936621 -0.124098594
 [24,] 0.1363092 1.0581455 0.9185553 2.640499 1.923589 1.140457 -0.184578516
 [25,] 0.2625967 1.0198576 1.6869716 5.022825 2.837202 2.057109 -0.301219365
 [26,] 0.2436269 1.4962164 1.7007635 4.992660 2.685373 1.964099 -0.746775012
 [27,] 0.2724208 1.0121907 1.3162617 4.999093 2.958925 2.097956 -0.419556367
 [28,] 0.2271957 1.1219494 1.6754825 5.015967 3.306004 1.862703 -0.446022416
 [29,] 0.1847728 1.6687536 1.0224360 4.419947 2.778246 1.430327 -0.543845127
 [30,] 0.2180796 1.2144334 1.5915702 5.061562 2.549903 1.958593 -0.776888364
 [31,] 0.2417782 1.0005149 1.5080299 4.931917 3.150803 1.971004 -0.408798754
 [32,] 0.2713813 0.9327428 1.5554376 5.135357 2.959378 1.829332 -0.461712848
 [33,] 0.2042396 1.6446863 1.4396264 4.915714 3.325689 1.688741 -0.444351235
 [34,] 0.2613742 0.9393138 1.5843631 4.895815 3.016339 1.929207 -0.639620914
 [35,] 0.2015878 1.0244500 1.5474153 5.057009 2.809840 2.010646 -0.655415217
 [36,] 0.2754703 1.1364914 1.9341179 4.965972 2.750425 1.686903 -0.477347455
 [37,] 0.2272233 1.0971822 1.5242168 4.850457 2.963867 2.064215 -0.599392816
 [38,] 0.2207626 1.4492665 0.7258800 5.031579 2.310504 2.007099 -0.183841018
 [39,] 0.2181692 0.9571077 1.7084242 5.034887 3.077487 1.699773 -0.430344440
 [40,] 0.2968934 0.9376471 1.7639293 4.824636 3.197075 1.752181 -0.616114224
 [41,] 0.2254866 1.4227258 1.8463277 4.931138 2.917856 1.949529 -0.526207874
 [42,] 0.1654389 1.3775872 1.4560211 3.267363 2.078074 1.834531 -0.414556845
 [43,] 0.2004198 1.5437394 2.5803565 4.737341 2.473612 1.741580 -1.051480701
 [44,] 0.2767263 1.1403169 1.8699456 4.829004 2.744758 2.340819 -0.723666094
 [45,] 0.2388167 1.3372412 1.0875736 4.771502 2.648434 1.976975 -0.382273409
 [46,] 0.1434438 0.6462357 0.8790979 2.597254 1.534722 1.032500 -0.369621068
 [47,] 0.2814380 1.0678513 1.1811941 4.966921 2.854023 2.013358 -0.381858145
 [48,] 0.1803944 1.0830733 0.9010529 4.912892 2.574275 2.040663 -0.406881153
 [49,] 0.2788492 1.3895951 1.3501379 5.258438 2.956373 1.983513 -0.684077242
 [50,] 0.2506459 0.9972849 1.3580273 5.116662 2.882556 1.996651 -0.371741722
 [51,] 0.2026942 1.6825367 1.4134871 4.935870 2.407127 1.547448 -0.668657905
 [52,] 0.2084954 2.1060350 0.4672396 5.966043 2.366329 2.266557 -0.005624886
 [53,] 0.2199487 0.9209027 1.0904114 5.117123 2.783819 2.011407 -0.781701393
 [54,] 0.2338879 0.9653911 1.3598432 4.909388 3.152942 1.884583 -0.438675201
 [55,] 0.3112948 1.0556586 1.6456728 4.926199 3.227873 2.145247 -0.474797699
 [56,] 0.2731275 1.1689137 1.5971116 5.094745 2.970484 2.244219 -0.393403384
 [57,] 0.2489173 0.9281135 1.5462470 4.972029 2.995335 2.036212 -0.414718408
 [58,] 0.1854430 1.3451750 1.8891349 4.826219 3.235865 2.046357 -0.454343552
 [59,] 0.2787977 1.0145391 1.6537577 5.055453 2.956195 1.921601 -0.268888712
 [60,] 0.2410087 1.0761318 1.6615782 5.031224 2.872545 2.034744 -0.457502004
 [61,] 0.2210423 1.6574625 1.0640757 5.116568 2.610416 1.733210 -0.937654547
 [62,] 0.2275565 1.2805528 1.7430195 5.041186 2.763273 1.573533 -0.533246328
 [63,] 0.2231377 1.2740932 1.1499597 4.783802 3.292591 1.620461 -0.836193930
 [64,] 0.2930388 1.2789100 1.4651238 5.096769 3.069838 1.865425 -0.583478996
 [65,] 0.2242141 1.9292788 1.0301046 4.874229 3.106435 2.112490 -0.723623179
 [66,] 0.2162353 1.0845351 1.3693105 4.890727 3.130182 2.024278 -0.505683424
 [67,] 0.2579525 1.1303231 1.5924320 4.979643 2.645350 2.121016 -0.275353300
 [68,] 0.2379823 1.0331586 1.6987426 4.892219 2.941792 2.189807 -0.571086263
 [69,] 0.2321585 1.7367325 2.0990478 5.246709 2.985325 2.150230 -1.057966165
 [70,] 0.2163530 1.1938240 1.8384115 4.961399 3.157482 2.142259 -0.498537099
 [71,] 0.2053301 1.2735873 1.0540079 4.461649 3.048629 1.937502 -0.756964959
 [72,] 0.2463582 0.8856069 1.7178940 4.897963 2.934817 1.937467 -0.618388109
 [73,] 0.2168629 1.1599298 1.6066451 4.874482 2.767937 2.189684 -0.631271860
 [74,] 0.1597538 1.5423907 1.2363668 4.811730 2.645299 1.731639 -0.569768060
 [75,] 0.2425259 1.3630353 2.1399478 5.253042 2.898785 2.149622 -0.167494869
 [76,] 0.3107853 0.9193704 1.5187905 4.900827 2.868046 1.953593 -0.634549627
 [77,] 0.2537304 1.0078847 1.3755441 4.926680 3.076678 2.026117 -0.403678611
 [78,] 0.1820599 1.3179919 1.8913688 4.995735 2.744763 1.848533 -0.096910740
 [79,] 0.1901860 1.1574706 1.6760865 4.972162 2.802038 2.372394 -0.705485520
 [80,] 0.2387072 1.0619911 1.8269974 4.914444 3.259010 1.981038 -0.328811610
 [81,] 0.2710223 1.2333010 0.9961837 4.871795 3.287359 2.297475 -0.315324863
 [82,] 0.2908107 1.0084895 1.4330208 4.907172 2.937893 1.989718 -0.454263542
 [83,] 0.2521126 1.0747733 1.6123915 4.909425 2.984525 1.750235 -0.550378159
 [84,] 0.2322111 1.3915838 2.0546085 4.923209 3.138271 2.120715 -0.494331135
 [85,] 0.1573040 1.6385553 1.4213533 4.494253 2.627754 2.161059  0.055534962
 [86,] 0.2888251 1.0088328 1.7436785 4.983715 2.929001 1.792018 -0.491011774
 [87,] 0.2004984 1.0520395 1.5321246 5.095376 2.804882 1.973060 -0.460807746
 [88,] 0.2653140 0.9955335 1.1456997 4.836287 2.969745 1.774825 -0.411712179
 [89,] 0.2290600 1.0071770 1.6851262 4.835533 2.943169 1.959290 -0.602828487
 [90,] 0.3565950 0.9749159 1.4779487 5.049117 3.074660 1.923887 -0.443140271
 [91,] 0.2469613 1.0750737 1.5301027 4.932404 2.973518 2.008941 -0.481443006
 [92,] 0.2542595 0.9683247 1.4147405 4.990989 2.964222 1.951981 -0.370986013
 [93,] 0.2301560 1.0013279 1.6369859 5.107800 2.889821 2.233564 -0.381318317
 [94,] 0.1965531 1.0072366 1.4644462 5.040277 2.877739 2.055646 -0.646383243
 [95,] 0.1494045 1.6697026 1.8004395 3.997572 1.800585 1.485744 -0.319650065
 [96,] 0.2130606 1.4455391 2.1623944 4.601637 3.504469 1.692163 -0.482995318
 [97,] 0.2060907 1.5191130 1.1116949 5.478968 2.843322 1.450511 -0.473390207
 [98,] 0.2530915 0.9118997 1.8118924 5.037634 3.013531 1.950519 -0.561947361
 [99,] 0.2728163 1.0076160 1.6645218 4.870564 2.882826 2.059039 -0.590185506
[100,] 0.2792846 1.1907643 1.3660511 4.919016 2.778256 1.947137 -0.200525921
               [,8]         [,9]        [,10]        [,11]        [,12]
  [1,]  0.120982560  0.209589432  0.088550189 -0.001180353 -0.310611280
  [2,] -0.106528100 -0.061225670  0.393911353  0.101850188 -0.111366038
  [3,]  0.181988384  0.062549245  0.132250112  0.165135075  0.119288339
  [4,] -0.116683096  0.117671059 -0.432335437 -0.073918295 -0.426009067
  [5,] -0.434806414 -0.192328030 -0.130856814  0.332170363 -0.074959244
  [6,] -0.028897107 -0.214052095 -0.094823437 -0.063859741 -0.009557235
  [7,] -0.086381642 -0.006125131  0.048293679 -0.161281522  0.070115965
  [8,]  0.085819940 -0.108597321 -0.024757393 -0.110501495 -0.081244198
  [9,]  0.225064120 -0.002705765  0.123392156 -0.125094742 -0.522996922
 [10,]  0.320127911 -0.065072957  0.041299334 -0.085022748 -0.109001644
 [11,] -0.215918421 -0.146402607 -0.330423954 -0.543355096  0.280061654
 [12,]  0.212556607 -0.200601174  0.194366564 -0.127236843 -0.453236833
 [13,] -0.042747250  0.026222584  0.106675177  0.047419156 -0.080291138
 [14,] -0.224322140 -0.208363522 -0.266011315  0.442957591 -0.126700507
 [15,]  0.056849109 -0.110475996 -0.121939838  0.165476476  0.050383357
 [16,]  0.108506963 -0.545077615  0.115643301 -0.555422942 -0.300766659
 [17,]  0.187059107 -0.190315767 -0.569782226 -0.852331151  0.345731493
 [18,] -0.054974431 -0.078616396  0.142719526  0.019809866 -0.132060481
 [19,]  0.022110261  0.045965223 -0.319906138 -0.017658729  0.148112975
 [20,]  0.100985699  0.003222649  0.159776189  0.204914501  0.058252255
 [21,] -0.116058406  0.062715089 -0.092524793  0.160203479  0.064820781
 [22,] -0.079820309 -0.074013552 -0.043061374  0.183086595 -0.076313108
 [23,]  0.043320249 -0.093860962  0.521287352 -0.104727010  0.202414957
 [24,] -0.346116173  0.165783088 -0.311181710  0.116203196  0.337704785
 [25,]  0.134263872  0.045224750 -0.003708187  0.033534642 -0.131338328
 [26,] -0.319862886 -0.293395075 -0.207123565 -0.213762145  0.550923061
 [27,] -0.077783788 -0.099060885  0.034478715  0.172747301  0.063416002
 [28,] -0.106337027  0.160888769  0.145489336  0.084343372  0.491421429
 [29,] -0.182883972 -0.347663386  0.486161144 -0.010338074 -0.750624577
 [30,]  0.031348114 -0.114799302 -0.064562299 -0.002829451  0.416279968
 [31,]  0.179783065 -0.092013565 -0.106887502  0.221369694  0.183571516
 [32,]  0.078877203  0.145130289  0.099822294  0.027287322  0.024878870
 [33,]  0.571631041 -0.271218458 -0.490462415 -0.283381217  0.491130755
 [34,]  0.180142859  0.064116288  0.113989154  0.150036684  0.189605391
 [35,] -0.024317633 -0.089373941 -0.051648652 -0.013286186  0.060394540
 [36,] -0.078327987  0.048690959  0.094904660  0.063240527 -0.151366727
 [37,]  0.136918608 -0.097027968 -0.071469425  0.137629648 -0.153284636
 [38,]  0.421560180  0.594060358  0.073505488  0.355940492  1.153002031
 [39,] -0.029283688 -0.141950354  0.007740735  0.090067137 -0.080629169
 [40,]  0.020145718 -0.012519841  0.020119382  0.070199604 -0.096021728
 [41,] -0.039053742 -0.487130349  0.081815240 -0.106939146  0.219119775
 [42,]  0.600444221  0.261293102  0.613120746  0.263757179  0.551547113
 [43,]  0.347816232 -0.094265911 -0.259093800 -0.240540793 -0.081260297
 [44,] -0.047773573 -0.105633587  0.108245922  0.019205368  0.188774459
 [45,] -0.177928513 -0.089194508  0.029364394 -0.266166940 -0.360799995
 [46,]  0.025699149  0.059949589 -0.118541803  0.127311861 -0.006200672
 [47,]  0.019934084  0.170203822  0.139679968  0.062487803  0.021949245
 [48,] -0.233797281  0.180143528  0.404185219 -0.320468180 -0.181278887
 [49,] -0.147354049  0.166844053  0.076175217  0.508284220 -0.242893316
 [50,] -0.150811810 -0.038780730 -0.223028209 -0.043580169  0.024527575
 [51,] -0.343284565  0.386542914  0.312639184 -0.515258534  0.228826384
 [52,]  0.316093631  0.300273235  0.877408602 -0.508852699  0.598130762
 [53,]  0.018495402 -0.108982963 -0.046117208  0.138829495  0.022715340
 [54,] -0.035400514 -0.027098501  0.041584143  0.035876088  0.044425047
 [55,]  0.046720289  0.087350509 -0.182040253 -0.072913352  0.072023827
 [56,] -0.094075322 -0.149533393 -0.200708651  0.072619204 -0.088695020
 [57,] -0.078355013  0.102962631  0.163816316 -0.234950186 -0.113050939
 [58,] -0.197620135  0.367150516 -0.221334059 -0.312874217  0.047715923
 [59,]  0.018544102 -0.081948039  0.087984655 -0.003633838 -0.161920276
 [60,]  0.038070908  0.103975531 -0.016690819  0.017089175 -0.003777103
 [61,]  0.082897926  0.523212442 -0.188069713 -0.372432538 -0.342210497
 [62,]  0.191314132  0.197321330 -0.168275776 -0.144371649 -0.073706866
 [63,]  0.362384424 -0.165155449 -0.226028078  0.024781313 -0.128953877
 [64,]  0.020172532  0.050498368 -0.046203532 -0.265541786 -0.020620533
 [65,]  0.340753895 -0.332705497 -0.136904236  1.397281822 -0.055918697
 [66,]  0.452578305 -0.026279002  0.074922800 -0.043585035  0.031908096
 [67,] -0.209705075  0.142347319 -0.008223285  0.112015369  0.082732860
 [68,]  0.138480896  0.137014291 -0.086092009 -0.076598473 -0.189949093
 [69,]  0.147503168  0.120799431  0.042382005 -0.422881450 -0.160986429
 [70,]  0.458505457 -0.024163180  0.030906391 -0.190098692 -0.081356289
 [71,] -0.123280004 -0.033642786  0.297766366 -0.501404594 -0.008757637
 [72,]  0.062516938  0.019616743 -0.071704498  0.071147090  0.028835032
 [73,]  0.159912169  0.343519279 -0.200149136  0.069584516 -0.078733928
 [74,]  0.123600397 -0.271474872 -0.954121193 -0.186301882  0.345917684
 [75,]  0.018112052 -0.304941442 -0.329347696  0.090116475  0.504991041
 [76,]  0.013729632  0.017045314  0.032174980 -0.012828328 -0.038428827
 [77,] -0.061654705 -0.180910246  0.068146690  0.030814705  0.178292736
 [78,]  0.612067984 -0.274297320  0.054173630 -0.051535673  0.123014248
 [79,] -0.005164247  0.335701725 -0.078538047  0.032479596  0.007299528
 [80,] -0.109765973  0.099466405  0.025109665 -0.141081133 -0.118368899
 [81,] -0.299222670 -0.215778986  0.041713592  0.356517083 -0.338551105
 [82,]  0.032235103  0.066881697 -0.134930990 -0.064939268  0.078889031
 [83,]  0.077229196  0.176860352  0.024863928 -0.189839299 -0.008809832
 [84,] -0.218855975  0.404549927 -0.022759500 -0.021748255 -0.241036306
 [85,] -0.535163416  0.562501489  0.248274557  0.765063513 -0.026257700
 [86,]  0.044354898  0.028205577 -0.122376507  0.272467399 -0.064325072
 [87,]  0.062215157 -0.119865448 -0.067577614  0.072443215 -0.064115949
 [88,] -0.132182394 -0.081647259  0.121474091  0.295696792  0.083826009
 [89,]  0.033067776 -0.199946195 -0.122169493 -0.031793248 -0.062260717
 [90,] -0.008561725 -0.039044436  0.022232133  0.101625172 -0.015803837
 [91,]  0.025471335 -0.046561560  0.150262381 -0.129302478 -0.158689332
 [92,]  0.100879990  0.032664948 -0.207440230  0.008331970 -0.057310470
 [93,]  0.054552694  0.171048004  0.070088902  0.077407232 -0.222983149
 [94,]  0.050997469 -0.115727468 -0.003771515  0.001290421 -0.067061919
 [95,] -0.342916194  0.774903908  0.612324670  0.446549690 -0.313240217
 [96,] -0.226148188  0.251020916  0.297218813 -0.168203673  0.324911903
 [97,]  0.441185972 -0.071523963 -0.054652608  0.253895965  0.159499607
 [98,] -0.041294959  0.040693555  0.143866235  0.103148176  0.018996163
 [99,] -0.038592125  0.204013956  0.161189294 -0.099025756  0.085511528
[100,]  0.224796230 -0.417579802  0.306188370 -0.075030895 -0.296014328
 [1]  0.2384026268  1.2119396533  1.5145346547  4.8870781396  2.9035901251
 [6]  1.9663803793 -0.4901877497  0.0261336268  0.0067773597  0.0067531801
[11]  0.0001383092  0.0072318352
 [1] 0.04190718 0.26585948 0.35314152 0.42517256 0.31563926 0.26648556
 [7] 0.20167551 0.21347021 0.22200096 0.24606428 0.27776668 0.26000405
