[1] 1
        [,1]
[1,] 5.75894
[1] 2
         [,1]
[1,] 9.519526
[1] 3
         [,1]
[1,] 4.307335
[1] 4
         [,1]
[1,] 8.496649
[1] 5
         [,1]
[1,] 7.810846
[1] 6
        [,1]
[1,] 9.08733
[1] 7
         [,1]
[1,] 7.010663
[1] 8
         [,1]
[1,] 6.469301
[1] 9
         [,1]
[1,] 6.603676
[1] 10
         [,1]
[1,] 5.228401
[1] 11
         [,1]
[1,] 6.901398
[1] 12
         [,1]
[1,] 5.532738
[1] 13
         [,1]
[1,] 6.853454
[1] 14
         [,1]
[1,] 7.807286
[1] 15
         [,1]
[1,] 6.322257
[1] 16
        [,1]
[1,] 7.82848
[1] 17
         [,1]
[1,] 6.254803
[1] 18
        [,1]
[1,] 10.0032
[1] 19
         [,1]
[1,] 8.020068
[1] 20
         [,1]
[1,] 6.739182
[1] 21
         [,1]
[1,] 7.763046
[1] 22
         [,1]
[1,] 6.678339
[1] 23
         [,1]
[1,] 7.265132
[1] 24
         [,1]
[1,] 11.60352
[1] 25
         [,1]
[1,] 5.751004
[1] 26
         [,1]
[1,] 9.125306
[1] 27
         [,1]
[1,] 7.263412
[1] 28
         [,1]
[1,] 9.550809
[1] 29
         [,1]
[1,] 7.851933
[1] 30
         [,1]
[1,] 8.864359
[1] 31
         [,1]
[1,] 6.346355
[1] 32
         [,1]
[1,] 6.356007
[1] 33
         [,1]
[1,] 5.994977
[1] 34
         [,1]
[1,] 6.112255
[1] 35
         [,1]
[1,] 9.275091
[1] 36
        [,1]
[1,] 4.66942
[1] 37
         [,1]
[1,] 6.953769
[1] 38
         [,1]
[1,] 6.052936
[1] 39
         [,1]
[1,] 6.562535
[1] 40
         [,1]
[1,] 7.909092
[1] 41
         [,1]
[1,] 7.554477
[1] 42
         [,1]
[1,] 6.650106
[1] 43
        [,1]
[1,] 9.01179
[1] 44
         [,1]
[1,] 5.505178
[1] 45
         [,1]
[1,] 8.752826
[1] 46
         [,1]
[1,] 10.55559
[1] 47
        [,1]
[1,] 7.63451
[1] 48
         [,1]
[1,] 6.165364
[1] 49
         [,1]
[1,] 7.076034
[1] 50
         [,1]
[1,] 6.498478
[1] 51
         [,1]
[1,] 6.570767
[1] 52
         [,1]
[1,] 7.440402
[1] 53
         [,1]
[1,] 7.001517
[1] 54
         [,1]
[1,] 7.358771
[1] 55
         [,1]
[1,] 6.097603
[1] 56
         [,1]
[1,] 6.093515
[1] 57
         [,1]
[1,] 16.27493
[1] 58
         [,1]
[1,] 9.256545
[1] 59
         [,1]
[1,] 7.861705
[1] 60
         [,1]
[1,] 6.878076
[1] 61
         [,1]
[1,] 8.474479
[1] 62
         [,1]
[1,] 7.497543
[1] 63
         [,1]
[1,] 7.712079
[1] 64
         [,1]
[1,] 9.355834
[1] 65
        [,1]
[1,] 6.18558
[1] 66
         [,1]
[1,] 7.315725
[1] 67
         [,1]
[1,] 4.861997
[1] 68
         [,1]
[1,] 7.598262
[1] 69
         [,1]
[1,] 6.825843
[1] 70
         [,1]
[1,] 7.325344
[1] 71
         [,1]
[1,] 8.051342
[1] 72
         [,1]
[1,] 10.53179
[1] 73
         [,1]
[1,] 7.650054
[1] 74
         [,1]
[1,] 9.857968
[1] 75
         [,1]
[1,] 6.320364
[1] 76
         [,1]
[1,] 6.855618
[1] 77
         [,1]
[1,] 5.008324
[1] 78
        [,1]
[1,] 8.53936
[1] 79
         [,1]
[1,] 6.998849
[1] 80
         [,1]
[1,] 5.972067
[1] 81
         [,1]
[1,] 7.988071
[1] 82
         [,1]
[1,] 5.610773
[1] 83
         [,1]
[1,] 9.383993
[1] 84
         [,1]
[1,] 11.38894
[1] 85
         [,1]
[1,] 6.196433
[1] 86
         [,1]
[1,] 4.799578
[1] 87
         [,1]
[1,] 10.05728
[1] 88
         [,1]
[1,] 8.268181
[1] 89
         [,1]
[1,] 8.843453
[1] 90
         [,1]
[1,] 6.033737
[1] 91
         [,1]
[1,] 6.761993
[1] 92
         [,1]
[1,] 6.687916
[1] 93
         [,1]
[1,] 10.54761
[1] 94
         [,1]
[1,] 7.827228
[1] 95
         [,1]
[1,] 8.737897
[1] 96
        [,1]
[1,] 8.60504
[1] 97
         [,1]
[1,] 10.35557
[1] 98
        [,1]
[1,] 6.25058
[1] 99
         [,1]
[1,] 8.943749
[1] 100
         [,1]
[1,] 6.231533
            [,1]      [,2]     [,3]     [,4]     [,5]     [,6]       [,7]
  [1,] 0.4693959 1.0175167 1.451196 4.900561 3.031310 2.049169 -0.5622600
  [2,] 0.5095267 0.8863056 1.503083 4.891301 2.915411 2.065420 -0.5707563
  [3,] 0.3884170 1.1842631 1.433244 4.937310 3.046733 2.132853 -0.5990414
  [4,] 0.4151656 0.8655327 1.381041 4.983633 2.915055 2.058243 -0.5125384
  [5,] 0.4202155 1.0541878 1.514737 4.983547 3.015970 2.030179 -0.6627294
  [6,] 0.3877753 0.8962817 1.530991 5.003006 3.054013 1.975927 -0.5869730
  [7,] 0.4396816 1.1598928 1.324302 4.968762 3.046314 1.931002 -0.5040894
  [8,] 0.3244490 0.9818077 1.727423 4.912042 2.882433 2.024555 -0.6711842
  [9,] 0.3805329 0.9147647 1.670694 4.971734 3.065476 2.137758 -0.4547719
 [10,] 0.5179457 0.9602661 1.411640 4.995549 3.059705 2.069087 -0.5614489
 [11,] 0.4047744 0.9689430 1.384703 4.962619 3.037630 2.038005 -0.4841102
 [12,] 0.6220759 0.9826207 1.501505 5.047977 2.868080 1.929022 -0.3923188
 [13,] 0.4393127 1.0131743 1.570057 4.915261 3.112320 2.035115 -0.5553052
 [14,] 0.4349691 1.0323082 1.345655 4.961063 2.984637 2.098112 -0.4935184
 [15,] 0.5167544 0.9644017 1.784965 4.769390 2.909011 2.031330 -0.5018895
 [16,] 0.4382154 1.0860600 1.466438 4.911037 3.059718 2.088210 -0.6592024
 [17,] 0.4173791 0.9926716 1.643285 4.905068 3.120361 2.004387 -0.4358792
 [18,] 0.4452897 0.9579608 1.602251 4.941304 2.964485 2.009914 -0.5620579
 [19,] 0.3963004 1.0915511 1.499988 4.906448 2.938111 1.986297 -0.6350069
 [20,] 0.3500565 0.9735840 1.233674 4.935548 2.769486 1.804619 -0.4231656
 [21,] 0.3935248 0.8959904 1.122897 5.099408 3.116650 2.041652 -0.3505667
 [22,] 0.3774099 1.1026595 1.646153 5.116834 2.882394 1.979965 -0.6476000
 [23,] 0.4625387 1.0860385 1.728550 4.906160 2.950997 2.066157 -0.4701869
 [24,] 0.5439217 0.8939934 1.344994 4.770517 3.014937 2.021646 -0.4750017
 [25,] 0.4677837 0.9272743 1.536916 5.003764 2.944983 2.033379 -0.3512587
 [26,] 0.4316330 1.1849335 1.557425 4.893486 3.049373 2.041974 -0.5449407
 [27,] 0.3667265 1.0323785 1.280886 4.993345 2.944416 2.102819 -0.4272974
 [28,] 0.3547503 1.0678435 1.567226 5.078821 2.884522 1.972656 -0.5505730
 [29,] 0.4302168 1.0283705 1.274042 5.102246 2.938779 2.047887 -0.5962249
 [30,] 0.4595419 1.0845883 1.576039 5.037060 3.088723 2.001124 -0.3871385
 [31,] 0.4469869 0.8593789 1.821697 5.012093 3.002709 2.007953 -0.5380454
 [32,] 0.3851174 0.9525669 1.504486 5.113302 2.953890 1.840633 -0.4859836
 [33,] 0.3271404 0.9410092 1.471345 4.963152 2.968779 1.997717 -0.4785919
 [34,] 0.3317703 1.0220245 1.404870 4.974420 2.933788 1.969887 -0.7460942
 [35,] 0.2787984 0.9835111 1.629318 5.001953 2.869828 1.892922 -0.6294534
 [36,] 0.3185281 1.1500430 1.757820 4.770228 3.172088 1.799637 -0.3901690
 [37,] 0.3404334 1.0511926 1.407750 4.859246 2.923368 2.065200 -0.6754580
 [38,] 0.4440799 1.1148419 1.400828 5.147261 2.825357 1.911004 -0.4192003
 [39,] 0.3390631 0.9112815 1.552522 4.867304 3.081864 1.923621 -0.4511440
 [40,] 0.4459925 0.9336113 1.733875 4.961213 3.041679 1.817132 -0.4573696
 [41,] 0.3084548 1.2438357 1.383861 4.923646 2.765492 1.946948 -0.3937679
 [42,] 0.4078881 0.9624209 1.153488 5.009270 2.853083 2.015142 -0.5548708
 [43,] 0.3644298 0.8707752 1.104833 5.043801 2.951375 1.958464 -0.4969740
 [44,] 0.4102133 0.9447332 1.762808 5.033244 2.892730 2.008628 -0.4319063
 [45,] 0.3498569 1.0867188 1.377744 4.984881 3.064091 1.942882 -0.4326845
 [46,] 0.4002881 1.0005361 1.562634 5.092466 2.996958 1.860866 -0.3893131
 [47,] 0.4347695 0.9997328 1.111338 4.953913 3.063029 1.977321 -0.4349543
 [48,] 0.2919480 1.0629775 1.360217 4.930710 2.856049 1.979440 -0.3523933
 [49,] 0.4929130 0.9170615 1.524886 5.016801 2.996571 1.943305 -0.4884559
 [50,] 0.3437957 0.8808363 1.369491 5.099393 2.969181 1.908310 -0.4299173
 [51,] 0.4021664 1.0799765 1.436655 5.002663 2.877162 1.861266 -0.5651123
 [52,] 0.5160472 1.0749773 1.212490 5.048044 2.961931 2.012158 -0.6036245
 [53,] 0.3851214 0.7799229 1.489516 5.071689 2.910724 2.002050 -0.5213157
 [54,] 0.3248210 0.9907625 1.398340 4.826769 3.162730 1.864442 -0.4048161
 [55,] 0.5276643 0.9339849 1.604958 4.935456 3.134242 2.107295 -0.3953098
 [56,] 0.4156693 1.1393155 1.718415 5.053645 3.111887 2.042018 -0.4518512
 [57,] 0.2682472 1.3363392 2.270420 4.653655 2.755478 1.961944 -0.4294519
 [58,] 0.3572659 1.0634274 1.603376 4.964178 3.002486 1.946445 -0.4010311
 [59,] 0.4158891 0.9623456 1.481648 5.074720 2.942138 1.881486 -0.4583939
 [60,] 0.3815974 0.8180320 1.487481 4.998297 3.067937 2.032336 -0.4742612
 [61,] 0.5768777 0.9099488 1.423706 4.995551 3.043566 1.923793 -0.5347884
 [62,] 0.3310478 1.2946353 1.183581 4.872836 2.902781 1.769945 -0.4671723
 [63,] 0.4342019 0.9154915 1.526070 5.004679 3.048808 1.877465 -0.5639486
 [64,] 0.4473093 1.0015594 1.804278 5.016613 3.012949 2.074284 -0.4907562
 [65,] 0.6487899 0.9652819 1.394657 4.956243 3.003687 1.879806 -0.4778133
 [66,] 0.4132054 0.9805613 1.160368 4.876594 3.058805 1.923397 -0.5882623
 [67,] 0.3146527 1.2173297 1.899960 4.872156 2.585448 2.092635 -0.4116458
 [68,] 0.4030028 1.0226783 1.862480 5.015973 2.962449 2.200791 -0.4805144
 [69,] 0.3850195 0.9679632 1.687425 4.978520 2.827799 2.147619 -0.6045699
 [70,] 0.3207881 1.0467561 1.767333 5.081715 2.958068 1.960714 -0.3293176
 [71,] 0.3837974 1.1344033 1.715637 5.007167 3.018079 1.792875 -0.6475468
 [72,] 0.3666628 0.9692831 1.540049 4.781830 2.796221 2.018473 -0.8017547
 [73,] 0.3763987 1.1024104 1.465069 4.801087 2.974536 1.953969 -0.5265863
 [74,] 0.5580754 0.9232094 1.469134 4.861132 3.027165 2.019500 -0.5475301
 [75,] 0.4546664 0.9919257 1.632701 5.065175 3.029522 2.081622 -0.5416082
 [76,] 0.4398712 0.8490959 1.688847 4.914819 2.922742 1.853829 -0.5940472
 [77,] 0.4086300 0.9812602 1.260586 4.958146 3.027650 2.144870 -0.4322121
 [78,] 0.3944933 0.8916206 1.565651 5.102482 3.000027 2.019370 -0.4660209
 [79,] 0.3802856 1.0126519 1.356997 5.068720 2.993706 2.101807 -0.4555802
 [80,] 0.4421148 0.9016236 1.476880 4.906927 3.143148 1.944696 -0.5662049
 [81,] 0.3654886 1.1467897 1.398701 4.974678 3.135654 2.133033 -0.4368991
 [82,] 0.4288459 0.9710478 1.529242 4.920948 3.059337 2.020039 -0.3451133
 [83,] 0.3676838 1.2175620 1.982184 4.611382 2.709526 2.272594 -0.4914378
 [84,] 0.4023156 0.9978287 1.603469 5.066919 2.975072 1.937720 -0.4656349
 [85,] 0.4105233 0.9789777 1.679250 4.993048 2.986389 1.995718 -0.4357983
 [86,] 0.4414473 0.9946080 1.549099 5.046133 2.890044 1.946299 -0.5855165
 [87,] 0.3159516 0.9653060 1.572260 5.080518 2.814994 1.963574 -0.4477969
 [88,] 0.4430367 0.8900369 1.493314 5.071310 3.003115 1.911683 -0.4232882
 [89,] 0.3458365 1.0096994 1.578445 4.782077 3.051253 1.962673 -0.6264933
 [90,] 0.5253052 0.8990218 1.418628 4.990082 3.107704 1.918079 -0.4881525
 [91,] 0.3410815 0.9437056 1.606102 4.959020 2.963623 2.027464 -0.4712359
 [92,] 0.3850197 1.0374730 1.270811 5.023297 2.978579 1.958238 -0.3831027
 [93,] 0.3974809 0.9166352 1.412537 4.984092 3.004976 2.117365 -0.4731782
 [94,] 0.2731992 1.0287219 1.448196 4.991768 2.862328 2.021263 -0.6623391
 [95,] 0.4236204 1.0329765 1.814330 4.903940 2.968295 1.811356 -0.4698461
 [96,] 0.5658998 0.9591285 1.422434 4.953300 2.965078 1.919133 -0.4148383
 [97,] 0.4400009 0.8811018 1.494451 5.143687 2.945685 1.910409 -0.4838190
 [98,] 0.3263561 0.9916933 1.795848 5.043581 3.125533 1.876378 -0.4812086
 [99,] 0.4033695 0.8647940 1.685505 5.000372 2.936356 1.985543 -0.5576627
[100,] 0.3905471 0.8786071 1.439429 4.999826 2.977753 2.154548 -0.4555093
               [,8]          [,9]        [,10]         [,11]        [,12]
  [1,]  0.008391189  0.0871907925  0.105217680 -0.1198837174 -0.091144802
  [2,] -0.133561910  0.0007140717  0.034192608 -0.0629201838  0.102091822
  [3,]  0.123960687 -0.0233710832  0.094171117  0.1445128784  0.088177272
  [4,]  0.014177814  0.0032303751 -0.161871263 -0.0616690498 -0.066380816
  [5,] -0.003001619  0.0733825654 -0.056596781  0.1570198339  0.051333657
  [6,] -0.069831633 -0.0846748323  0.025652399  0.0478069161 -0.092654477
  [7,] -0.106555871  0.0473970042  0.104768937 -0.1164984907  0.149617058
  [8,]  0.062405430  0.2021840791  0.020892616 -0.0155634456 -0.068120130
  [9,] -0.073708757  0.0938177818  0.068561031  0.1680451376 -0.092460352
 [10,]  0.057841402 -0.1027140772  0.155154478 -0.1492146075 -0.029804966
 [11,] -0.216481698 -0.0847950748 -0.117178808 -0.0002451901  0.009568276
 [12,] -0.061057109 -0.0028568512  0.013772404  0.1122039699 -0.020417377
 [13,]  0.112763309 -0.0629512463  0.030612567  0.1614932042  0.146831861
 [14,] -0.050776582 -0.0881504690 -0.004978608 -0.0085792580  0.084534712
 [15,]  0.104207464 -0.0843041159 -0.225000628 -0.0718570548  0.044028745
 [16,] -0.011069264 -0.2088284384  0.061965900 -0.1513853612  0.146194694
 [17,]  0.127911745  0.0429927910 -0.169148651 -0.0410069079 -0.244704464
 [18,]  0.016535017 -0.0548971767 -0.125900894  0.0726217860 -0.103863864
 [19,]  0.046528250 -0.0086062127  0.022451323 -0.0168266586 -0.025881388
 [20,]  0.224140104  0.0205742434  0.195048039  0.2199901493  0.041777288
 [21,] -0.102623694  0.0395227303 -0.065935281  0.1606097045  0.054636427
 [22,]  0.029501354 -0.0053193345 -0.068795282 -0.0104278554  0.148398776
 [23,]  0.018417744 -0.0191507356  0.076298680  0.0625877790  0.070513900
 [24,]  0.007422834 -0.0608303632  0.064196141  0.0074321122 -0.044867886
 [25,]  0.046160174  0.0109346714  0.053971954  0.0182470379 -0.094023750
 [26,] -0.056037109  0.0049652398 -0.150404617  0.0972810507  0.103357423
 [27,] -0.067214895 -0.0723834125  0.028820706  0.1823857564  0.144447133
 [28,] -0.003544675 -0.1095169741  0.159915317  0.1496101543  0.083195380
 [29,]  0.021460481 -0.0780900292  0.071105713  0.0234484023  0.002851951
 [30,]  0.103778704 -0.0424556542 -0.018010375 -0.1010816365  0.085154560
 [31,]  0.051485188  0.0104617806 -0.084871114 -0.0013614885  0.062100539
 [32,]  0.100337501  0.1307847152  0.106779079  0.0378426443 -0.004389926
 [33,]  0.121107740  0.1886286077 -0.003205468  0.0054585381 -0.041410352
 [34,]  0.056794330  0.0949140749 -0.031575105  0.1579337568  0.108502964
 [35,] -0.057974433 -0.0974369906  0.119680260  0.0919332386  0.014723030
 [36,] -0.143377770 -0.1339088448  0.023425930 -0.0801192933  0.155519026
 [37,]  0.063876130 -0.0627346528 -0.004375869  0.0193565255 -0.116421267
 [38,]  0.016869851  0.0577210550  0.063209875 -0.0268511035 -0.067552114
 [39,] -0.029376943  0.0250158419  0.049880809  0.0945065546 -0.053974784
 [40,]  0.191797338  0.1076694091 -0.040188740  0.0557104046 -0.026929311
 [41,] -0.141849725 -0.2690983161  0.031665799 -0.4012363347  0.213455736
 [42,]  0.066654930  0.0744190215 -0.014626746  0.0774020747 -0.012436028
 [43,] -0.025997585  0.0218687331 -0.058001275  0.0776364479 -0.072254068
 [44,] -0.013197690 -0.1012428811 -0.086902564  0.0415443889 -0.053414317
 [45,]  0.032341961 -0.0401464856  0.084350376  0.0185666895 -0.060468233
 [46,]  0.060548261 -0.0367821419 -0.013904476  0.0528741572 -0.028376303
 [47,] -0.028360720  0.0555247077  0.018289573  0.0169102401 -0.014721829
 [48,] -0.065005394  0.2086981270  0.260441395  0.0855998894 -0.007414905
 [49,]  0.003746833  0.0021749563  0.057893274  0.0044240043  0.017533595
 [50,]  0.035024710 -0.0412551130 -0.106470102 -0.0411420628  0.057105806
 [51,]  0.186440477  0.0570324701 -0.115530494 -0.1079025108 -0.173734188
 [52,]  0.079039007  0.1597523284  0.145529634 -0.1024990228  0.045671265
 [53,] -0.005445451 -0.0510766744  0.064528437 -0.0211713610  0.045836419
 [54,] -0.028267189 -0.0616956382  0.062700050 -0.0283768415  0.033463113
 [55,]  0.078386495  0.1328902443 -0.107288952  0.0378361241  0.029852030
 [56,] -0.054749041 -0.0475956460 -0.232064153 -0.2717241954 -0.116385166
 [57,] -0.088790615 -0.1806299261 -0.122709499 -0.0166236139 -0.377696504
 [58,]  0.042235764  0.0518423085 -0.129845988 -0.0727402845 -0.061888853
 [59,]  0.103209039  0.0116836773  0.086345658 -0.0484696777  0.025795845
 [60,]  0.123645503  0.0378198221  0.022043123 -0.0309156932  0.050256898
 [61,]  0.126936385 -0.0325382133 -0.126697193 -0.0195674261 -0.040914427
 [62,]  0.020929391  0.4505766963  0.002999246 -0.0069653266  0.147598769
 [63,]  0.058353118 -0.0817026141  0.061307754 -0.0130596513  0.099934443
 [64,] -0.071644652 -0.0174161164  0.097293818 -0.0143156230  0.073473498
 [65,]  0.105154940  0.0154016172 -0.032722725  0.0427181597  0.113851255
 [66,] -0.021897177  0.0317965811 -0.016012541 -0.0878441574  0.033323537
 [67,] -0.139683824  0.0183526874  0.087802616  0.0712026406  0.359334016
 [68,] -0.058480115 -0.0743911339 -0.012086334  0.0094333621 -0.103818548
 [69,] -0.007737899  0.0495731582 -0.069820410 -0.1118904667  0.019523907
 [70,]  0.372813801 -0.0326542150  0.216953798  0.0460917188  0.078557824
 [71,]  0.098963116 -0.0568131667  0.020205336 -0.0315924184  0.042939704
 [72,]  0.057399074 -0.0225615661 -0.109465797  0.1275048693 -0.181541496
 [73,]  0.152816903  0.1575325399 -0.028486917 -0.0869710133  0.083287853
 [74,] -0.016388860  0.0448560310  0.025752501 -0.3135033148  0.070459795
 [75,] -0.032916818 -0.0660173612 -0.163246811 -0.1626011938 -0.037024642
 [76,]  0.124848678  0.0136644659  0.033673091 -0.0363540274 -0.113281902
 [77,]  0.005910477 -0.1480980377  0.030239533  0.0040274146  0.132673539
 [78,] -0.008065484 -0.0157789022  0.054419660 -0.0878983251 -0.030469258
 [79,]  0.156895285  0.0053235232  0.103856757  0.0431305872 -0.279020432
 [80,]  0.021390981  0.0697446785  0.078648163 -0.0420706740 -0.002851893
 [81,] -0.250435226 -0.2012004841  0.025293237  0.1335855479 -0.133362556
 [82,]  0.206079065  0.0429149504 -0.057233937 -0.0648016206  0.055105499
 [83,] -0.087063847  0.0043372001 -0.354428845  0.2288825046 -0.134271818
 [84,] -0.014514921  0.0878961967  0.003486459  0.0728893723 -0.122303484
 [85,]  0.004388232 -0.2297872122  0.109109413  0.1678104138  0.103693468
 [86,]  0.079330243 -0.0377377267  0.013295410  0.0168784745  0.027796745
 [87,]  0.031916425 -0.0769553867 -0.050675284  0.0831025720 -0.039670564
 [88,] -0.001167044 -0.0135198372  0.063477661 -0.0618958050 -0.045718084
 [89,]  0.085434414 -0.0522607005 -0.164157070 -0.1098745424 -0.135012480
 [90,] -0.022215951 -0.0540484952  0.011697347  0.0786393666 -0.024653252
 [91,]  0.034461783 -0.0320239218  0.146097756 -0.1353002455 -0.186187744
 [92,]  0.115659626  0.0490432743 -0.251597145  0.1622963405 -0.009006238
 [93,] -0.003030869  0.0847046981 -0.022915460 -0.0952984240 -0.069898643
 [94,]  0.115563910 -0.1999787142 -0.010098168 -0.0081577082 -0.129912603
 [95,]  0.011324289  0.1228478083 -0.024097391  0.0665003014  0.038007271
 [96,]  0.000261801  0.1602442388  0.065957044  0.0710525298  0.080028940
 [97,]  0.095739289  0.0524714776 -0.091936192  0.1131017779 -0.146715062
 [98,] -0.163547226 -0.0792202145  0.078371470  0.0065946375  0.115969118
 [99,] -0.091284380 -0.0624527054  0.082120459  0.0439944263 -0.108045136
[100,] -0.055193573  0.0703348913  0.127198852  0.1071375884  0.020460216
 [1]  0.409361376  1.000417414  1.517907496  4.968705552  2.975191033
 [6]  1.989114839 -0.501377003  0.019385907 -0.003172312  0.002217303
[11]  0.006891513 -0.002249261
 [1] 0.07213984 0.10277707 0.19617238 0.09779666 0.10241901 0.09414705
 [7] 0.09195467 0.09554113 0.10239592 0.10387673 0.10666246 0.10877668
