[1] "symGSN with em and glmnet for mu=10.000000, p=0.250000, sigma=1.000000.rds"
[1] 1
         [,1]
[1,] 0.696322
 [1]  0.2807950  0.6042736 10.0281244  1.2604867  4.9944352  2.9601687
 [7]  1.8601894 -0.2073994  0.0000000  0.0000000
[1] 2
          [,1]
[1,] 0.8825469
 [1]  0.2218305  0.5826906  9.9776703  1.3844000  4.6837885  2.9801769
 [7]  1.8566618 -0.3586727  0.0000000  0.0000000
[1] 3
          [,1]
[1,] 0.8472176
 [1]  0.2499374  0.5749093 10.0669347  1.3471174  5.0659127  2.8789015
 [7]  1.7811717 -0.4075831  0.0000000  0.0000000
[1] 4
          [,1]
[1,] 0.7630703
 [1]  0.2604894  0.6196802 10.0117772  1.3392817  4.9836933  2.9937916
 [7]  1.9233879 -0.4642034  0.0000000  0.0000000
[1] 5
          [,1]
[1,] 0.7303921
 [1]  0.219851861  0.533198938 10.033067502  1.642866591  4.765835845
 [6]  2.872978436  1.920128912 -0.392653250 -0.002604412  0.000000000
[1] 6
          [,1]
[1,] 0.7818173
 [1]  0.2331144  0.5268136  9.8004494  1.3975192  4.7853338  2.9072990
 [7]  1.7981803 -0.6760463  0.0000000  0.0000000
[1] 7
          [,1]
[1,] 0.7216306
 [1]  0.30239081  0.63987649  9.96264680  1.43180452  4.79279445  2.94285370
 [7]  1.85277025 -0.34724940 -0.05298651  0.00000000
[1] 8
          [,1]
[1,] 0.8746485
 [1]  0.20823886  0.53706294  9.89208893  1.26896803  4.72413165  2.94358954
 [7]  1.94114556 -0.21645181 -0.01116649  0.00000000
[1] 9
          [,1]
[1,] 0.8384485
 [1]  0.22722373  0.57753688 10.00678040  1.44046250  5.09936186  3.00243500
 [7]  1.94680810 -0.43596871  0.04118416  0.04220235
[1] 10
          [,1]
[1,] 0.7692535
 [1]  0.2638188  0.6072891  9.8592602  1.4761440  5.0090356  2.9906784
 [7]  2.0459935 -0.5137662  0.0000000  0.0000000
[1] 11
          [,1]
[1,] 0.8316955
 [1]  0.24451319  0.56875617 10.06686169  1.39833745  4.75419516  2.79616557
 [7]  1.82546844 -0.44688373  0.06346341  0.00000000
[1] 12
         [,1]
[1,] 0.656137
 [1]  0.27624313  0.54361992 10.01713151  1.50838638  4.81907037  2.81012163
 [7]  1.94583028 -0.61829946  0.00000000  0.05766945
[1] 13
          [,1]
[1,] 0.9226703
 [1]  0.2651797  0.6413211 10.0346969  1.4612878  4.8196344  2.8902418
 [7]  1.9870788 -0.2522588  0.0000000  0.0000000
[1] 14
          [,1]
[1,] 0.8746721
 [1]  0.2570936  0.6403760 10.0804176  1.5737247  5.0971303  2.7473794
 [7]  1.9765918 -0.4232658  0.0000000  0.0000000
[1] 15
          [,1]
[1,] 0.9993861
 [1]  0.2525212  0.6348014  9.9666653  1.3360983  4.8158488  2.8912240
 [7]  1.9583345 -0.5393009  0.0000000  0.0000000
[1] 16
          [,1]
[1,] 0.7160965
 [1]  0.26249796  0.58686076 10.06989610  1.55831000  5.00061842  2.93867853
 [7]  1.85045858 -0.40787264  0.06329094  0.00000000
[1] 17
          [,1]
[1,] 0.7360534
 [1]  0.22877665  0.58401195  9.94241013  1.34933127  4.79938073  2.80019505
 [7]  1.93040776 -0.46858634  0.00000000  0.02392033
[1] 18
          [,1]
[1,] 0.6928689
 [1]  0.25062670  0.48261873  9.85322453  1.27655268  4.87035430  2.91435961
 [7]  1.82000507 -0.43150438  0.00000000 -0.01946085
[1] 19
          [,1]
[1,] 0.7835264
 [1]  0.2221596  0.6009658 10.1122949  1.1908260  4.7897780  2.9473762
 [7]  1.5863841 -0.2488223  0.0000000  0.0000000
[1] 20
          [,1]
[1,] 0.7642527
 [1]  0.2506377  0.6122296 10.0310774  1.4194490  4.8463937  2.9542234
 [7]  1.9112708 -0.2920774  0.0000000  0.0000000
[1] 21
          [,1]
[1,] 0.8128148
 [1]  0.3174761  0.5978915  9.8233654  1.2828539  4.9005536  2.9565825
 [7]  1.8154841 -0.3100995  0.0000000  0.0000000
[1] 22
          [,1]
[1,] 0.8552873
 [1]  0.2500129  0.5567601  9.9346217  1.3171461  4.8111104  3.0660199
 [7]  1.9223519 -0.3705380  0.0000000  0.0000000
[1] 23
          [,1]
[1,] 0.8168935
 [1]  0.2710069  0.5833880  9.9337865  1.2767523  4.8883352  2.8600822
 [7]  2.0077213 -0.1253123  0.0000000 -0.1722220
[1] 24
          [,1]
[1,] 0.7708073
 [1]  0.2392210  0.5418395 10.1130221  1.3559842  4.8954741  2.8076354
 [7]  1.8228943 -0.4260700  0.0000000  0.0000000
[1] 25
          [,1]
[1,] 0.8697356
 [1]  0.2337204  0.6140877  9.9931523  1.2875031  5.1040115  2.5742251
 [7]  1.8062517 -0.3876945  0.0000000  0.0000000
[1] 26
          [,1]
[1,] 0.8233996
 [1]  0.27300378  0.60186327  9.98196834  1.48352586  4.94416199  2.79090804
 [7]  1.95752494 -0.43920829  0.00000000 -0.05474591
[1] 27
          [,1]
[1,] 0.5705717
 [1]  0.25124991  0.56646976  9.88049585  1.46864139  4.75980553  2.83400132
 [7]  1.90076380 -0.33881278  0.00000000 -0.05006896
[1] 28
          [,1]
[1,] 0.9390719
 [1]  0.2826117  0.6345188 10.0599736  1.4354732  4.9870629  2.8313175
 [7]  1.9387911 -0.3602746  0.0000000  0.0000000
[1] 29
          [,1]
[1,] 0.9094487
 [1]  0.2257482  0.5767150 10.0190332  1.3044751  4.8090231  2.8560176
 [7]  1.9822141 -0.3938265  0.0000000  0.0000000
[1] 30
         [,1]
[1,] 0.807492
 [1]  0.21978997  0.54420001 10.06217065  1.30902823  4.81051787  2.79937136
 [7]  1.56773639 -0.44887403  0.00000000 -0.04997661
[1] 31
          [,1]
[1,] 0.7342937
 [1]  0.2320397  0.5568011  9.8972558  1.4742229  4.9268893  2.7228491
 [7]  1.9089710 -0.4597709  0.0000000  0.0000000
[1] 32
          [,1]
[1,] 0.7992107
 [1]  0.2512301  0.5814355  9.9130769  1.2233021  4.9610357  2.8849720
 [7]  2.0334558 -0.3530424  0.0000000  0.0000000
[1] 33
          [,1]
[1,] 0.8083159
 [1]  0.2475254  0.5872627  9.9541921  1.2393862  4.8751887  2.8809353
 [7]  1.8609406 -0.3452431  0.0000000  0.0000000
[1] 34
          [,1]
[1,] 0.9462994
 [1]  0.24642702  0.60066137 10.08585310  1.34572845  5.01340802  2.88676607
 [7]  1.95403382 -0.46411279  0.00000000  0.08385213
[1] 35
          [,1]
[1,] 0.6649455
 [1]  0.2481030  0.6070948  9.9891473  1.4742392  4.8674140  2.9672485
 [7]  1.9230887 -0.1421007  0.0000000  0.0000000
[1] 36
          [,1]
[1,] 0.8038856
 [1]  0.29330215  0.65935244 10.00433735  1.55076475  4.89588203  2.88648878
 [7]  1.75149795 -0.54360486  0.00000000 -0.02529098
[1] 37
         [,1]
[1,] 1.112898
 [1]  0.2364877  0.6537876  9.8475607  1.1709097  4.8639516  2.8621691
 [7]  1.5135769 -0.2466181  0.0000000  0.0000000
[1] 38
          [,1]
[1,] 0.8931046
 [1]  0.27096789  0.58842103  9.88615657  1.29665751  4.90144000  2.80560050
 [7]  1.84688551 -0.25510179  0.00000000  0.02574389
[1] 39
          [,1]
[1,] 0.8470108
 [1]  0.2475301  0.5787090  9.9814336  1.3994393  4.6791099  2.7379963
 [7]  1.6804918 -0.2158101  0.1054319  0.0000000
[1] 40
          [,1]
[1,] 0.9109285
 [1]  0.2487402  0.5918207 10.1443188  1.2891867  4.8506103  2.8261280
 [7]  1.6755625 -0.3486990  0.0000000  0.0000000
[1] 41
          [,1]
[1,] 0.7727446
 [1]  0.2474675  0.6050510 10.1876409  1.3439550  4.8955874  2.7267579
 [7]  1.9533649 -0.2473986  0.0000000  0.0000000
[1] 42
          [,1]
[1,] 0.8471062
 [1]  0.2590357  0.5990418 10.0813365  1.3315985  4.8329368  2.9269813
 [7]  1.8844599 -0.3444455  0.0000000  0.0000000
[1] 43
         [,1]
[1,] 1.120562
 [1]  0.2630425  0.5921001  9.9004934  1.1950551  4.8626261  2.7957783
 [7]  1.6926147 -0.1712849 -0.0218336  0.0000000
[1] 44
         [,1]
[1,] 0.788176
 [1]  0.3086910  0.6118441  9.8567990  1.2945730  4.7538379  2.9294460
 [7]  1.6382054 -0.2060049  0.0000000  0.0000000
[1] 45
          [,1]
[1,] 0.7759157
 [1]  0.26526842  0.61263785  9.88559634  1.46807646  4.96510667  2.86140033
 [7]  1.90269848 -0.24980817 -0.01553599  0.02901254
[1] 46
          [,1]
[1,] 0.8850514
 [1]  0.2532305  0.6659169 10.0319807  1.3757363  4.8728289  2.7925048
 [7]  1.6486599 -0.4282875  0.0000000  0.0000000
[1] 47
         [,1]
[1,] 0.860076
 [1]  0.25380206  0.56818698  9.99795409  1.34694700  4.88443603  2.93745668
 [7]  1.74500851 -0.50325264 -0.01471265 -0.02153642
[1] 48
          [,1]
[1,] 0.8391984
 [1]  0.2816403  0.6327388  9.9772147  1.2466638  4.8510761  2.8537908
 [7]  1.9781183 -0.3767720  0.0000000  0.0000000
[1] 49
          [,1]
[1,] 0.8117993
 [1]  0.2665651  0.6056022 10.0262403  1.4508359  4.9249040  2.7629455
 [7]  1.7971881 -0.2861797  0.0000000  0.0000000
[1] 50
          [,1]
[1,] 0.6572643
 [1]  0.2703327  0.5606557  9.9262961  1.5215862  4.7307753  2.8322609
 [7]  1.9008951 -0.1994294  0.0000000  0.0000000
[1] 51
          [,1]
[1,] 0.9451069
 [1]  0.23040773  0.60282332 10.11778257  1.47394292  4.93665673  3.03907377
 [7]  1.89092976 -0.29164116  0.01789158  0.00000000
[1] 52
          [,1]
[1,] 0.7575554
 [1]  0.26668881  0.62983903  9.98457353  1.41754294  4.75965685  2.78683190
 [7]  1.92708032 -0.41417738  0.00000000 -0.04530909
[1] 53
          [,1]
[1,] 0.8242335
 [1]  0.2550918  0.5555480 10.1208775  1.3764456  4.9819085  2.9332162
 [7]  1.9490104 -0.4007966  0.0000000  0.0000000
[1] 54
          [,1]
[1,] 0.9072231
 [1]  0.2283031  0.5560022  9.9608008  1.2824585  4.5252472  2.8454286
 [7]  1.9397770 -0.1781859  0.1012848  0.0000000
[1] 55
          [,1]
[1,] 0.8976957
 [1]  0.2583281  0.6136970  9.9147556  1.3124698  4.8888465  2.8336057
 [7]  1.8569217 -0.3012453  0.0000000  0.0000000
[1] 56
          [,1]
[1,] 0.7030478
 [1]  0.2873489  0.6121032 10.0823261  1.4065707  4.8138499  2.9007713
 [7]  1.8294093 -0.4554635  0.0000000  0.0000000
[1] 57
          [,1]
[1,] 0.9206484
 [1]  0.2132151  0.5620610 10.0201529  1.4140385  4.8044988  3.0108425
 [7]  2.0758648 -0.2983830  0.0000000  0.0000000
[1] 58
          [,1]
[1,] 0.8360311
 [1]  0.2288744  0.5575774 10.0950168  1.4888550  4.9418359  2.8405982
 [7]  2.0293139 -0.3012988  0.0000000  0.0000000
[1] 59
          [,1]
[1,] 0.7791642
 [1]  0.22530698  0.51447533  9.90416518  1.31930138  4.92235785  2.84097196
 [7]  1.71821486 -0.31087336  0.09088033  0.00000000
[1] 60
          [,1]
[1,] 0.9225438
 [1]  0.2702331  0.5842993 10.0397452  1.3913585  4.9001467  2.7209167
 [7]  1.8310751 -0.2775082  0.0000000  0.0000000
[1] 61
          [,1]
[1,] 0.8460858
 [1]  0.2262627  0.5893918  9.9558767  1.4904688  4.9885216  2.9479738
 [7]  1.8827658 -0.3530311  0.0000000  0.0000000
[1] 62
          [,1]
[1,] 0.9030607
 [1]  0.2754859  0.5821104  9.8547637  1.4965706  4.9206666  2.9360274
 [7]  1.9340169 -0.5165232  0.0000000  0.0000000
[1] 63
          [,1]
[1,] 0.8796897
 [1]  0.2230013  0.5640563  9.9730773  1.2316608  4.6516698  2.7495088
 [7]  1.7101188 -0.2448976  0.0000000 -0.1017613
[1] 64
        [,1]
[1,] 0.91079
 [1]  0.27190490  0.55082914  9.83090160  1.26853550  4.84746114  2.96405390
 [7]  1.87001951 -0.24806492  0.05789683  0.00000000
[1] 65
         [,1]
[1,] 0.789679
 [1]  0.2687901  0.5488278 10.0790099  1.2584267  4.7951731  2.8430753
 [7]  1.7946927 -0.3715518  0.0000000  0.0000000
[1] 66
          [,1]
[1,] 0.8656505
 [1]  0.26808186  0.58977260 10.06241413  1.34782005  4.94727543  2.61677536
 [7]  1.62283024 -0.25719666  0.00000000  0.01422288
[1] 67
          [,1]
[1,] 0.6852335
 [1]  0.3057471  0.6183604 10.0123288  1.3666774  4.8488984  2.9515941
 [7]  1.8628979 -0.2862533  0.0000000  0.0000000
[1] 68
         [,1]
[1,] 1.007782
 [1]  0.2433169  0.6060944 10.2105690  1.3222941  4.9830496  3.0186686
 [7]  1.9612073 -0.5985976  0.0000000  0.0000000
[1] 69
          [,1]
[1,] 0.7533116
 [1]  0.26178762  0.62164603 10.00113361  1.45536606  4.87362982  2.86250988
 [7]  1.98542122 -0.31460974  0.00000000 -0.06552371
[1] 70
          [,1]
[1,] 0.9883012
 [1]  0.24572961  0.58836249  9.92220888  1.49034528  4.82556079  2.88020119
 [7]  1.80324874 -0.37389451  0.06433822  0.00000000
[1] 71
          [,1]
[1,] 0.6392849
 [1]  0.2173901  0.5262853 10.0735580  1.4980236  4.7918529  2.7270863
 [7]  1.8359332 -0.3460693 -0.0729171  0.0000000
[1] 72
          [,1]
[1,] 0.9713302
 [1]  0.24049415  0.56685287 10.07932398  1.21472619  4.75851632  2.80773623
 [7]  1.88019599 -0.07985269  0.00000000  0.00000000
[1] 73
          [,1]
[1,] 0.8323832
 [1]  0.2610888  0.5740138 10.0086621  1.4529934  4.9568125  2.8800795
 [7]  1.7918154 -0.4758118  0.0000000  0.0000000
[1] 74
          [,1]
[1,] 0.7642165
 [1]  0.2451513  0.5825688  9.9811712  1.3757889  4.7287908  2.6866669
 [7]  1.7614773 -0.3550390  0.0000000  0.0000000
[1] 75
          [,1]
[1,] 0.8690479
 [1]  0.2666408  0.6221980  9.9688540  1.1901212  4.8512071  2.7059616
 [7]  1.8910045 -0.3636982  0.0000000  0.0000000
[1] 76
          [,1]
[1,] 0.9392018
 [1]  0.2688168  0.6038927 10.0017209  1.4504587  4.9431666  2.7603312
 [7]  1.9266263 -0.4265792  0.0000000  0.0000000
[1] 77
          [,1]
[1,] 0.7701978
 [1]  0.2762327  0.6163512  9.9509508  1.0334987  4.7515840  2.8002254
 [7]  1.7319287 -0.3459240  0.0000000  0.0000000
[1] 78
          [,1]
[1,] 0.7525552
 [1]  0.23695133  0.56285299 10.02323954  1.34636954  4.87299402  2.71532793
 [7]  2.00683819 -0.21677239 -0.01764893  0.00000000
[1] 79
          [,1]
[1,] 0.9138338
 [1]  0.24098350  0.61802241  9.85032413  1.58544762  4.66205742  2.77055113
 [7]  1.74278273 -0.33502417  0.00000000 -0.07287348
[1] 80
          [,1]
[1,] 0.6782159
 [1]  0.25837619  0.54318889 10.04250354  1.32375379  4.67988125  3.06451587
 [7]  1.78125641 -0.36557955 -0.03447103  0.00000000
[1] 81
          [,1]
[1,] 0.8099617
 [1]  0.2983960  0.6305791  9.9407356  1.1799805  4.7719079  2.8838852
 [7]  1.7862527 -0.3555673  0.0000000  0.0000000
[1] 82
          [,1]
[1,] 0.9064903
 [1]  0.24111381  0.55573409 10.00571431  1.30018665  5.00231058  2.88039170
 [7]  1.91423041 -0.43082781  0.01920296  0.00000000
[1] 83
          [,1]
[1,] 0.6398496
 [1]  0.2141290  0.5544569  9.9750341  1.3438533  4.8835319  2.9170418
 [7]  2.0081337 -0.3831450  0.0000000  0.0000000
[1] 84
          [,1]
[1,] 0.5976116
 [1]  0.2610855  0.5802461 10.0125939  1.4410781  4.9056036  2.9522506
 [7]  1.9893560 -0.4181894  0.0000000  0.0000000
[1] 85
          [,1]
[1,] 0.8635361
 [1]  0.22618399  0.58019696  9.94556810  1.53244613  4.80757701  2.69239340
 [7]  1.93922063 -0.41593983  0.00000000  0.02661762
[1] 86
          [,1]
[1,] 0.7475423
 [1]  0.2702201  0.5653997 10.0442267  1.3757685  4.8455854  2.7298253
 [7]  2.0497781 -0.4112640  0.0000000  0.0000000
[1] 87
          [,1]
[1,] 0.8221607
 [1]  0.2361425  0.6035126 10.1192957  1.4678496  4.7409954  2.8043400
 [7]  1.8992088 -0.2440079  0.0000000  0.0000000
[1] 88
          [,1]
[1,] 0.8662992
 [1]  0.2462252  0.6178992 10.0873302  1.2319169  4.8899365  2.5926967
 [7]  1.8493346 -0.3488928  0.0000000  0.0000000
[1] 89
          [,1]
[1,] 0.9333658
 [1]  0.24590315  0.57655974  9.91905789  1.25308607  4.84248395  2.78612196
 [7]  1.83841929 -0.36712485 -0.11854807 -0.07958244
[1] 90
          [,1]
[1,] 0.7398898
 [1]  0.2747529  0.5884438  9.9955876  1.3661904  4.9385494  2.9389285
 [7]  1.4905383 -0.4097584  0.0000000  0.0000000
[1] 91
          [,1]
[1,] 0.9086304
 [1]  0.2583662  0.6345295 10.2062703  1.2863223  4.8247329  2.9249302
 [7]  1.8782353 -0.2175745  0.1234934  0.0000000
[1] 92
          [,1]
[1,] 0.8297562
 [1]  0.24814441  0.57326888  9.98145409  1.41900433  4.97720371  2.78788305
 [7]  1.74485665 -0.27043498  0.03588359  0.00000000
[1] 93
         [,1]
[1,] 0.929078
 [1]  0.2304044  0.5609601  9.8371513  1.3623163  4.7670230  2.7154075
 [7]  2.0472615 -0.2257474  0.0000000  0.0000000
[1] 94
          [,1]
[1,] 0.7325245
 [1]  0.2325636  0.5786017 10.0418370  1.3879649  4.8630240  2.7939936
 [7]  1.7861359 -0.2410737  0.0189926  0.0000000
[1] 95
          [,1]
[1,] 0.9233781
 [1]  0.2040832  0.5232330  9.9699140  1.2711605  4.9078719  3.0351416
 [7]  1.9483603 -0.2474740  0.0000000  0.0000000
[1] 96
          [,1]
[1,] 0.9476512
 [1]  0.2570052  0.6154755  9.9849629  1.3782192  4.8452585  2.9468432
 [7]  1.6864988 -0.2266717  0.0000000  0.0000000
[1] 97
          [,1]
[1,] 0.9663915
 [1]  0.2585456  0.5775745  9.9933091  1.5046015  4.9064959  2.9369578
 [7]  1.9984375 -0.4078157  0.0000000  0.0000000
[1] 98
          [,1]
[1,] 0.8333166
 [1]  0.2710006  0.5909511 10.0000881  1.3382632  4.9621147  3.0105977
 [7]  1.8829610 -0.4258491  0.0135596  0.0000000
[1] 99
         [,1]
[1,] 1.083199
 [1]  0.2907253  0.6130952 10.2336120  1.3487981  4.8011731  2.8616552
 [7]  1.6921629 -0.3105381  0.0000000  0.0000000
[1] 100
          [,1]
[1,] 0.7259153
 [1]  0.2873400  0.6384368 10.0759698  1.4222803  4.9733930  2.9315741
 [7]  1.9303986 -0.4789527  0.0000000  0.0000000
[1] "Mean"
  [1]  2.535157e-01  5.879901e-01  9.996825e+00  1.369152e+00  4.864464e+00
  [6]  2.859835e+00  1.859142e+00 -3.507794e-01  4.543696e-03 -4.551106e-03
 [11] -1.341718e-03 -1.119959e-03  4.829490e-03 -7.650094e-07 -2.076743e-03
 [16]  1.275413e-03  3.623763e-03  2.775744e-03  1.884233e-03  2.005332e-03
 [21] -1.878968e-05 -5.932733e-03  3.473290e-03 -3.910146e-03 -3.833452e-03
 [26] -2.480291e-04  6.262516e-03 -3.081082e-03  1.299968e-03 -3.198101e-03
 [31]  5.643682e-04  2.599604e-03  5.445130e-03 -3.156497e-03 -1.302149e-03
 [36] -2.784497e-03  1.240966e-03 -8.528017e-04 -1.125286e-03  1.405560e-04
 [41]  7.287124e-04 -3.086826e-03 -5.822247e-05  5.926097e-05 -3.714589e-03
 [46]  2.079564e-03  3.451372e-03 -2.108292e-03  2.046682e-03 -1.782849e-03
 [51]  3.455405e-03 -9.413527e-04 -2.083460e-03  2.022134e-03  3.020210e-03
 [56]  4.956487e-04  1.829256e-03  1.644537e-03 -3.796236e-03 -1.466488e-04
 [61]  3.428518e-03  2.974363e-03  6.920514e-04  5.778974e-03  3.488319e-03
 [66]  1.921306e-03 -2.458111e-04  2.665391e-03 -2.522530e-03  6.998432e-04
 [71]  4.968527e-03  5.497757e-03 -1.338118e-03  9.721211e-05  2.633364e-04
 [76]  9.359682e-04  3.172302e-03 -2.307106e-03  6.420606e-04  6.434073e-03
 [81]  9.859905e-04  2.299009e-03  4.270018e-03 -2.065569e-03 -3.035863e-04
 [86]  8.044685e-04 -7.187092e-05 -1.027795e-03  2.239933e-03 -3.467156e-03
 [91] -1.097148e-03 -3.407303e-03 -7.953199e-04  5.478437e-05 -4.991423e-04
 [96]  9.411033e-03  2.123909e-03  2.224357e-04 -2.821071e-03  4.265522e-03
[101]  2.394790e-05 -1.830707e-03  2.713474e-03  8.331412e-04 -1.040557e-03
[106] -5.393348e-04  4.460680e-04 -1.405621e-03  1.415587e-03 -4.382252e-03
[111]  4.689077e-03  2.257475e-03 -6.045986e-04  7.142874e-03 -4.510144e-03
[116]  4.019574e-03 -2.562070e-03  4.145616e-03 -3.801280e-03  9.934776e-04
[121] -1.069102e-03  1.290692e-03  3.329349e-03  1.269910e-03  2.587719e-03
[126] -6.133402e-04  3.189630e-03 -6.644557e-03 -3.919214e-03  1.918599e-03
[131] -1.141122e-03 -1.238998e-03 -8.940519e-05  1.208833e-03  3.184802e-03
[136]  3.456927e-03  3.177644e-03 -2.478252e-03  7.784382e-04  4.144091e-03
[141]  1.842448e-03  4.773304e-04 -6.047245e-04  4.729328e-03  2.940516e-03
[146] -2.404618e-03  6.158488e-03  6.665790e-04 -1.634946e-03 -1.271593e-03
[151]  6.137459e-03  1.522343e-03 -1.903552e-03  3.377317e-03 -5.476752e-04
[156] -1.546019e-03  2.176252e-03 -3.696736e-03  9.764489e-04  1.568205e-03
[161]  9.490094e-04  1.799907e-03 -4.001300e-03  2.629247e-03 -5.275782e-04
[166] -3.048675e-03 -2.195773e-03  1.343104e-03  1.518146e-03 -6.688418e-05
[171]  8.221154e-03  3.101863e-03  3.951832e-03 -2.816624e-04  1.741961e-03
[176] -1.822394e-03 -2.463266e-03  2.393114e-03  4.623047e-04 -5.865133e-03
[181] -7.723322e-04  2.810114e-03 -5.249480e-03 -2.661555e-03 -1.968930e-03
[186] -4.559180e-05  3.933283e-03  2.147420e-04  1.472843e-03  1.599502e-03
[191]  2.224330e-03 -9.824804e-03  5.235850e-04  4.258535e-03 -6.528053e-04
[196]  1.244897e-03  9.874334e-04  9.599911e-04  9.766076e-04  7.784920e-04
[201] -2.179483e-03  2.112572e-03  5.999423e-04
[1] "Standard Deviation"
  [1] 0.02320123 0.03374337 0.08858730 0.10622003 0.10264413 0.10171682
  [7] 0.12077670 0.10842388 0.02969640 0.02852325 0.02108533 0.03387781
 [13] 0.03732147 0.02119712 0.02886789 0.02034294 0.02284798 0.02630868
 [19] 0.02012628 0.02957111 0.02859960 0.02841971 0.04110030 0.02493688
 [25] 0.03657702 0.03217902 0.04177900 0.02815724 0.03989784 0.03316279
 [31] 0.01928610 0.03423750 0.02745410 0.02669342 0.02927443 0.03816398
 [37] 0.02525055 0.02886021 0.02153290 0.04143844 0.02113328 0.02873032
 [43] 0.03111181 0.02635205 0.03876070 0.03108597 0.01494570 0.02290311
 [49] 0.03076958 0.02255967 0.03345805 0.02391786 0.02400027 0.02478547
 [55] 0.02697014 0.02455323 0.03364821 0.02575541 0.03337733 0.03735071
 [61] 0.03457615 0.02711180 0.03299854 0.03586406 0.03060587 0.02703715
 [67] 0.02419758 0.02788390 0.03015644 0.03819804 0.02406588 0.03246209
 [73] 0.03103814 0.02995220 0.03944041 0.01412432 0.01841625 0.03565224
 [79] 0.02385050 0.04767725 0.03000163 0.03532560 0.04347894 0.04208817
 [85] 0.03182343 0.03170074 0.01492316 0.03185782 0.02708691 0.02965790
 [91] 0.02330777 0.02481639 0.02147478 0.03259052 0.02820995 0.04419153
 [97] 0.02401067 0.02819423 0.01579707 0.03217413 0.01489448 0.02664343
[103] 0.02164790 0.01560392 0.03000634 0.02874084 0.01895140 0.03341297
[109] 0.01228097 0.02666713 0.02053357 0.02070638 0.03065611 0.03402014
[115] 0.03067197 0.02304291 0.02613286 0.04653659 0.02708753 0.04142750
[121] 0.02732392 0.04355529 0.02585403 0.02335296 0.02808299 0.02927765
[127] 0.01776320 0.03905570 0.03384753 0.03414610 0.03386051 0.01812581
[133] 0.03180539 0.02033217 0.03871597 0.01722466 0.02502474 0.03289978
[139] 0.02987895 0.02111327 0.02543182 0.03942616 0.02672388 0.03411362
[145] 0.01944667 0.03020349 0.03564494 0.03191920 0.02888333 0.03280302
[151] 0.02984423 0.02872712 0.02964223 0.02053130 0.02248504 0.02456934
[157] 0.02789639 0.02671278 0.02673034 0.03017127 0.02414310 0.02026215
[163] 0.02922522 0.03647254 0.02492395 0.02940575 0.04461903 0.02906246
[169] 0.03262572 0.03419681 0.03840880 0.02023399 0.03284173 0.03950326
[175] 0.03629613 0.02543518 0.03702945 0.01813242 0.02384706 0.03554129
[181] 0.03186635 0.03420969 0.03176802 0.02183446 0.02971777 0.03147512
[187] 0.03400897 0.01168013 0.02267524 0.03449739 0.02522933 0.03768194
[193] 0.04144420 0.02265665 0.02370295 0.03272456 0.03819824 0.02654363
[199] 0.02601751 0.02870106 0.04209643 0.02048181 0.03780709
[1] "Bias"
  [1]  3.515723e-03 -4.120099e-01 -3.175494e-03 -1.308478e-01 -1.355362e-01
  [6] -1.401654e-01 -1.408582e-01  1.492206e-01  4.543696e-03 -4.551106e-03
 [11] -1.341718e-03 -1.119959e-03  4.829490e-03 -7.650094e-07 -2.076743e-03
 [16]  1.275413e-03  3.623763e-03  2.775744e-03  1.884233e-03  2.005332e-03
 [21] -1.878968e-05 -5.932733e-03  3.473290e-03 -3.910146e-03 -3.833452e-03
 [26] -2.480291e-04  6.262516e-03 -3.081082e-03  1.299968e-03 -3.198101e-03
 [31]  5.643682e-04  2.599604e-03  5.445130e-03 -3.156497e-03 -1.302149e-03
 [36] -2.784497e-03  1.240966e-03 -8.528017e-04 -1.125286e-03  1.405560e-04
 [41]  7.287124e-04 -3.086826e-03 -5.822247e-05  5.926097e-05 -3.714589e-03
 [46]  2.079564e-03  3.451372e-03 -2.108292e-03  2.046682e-03 -1.782849e-03
 [51]  3.455405e-03 -9.413527e-04 -2.083460e-03  2.022134e-03  3.020210e-03
 [56]  4.956487e-04  1.829256e-03  1.644537e-03 -3.796236e-03 -1.466488e-04
 [61]  3.428518e-03  2.974363e-03  6.920514e-04  5.778974e-03  3.488319e-03
 [66]  1.921306e-03 -2.458111e-04  2.665391e-03 -2.522530e-03  6.998432e-04
 [71]  4.968527e-03  5.497757e-03 -1.338118e-03  9.721211e-05  2.633364e-04
 [76]  9.359682e-04  3.172302e-03 -2.307106e-03  6.420606e-04  6.434073e-03
 [81]  9.859905e-04  2.299009e-03  4.270018e-03 -2.065569e-03 -3.035863e-04
 [86]  8.044685e-04 -7.187092e-05 -1.027795e-03  2.239933e-03 -3.467156e-03
 [91] -1.097148e-03 -3.407303e-03 -7.953199e-04  5.478437e-05 -4.991423e-04
 [96]  9.411033e-03  2.123909e-03  2.224357e-04 -2.821071e-03  4.265522e-03
[101]  2.394790e-05 -1.830707e-03  2.713474e-03  8.331412e-04 -1.040557e-03
[106] -5.393348e-04  4.460680e-04 -1.405621e-03  1.415587e-03 -4.382252e-03
[111]  4.689077e-03  2.257475e-03 -6.045986e-04  7.142874e-03 -4.510144e-03
[116]  4.019574e-03 -2.562070e-03  4.145616e-03 -3.801280e-03  9.934776e-04
[121] -1.069102e-03  1.290692e-03  3.329349e-03  1.269910e-03  2.587719e-03
[126] -6.133402e-04  3.189630e-03 -6.644557e-03 -3.919214e-03  1.918599e-03
[131] -1.141122e-03 -1.238998e-03 -8.940519e-05  1.208833e-03  3.184802e-03
[136]  3.456927e-03  3.177644e-03 -2.478252e-03  7.784382e-04  4.144091e-03
[141]  1.842448e-03  4.773304e-04 -6.047245e-04  4.729328e-03  2.940516e-03
[146] -2.404618e-03  6.158488e-03  6.665790e-04 -1.634946e-03 -1.271593e-03
[151]  6.137459e-03  1.522343e-03 -1.903552e-03  3.377317e-03 -5.476752e-04
[156] -1.546019e-03  2.176252e-03 -3.696736e-03  9.764489e-04  1.568205e-03
[161]  9.490094e-04  1.799907e-03 -4.001300e-03  2.629247e-03 -5.275782e-04
[166] -3.048675e-03 -2.195773e-03  1.343104e-03  1.518146e-03 -6.688418e-05
[171]  8.221154e-03  3.101863e-03  3.951832e-03 -2.816624e-04  1.741961e-03
[176] -1.822394e-03 -2.463266e-03  2.393114e-03  4.623047e-04 -5.865133e-03
[181] -7.723322e-04  2.810114e-03 -5.249480e-03 -2.661555e-03 -1.968930e-03
[186] -4.559180e-05  3.933283e-03  2.147420e-04  1.472843e-03  1.599502e-03
[191]  2.224330e-03 -9.824804e-03  5.235850e-04  4.258535e-03 -6.528053e-04
[196]  1.244897e-03  9.874334e-04  9.599911e-04  9.766076e-04  7.784920e-04
[201] -2.179483e-03  2.112572e-03  5.999423e-04
[1] "Mean Squared Error"
  [1] 0.0005452742 0.1708794117 0.0077793159 0.0282910168 0.0288005337
  [6] 0.0298891830 0.0342821878 0.0339049764 0.0008937024 0.0008261525
 [11] 0.0004419453 0.0011374835 0.0014022871 0.0004448246 0.0008293346
 [16] 0.0004113234 0.0005299415 0.0006929298 0.0004045667 0.0008697272
 [21] 0.0008097581 0.0008348006 0.0016844062 0.0006309186 0.0013391948
 [26] 0.0010251957 0.0017672487 0.0007943950 0.0015776096 0.0010990011
 [31] 0.0003685527 0.0011672421 0.0007758400 0.0007153768 0.0008501182
 [36] 0.0014496779 0.0006327545 0.0008253101 0.0004602954 0.0016999926
 [41] 0.0004426804 0.0008267056 0.0009582689 0.0006874898 0.0015011664
 [46] 0.0009609987 0.0002330520 0.0005237519 0.0009414882 0.0005070278
 [51] 0.0011201866 0.0005672297 0.0005745936 0.0006122654 0.0007292361
 [56] 0.0005970782 0.0011242259 0.0006594124 0.0011173172 0.0013811466
 [61] 0.0011953099 0.0007365461 0.0010784938 0.0013067651 0.0009395206
 [66] 0.0007273886 0.0005797280 0.0007768413 0.0009066799 0.0014449891
 [71] 0.0005980614 0.0010734745 0.0009555232 0.0008881722 0.0015400597
 [76] 0.0001983775 0.0003458303 0.0012636944 0.0005635699 0.0022917865
 [81] 0.0008920690 0.0012407044 0.0018897473 0.0017579668 0.0010026958
 [86] 0.0009955347 0.0002204789 0.0010058278 0.0007313810 0.0008828161
 [91] 0.0005390234 0.0006213046 0.0004571872 0.0010515238 0.0007880925
 [96] 0.0020219304 0.0005752582 0.0007870152 0.0002550104 0.0010430178
[101] 0.0002196278 0.0007061250 0.0004713084 0.0002417416 0.0008924596
[106] 0.0008180665 0.0003557632 0.0011072379 0.0001513179 0.0007232285
[111] 0.0004393988 0.0004295627 0.0009307645 0.0011968169 0.0009517035
[116] 0.0005418230 0.0006826612 0.0021611840 0.0007408465 0.0017000623
[121] 0.0007402738 0.0018797586 0.0006728311 0.0005415199 0.0007874639
[126] 0.0008489852 0.0003225495 0.0015542447 0.0011495588 0.0011579775
[131] 0.0011363707 0.0003267947 0.0010014753 0.0004107243 0.0014940797
[136] 0.0003056724 0.0006300726 0.0010777135 0.0008844303 0.0004584861
[141] 0.0006437041 0.0015391060 0.0007073900 0.0011744684 0.0003830378
[146] 0.0009089105 0.0012957828 0.0010090913 0.0008285771 0.0010668946
[151] 0.0009194399 0.0008193124 0.0008734989 0.0004287251 0.0005008212
[156] 0.0006000059 0.0007751627 0.0007201026 0.0007083196 0.0009036619
[161] 0.0005779608 0.0004096887 0.0008615827 0.0013238567 0.0006152698
[166] 0.0008653458 0.0019757706 0.0008379842 0.0010560981 0.0011577318
[171] 0.0015280710 0.0004149419 0.0010834106 0.0015449819 0.0013072697
[176] 0.0006437999 0.0013635357 0.0003312239 0.0005632094 0.0012849513
[181] 0.0010059062 0.0011664964 0.0010266719 0.0004790602 0.0008781908
[186] 0.0009807786 0.0011605144 0.0001351072 0.0005111942 0.0011807278
[191] 0.0006351014 0.0015022557 0.0017007194 0.0005263255 0.0005566376
[196] 0.0010617379 0.0014454897 0.0006984405 0.0006710953 0.0008161191
[201] 0.0017591381 0.0004197726 0.0014154425
