[1] "symGSN with em and glmnet for mu=10.000000, p=0.250000, sigma=2.000000.rds"
[1] 1
          [,1]
[1,] 0.8502589
 [1] 0.2763307 0.6790543 9.9029101 0.9715924 4.8897200 2.8313719 1.8144607
 [8] 0.0000000 0.0000000 0.0000000
[1] 2
         [,1]
[1,] 1.283251
 [1]  0.2237472  0.6692345 10.0628775  1.3884510  4.3205127  2.9514366
 [7]  1.6674736 -0.2147633  0.0000000  0.0000000
[1] 3
         [,1]
[1,] 1.133601
 [1]  0.2474972  0.6927028 10.0381400  1.2364508  4.9813880  2.8358453
 [7]  1.7282004 -0.1577910  0.0000000  0.0000000
[1] 4
        [,1]
[1,] 1.07396
 [1]  0.2604619  0.6454383  9.9767439  1.2720719  4.7610313  2.7778926
 [7]  1.8191174 -0.5842168  0.0000000  0.0000000
[1] 5
         [,1]
[1,] 1.041974
 [1]  0.2207176  0.6533058 10.0286434  1.8434245  4.6749126  2.8404433
 [7]  1.9115133 -0.3140443 -0.1197309  0.0000000
[1] 6
         [,1]
[1,] 1.229958
 [1]  0.23363324  0.55881224  9.86933290  1.65606107  4.74421413  2.79358326
 [7]  1.61060088 -0.71916509  0.00000000  0.04488553
[1] 7
         [,1]
[1,] 1.057081
 [1]  0.3058034  0.7802273 10.0160587  1.4628315  4.6859178  2.9742321
 [7]  1.7089797 -0.2690942 -0.1020947  0.0000000
[1] 8
         [,1]
[1,] 1.331066
 [1] 0.2078598 0.6002233 9.9039825 0.9110159 4.4555997 3.0054298 1.4787264
 [8] 0.0000000 0.0000000 0.0000000
[1] 9
         [,1]
[1,] 1.312178
 [1]  0.2252256  0.6755663  9.9948556  1.1952494  5.1563270  3.0309992
 [7]  1.7524190 -0.3562465  0.1925704  0.1062863
[1] 10
         [,1]
[1,] 1.179521
 [1]  0.26315750  0.63251273  9.84485000  1.60815011  5.06727289  3.25906775
 [7]  2.07207283 -0.74332487  0.00000000 -0.03730963
[1] 11
         [,1]
[1,] 1.163256
 [1]  0.2450895  0.6511434 10.1829121  1.1447157  4.3721346  2.5003167
 [7]  1.6871802 -0.5205488  0.1969494  0.0000000
[1] 12
         [,1]
[1,] 0.951286
 [1]  0.2762550  0.6244196 10.0927936  1.5661286  4.7035908  2.6641692
 [7]  1.8695167 -0.6076432  0.0000000  0.2658557
[1] 13
         [,1]
[1,] 1.434763
 [1] 0.25644263 0.61496578 9.72134108 1.36971484 4.28303170 2.60583739
 [7] 1.96369988 0.00000000 0.00000000 0.08011111
[1] 14
         [,1]
[1,] 1.409487
 [1]  0.25915149  0.67128999 10.25729974  1.71809863  5.10993519  2.62986388
 [7]  1.98596314 -0.32004773 -0.07026309  0.00000000
[1] 15
         [,1]
[1,] 1.559456
 [1]  0.2486841  0.6572014  9.8035848  1.0291297  4.6609037  2.8685532
 [7]  1.8560343 -0.1919412  0.0000000  0.0000000
[1] 16
       [,1]
[1,] 1.0267
 [1]  0.26318808  0.68832041 10.11078941  1.20518557  5.19476284  2.78784113
 [7]  1.37833084 -0.01157135  0.10250531  0.00000000
[1] 17
         [,1]
[1,] 1.191922
 [1]  0.2247152  0.6200810  9.6887756  1.2754808  4.7412565  2.8322220
 [7]  1.6588303 -0.4949667  0.0000000  0.0646635
[1] 18
         [,1]
[1,] 1.027554
 [1]  0.24937229  0.59404905  9.79209280  1.09488557  4.72324085  2.78448788
 [7]  1.68963731 -0.43833798  0.00000000 -0.08312737
[1] 19
         [,1]
[1,] 1.243613
 [1]  0.22167412  0.60284736 10.10842119  0.84002143  4.65047626  2.88202984
 [7]  1.26080676  0.00000000  0.00000000 -0.04923788
[1] 20
         [,1]
[1,] 1.208265
 [1]  0.24888932  0.71631778  9.98902677  1.43234058  4.75519590  3.04025550
 [7]  1.60738629 -0.04925306  0.00000000  0.00000000
[1] 21
        [,1]
[1,] 1.20172
 [1]  0.32051431  0.68593758  9.84716581  1.13227441  4.67194838  2.72648494
 [7]  1.73933454 -0.20772695 -0.04358202  0.00000000
[1] 22
         [,1]
[1,] 1.286031
 [1]  0.25064263  0.59195877  9.98359815  1.09675596  4.77460432  3.01174295
 [7]  1.94430953 -0.03923905  0.00000000  0.00000000
[1] 23
         [,1]
[1,] 1.103049
 [1]  0.27321778  0.68240884 10.08467595  1.21244475  4.92590382  2.89740024
 [7]  2.02754230  0.08036088  0.00000000 -0.10306664
[1] 24
         [,1]
[1,] 1.190841
 [1]  0.2363288  0.6244373  9.9843528  1.1077191  4.8948675  2.5615983
 [7]  1.4992473 -0.5695020  0.0000000  0.0000000
[1] 25
         [,1]
[1,] 1.438973
 [1]  0.2347715  0.6340310 10.0663067  1.1128374  5.2639468  2.5145247
 [7]  1.7165076 -0.5078904  0.0000000  0.0000000
[1] 26
         [,1]
[1,] 1.316023
 [1]  0.2703261  0.7294152  9.9057341  1.6562045  4.8771452  2.6556836
 [7]  1.7066668 -0.3034013  0.0000000  0.0000000
[1] 27
          [,1]
[1,] 0.8529117
 [1]  0.2525160  0.5423161  9.8744951  1.1298427  4.4885354  2.5788785
 [7]  1.7137861 -0.1186482  0.0000000  0.0000000
[1] 28
         [,1]
[1,] 1.488781
 [1]  0.2806692  0.7157641  9.9684800  1.3016060  4.7890083  2.6381182
 [7]  1.1463199 -0.4417219  0.0000000  0.0000000
[1] 29
         [,1]
[1,] 1.367104
 [1]  0.22737318  0.65037421 10.11576194  1.00283842  4.70922780  2.77542036
 [7]  1.80616621 -0.22213483 -0.06346950 -0.05852255
[1] 30
         [,1]
[1,] 1.243423
 [1]  0.2188492  0.6564662  9.9518826  1.1748895  4.7799077  2.6586659
 [7]  1.2136809 -0.5894469  0.0000000  0.0000000
[1] 31
          [,1]
[1,] 0.9822256
 [1]  0.2347424  0.6286570 10.0824844  1.3974160  4.8102411  2.5878681
 [7]  1.9689784 -0.6362677  0.0000000  0.0000000
[1] 32
        [,1]
[1,] 1.22085
 [1]  0.2462778  0.6282416  9.6767086  0.9840851  4.7385967  2.6431282
 [7]  2.1968777 -0.1767453  0.1642055  0.0000000
[1] 33
         [,1]
[1,] 1.229789
 [1]  0.2450887  0.6216405  9.9240651  1.0357473  4.5677304  2.5429133
 [7]  1.6016890 -0.2138156  0.0000000  0.0000000
[1] 34
         [,1]
[1,] 1.362891
 [1]  0.2439124  0.6370861 10.0036985  0.9401619  4.9382248  2.8895476
 [7]  2.0399094 -0.4549762  0.0000000  0.1067670
[1] 35
         [,1]
[1,] 1.009009
 [1] 0.2432944 0.6263299 9.8347253 1.6426543 4.5593018 3.0294295 1.8484701
 [8] 0.0000000 0.0000000 0.0000000
[1] 36
         [,1]
[1,] 1.163983
 [1]  0.29327363  0.69482924  9.97553873  1.56355570  4.58878283  2.67846866
 [7]  1.55840550 -0.71498114 -0.06401593  0.00000000
[1] 37
         [,1]
[1,] 1.740755
 [1]  0.236372676  0.647975901  9.843595943  1.052546741  4.716666051
 [6]  2.731249924  1.118510380 -0.008140832 -0.036803939  0.000000000
[1] 38
         [,1]
[1,] 1.112511
 [1]  0.27099475  0.67933458  9.78918235  1.20685772  4.97896031  2.48982554
 [7]  1.62124183 -0.07990989 -0.05480995  0.05698941
[1] 39
         [,1]
[1,] 1.315953
 [1] 0.2468805 0.7221663 9.9924433 1.1576177 4.3673979 2.4630208 1.3257740
 [8] 0.0000000 0.1901510 0.0000000
[1] 40
         [,1]
[1,] 1.284845
 [1]  0.2475308  0.5920705 10.1082749  1.2270555  4.7570985  2.8100027
 [7]  1.2225632 -0.3399972  0.0000000  0.0000000
[1] 41
         [,1]
[1,] 1.148055
 [1]  0.2469519  0.7217200 10.1800810  1.1031154  4.6134682  2.4856838
 [7]  1.8745048  0.0000000  0.0000000  0.0000000
[1] 42
         [,1]
[1,] 1.286369
 [1]  0.25825831  0.72274210 10.04429758  1.11505035  4.64294633  2.76015521
 [7]  1.69999318 -0.36959177 -0.05036066  0.00000000
[1] 43
         [,1]
[1,] 1.569725
 [1]  0.259771638  0.640765444  9.782208503  1.176837256  4.564610440
 [6]  2.484842550  1.382874123  0.000000000 -0.003654015  0.000000000
[1] 44
         [,1]
[1,] 1.072106
 [1]  0.3085622  0.7348317  9.8180715  1.3199500  4.4974856  2.8711916
 [7]  1.4288834 -0.1891418  0.0000000  0.0000000
[1] 45
         [,1]
[1,] 1.055718
 [1]  0.263805081  0.646414544  9.842736364  1.468170081  5.115953118
 [6]  2.611349612  1.770277861 -0.008321864 -0.024544741  0.070348349
[1] 46
         [,1]
[1,] 1.257262
 [1]  0.25712577  0.72156606 10.33914719  1.39035337  4.85044675  2.57091393
 [7]  1.16695258 -0.09133727  0.00000000  0.00000000
[1] 47
         [,1]
[1,] 1.202749
 [1]  0.2530714948  0.6005082759  9.9444244416  1.0655006867  4.7029175414
 [6]  3.0617669583  1.4347015077 -0.6459372752 -0.0001231557 -0.2094192315
[1] 48
         [,1]
[1,] 1.196272
 [1]  0.2825391  0.7157750 10.0332223  0.9801289  4.7043279  2.6237484
 [7]  2.0237251 -0.3137856  0.0000000  0.0000000
[1] 49
         [,1]
[1,] 1.266432
 [1]  0.2673702  0.7030084 10.0923652  1.4039632  4.9454655  2.5529051
 [7]  1.5780517 -0.1247555  0.0000000  0.0000000
[1] 50
          [,1]
[1,] 0.9270538
 [1] 0.2708290 0.6587819 9.9433672 1.5084963 4.5719797 2.8839514 1.9281574
 [8] 0.0000000 0.0000000 0.0000000
[1] 51
         [,1]
[1,] 1.281718
 [1]  0.22932343  0.63707378 10.06073569  1.28616084  4.64587798  2.95257809
 [7]  1.77299180 -0.21988556  0.01329248  0.00000000
[1] 52
         [,1]
[1,] 1.087036
 [1]  0.2638437  0.7089885  9.8417887  1.2256871  4.4998342  2.5817444
 [7]  1.8216230 -0.5440979  0.0000000 -0.1105873
[1] 53
         [,1]
[1,] 1.258449
 [1]  0.2550724  0.6774776 10.1564917  1.3099033  5.1430770  2.7093164
 [7]  1.9680444 -0.1867606  0.0000000  0.0000000
[1] 54
         [,1]
[1,] 1.259949
 [1]  0.2270873  0.6321843  9.9359319  1.0890027  4.0976031  2.6184783
 [7]  1.8857282 -0.1966094  0.0000000  0.0000000
[1] 55
       [,1]
[1,] 1.4804
 [1]  0.2565269  0.7503431  9.8063416  1.2155354  4.7500336  2.9844771
 [7]  1.7708283 -0.2048337  0.0000000  0.0000000
[1] 56
         [,1]
[1,] 1.079402
 [1]  0.28733640  0.69537410 10.19066305  1.08901527  4.46539549  2.69816050
 [7]  1.53484423 -0.59494262  0.00000000 -0.07205701
[1] 57
         [,1]
[1,] 1.369622
 [1]  0.2139271  0.6182572 10.0086389  1.3671127  4.5712179  2.6797155
 [7]  2.2562477 -0.1787670 -0.1886497  0.0000000
[1] 58
        [,1]
[1,] 1.30306
 [1]  0.22923866  0.64314467 10.17547041  1.20889705  4.76921606  2.73808873
 [7]  1.89892116 -0.01617808  0.00000000  0.00000000
[1] 59
         [,1]
[1,] 1.117783
 [1]  0.22518447  0.59347617  9.86852297  1.26132343  4.82746076  2.91501711
 [7]  1.44736166 -0.03717715  0.15516775  0.00000000
[1] 60
         [,1]
[1,] 1.301085
 [1]  0.2652206  0.6164828  9.8454056  1.3232557  4.6255101  2.4509781
 [7]  1.8622478 -0.2381207  0.0000000  0.0000000
[1] 61
        [,1]
[1,] 1.37883
 [1]  0.22580118  0.63797235  9.93420100  1.63280787  4.87818918  2.94602018
 [7]  1.50347745 -0.04513858  0.00000000  0.00000000
[1] 62
         [,1]
[1,] 1.358039
 [1]  0.2770092  0.7096629  9.8294591  1.3821864  4.6883714  2.6790142
 [7]  1.7827427 -0.6479181  0.0000000  0.0000000
[1] 63
         [,1]
[1,] 1.195231
 [1]  0.22368140  0.65734387 10.13719313  0.98531296  4.19544649  2.79799634
 [7]  1.37359608 -0.01610445  0.00000000  0.00000000
[1] 64
         [,1]
[1,] 1.258474
 [1]  0.271719782  0.681580725  9.755492326  1.074397249  4.655781917
 [6]  2.937886499  1.854446757 -0.009336092  0.123271238  0.038042927
[1] 65
         [,1]
[1,] 1.152577
 [1]  0.26742279  0.65655386 10.03138003  1.05374404  4.49388984  2.75031056
 [7]  1.59172612 -0.20656003  0.03426144  0.00000000
[1] 66
         [,1]
[1,] 1.376151
 [1]  0.26444365  0.71933746  9.98575979  1.10483386  4.68707351  2.23000811
 [7]  1.14609683 -0.23042020 -0.10678549  0.03741872
[1] 67
          [,1]
[1,] 0.9799472
 [1]  0.3039567  0.7082357  9.9413038  1.2674534  4.7563313  3.0104071
 [7]  1.6012093 -0.1025903  0.0000000  0.0000000
[1] 68
         [,1]
[1,] 1.468726
 [1]  0.2457658  0.6529977 10.3902689  1.2981506  5.0655571  2.9084922
 [7]  2.0040909 -0.5381241  0.0000000  0.0000000
[1] 69
        [,1]
[1,] 1.21826
 [1]  0.2610967  0.6522806 10.0186909  1.2899285  4.6788503  2.7763640
 [7]  1.7900950  0.0000000  0.0000000 -0.2515093
[1] 70
         [,1]
[1,] 1.384603
 [1]  0.24442503  0.70537756  9.81909942  1.52231302  4.78466395  2.50896887
 [7]  1.61881641 -0.05605195  0.19909018  0.00000000
[1] 71
          [,1]
[1,] 0.9040519
 [1]  0.21644783  0.64563361 10.01780211  1.59588251  4.62390795  2.26435156
 [7]  1.81323209 -0.24113902 -0.03326001  0.00000000
[1] 72
         [,1]
[1,] 1.408112
 [1]  0.24247059  0.61719055 10.19031172  0.80340038  4.52471529  2.67610355
 [7]  1.76361588  0.00000000 -0.03524969  0.00000000
[1] 73
         [,1]
[1,] 1.200239
 [1]  0.2595938  0.6895330  9.8492476  1.2945986  4.8032535  2.6779933
 [7]  1.7066259 -0.4932275  0.0000000 -0.1270168
[1] 74
         [,1]
[1,] 1.071045
 [1]  0.24751415  0.63589288 10.15525742  1.21235320  4.63761708  2.30093403
 [7]  1.52093724 -0.08721494  0.00000000 -0.11878165
[1] 75
         [,1]
[1,] 1.194875
 [1]  0.2597878  0.6144972  9.7125658  0.9363376  4.7253376  2.3815694
 [7]  1.7882994 -0.3692063 -0.1031006  0.1282325
[1] 76
         [,1]
[1,] 1.173797
 [1]  0.2680614  0.6717823 10.0294107  1.3118018  5.0635331  2.4739429
 [7]  1.7796980 -0.1774622  0.0000000  0.0000000
[1] 77
         [,1]
[1,] 1.137289
 [1]  0.2746508  0.7061575  9.8771975  0.4912309  4.7312511  2.6352531
 [7]  1.7677997 -0.1110049  0.1575056  0.0000000
[1] 78
         [,1]
[1,] 1.126191
 [1]  0.237517900  0.599772388 10.045988159  1.371837701  4.687355945
 [6]  2.277721475  1.950994378  0.000000000 -0.002007787  0.000000000
[1] 79
         [,1]
[1,] 1.388606
 [1]  0.24265789  0.73025126  9.86863419  1.85346904  4.50503023  2.75189130
 [7]  1.46226784 -0.09274069  0.00000000 -0.26412074
[1] 80
          [,1]
[1,] 0.9689329
 [1]  0.2576981  0.6400172  9.9727135  1.0577065  4.3914288  3.1323614
 [7]  1.4749743 -0.2610727 -0.0388357  0.0000000
[1] 81
        [,1]
[1,] 1.30768
 [1]  0.2949729  0.7464372  9.7348730  1.0264792  4.5790933  2.6662764
 [7]  1.7592159 -0.1587025  0.0000000  0.0000000
[1] 82
         [,1]
[1,] 1.252909
 [1]  0.24106205  0.67175625 10.12702107  0.90654906  4.66084973  2.73064182
 [7]  1.56276942 -0.25673206  0.00000000 -0.01213678
[1] 83
          [,1]
[1,] 0.9492489
 [1]  0.20876236  0.60817925  9.68587659  1.30258913  4.60883592  2.80651202
 [7]  1.94346858 -0.05680679  0.00000000  0.00000000
[1] 84
          [,1]
[1,] 0.8453389
 [1]  0.2611248  0.6475737 10.0167105  1.5169724  4.7150576  2.8658435
 [7]  1.9775742 -0.3139798  0.0000000  0.0000000
[1] 85
         [,1]
[1,] 1.330211
 [1]  0.2272314  0.6546322 10.0071298  1.7493782  4.5709371  2.6299504
 [7]  1.9215794 -0.3339336  0.0000000  0.1358476
[1] 86
        [,1]
[1,] 1.07798
 [1]  0.2710413  0.6399445 10.1219196  1.1727665  4.8970524  2.4900718
 [7]  1.9934890 -0.3717044  0.0000000  0.0000000
[1] 87
         [,1]
[1,] 1.384514
 [1]  0.23235639  0.65121308 10.08891191  1.44617285  4.15100941  2.79689518
 [7]  1.75877257 -0.01941617  0.00000000  0.00000000
[1] 88
         [,1]
[1,] 1.315589
 [1]  0.24390183  0.62967104  9.96591999  0.57019986  4.70136252  2.17277435
 [7]  1.65477432 -0.05483088  0.00000000  0.00000000
[1] 89
         [,1]
[1,] 1.434148
 [1]  0.244487544  0.703236348  9.873490872  1.165232989  4.895917426
 [6]  2.611137109  1.732301611 -0.429568451 -0.338408881 -0.004170813
[1] 90
         [,1]
[1,] 1.154086
 [1]  0.2739415  0.6586959  9.9704855  1.1855574  5.0085012  2.8801641
 [7]  0.9654847 -0.3844970  0.0000000  0.0000000
[1] 91
        [,1]
[1,] 1.19094
 [1]  0.2584010  0.6731990 10.2190689  0.7619928  4.5429793  2.8890818
 [7]  1.6063330  0.0000000  0.3628841  0.0000000
[1] 92
         [,1]
[1,] 1.200319
 [1]  0.2499641  0.6874975 10.0413327  1.2844553  5.0221819  2.5136221
 [7]  1.3857312 -0.1669089  0.1282811  0.0000000
[1] 93
         [,1]
[1,] 1.206696
 [1]  0.233062809  0.612964265  9.993071860  1.322952409  4.602437063
 [6]  2.582307710  2.217245430 -0.003024447 -0.015496339  0.005962419
[1] 94
         [,1]
[1,] 1.297775
 [1]  0.231477482  0.642825490 10.052182808  1.231435343  4.566121427
 [6]  2.568777130  1.620755877  0.000000000  0.004752651  0.000000000
[1] 95
        [,1]
[1,] 1.43937
 [1]  0.20197788  0.63932152  9.84108263  0.88363320  4.66211473  3.14785752
 [7]  1.73086697 -0.01606653  0.00000000  0.00000000
[1] 96
         [,1]
[1,] 1.308039
 [1]  0.2570559  0.6422958  9.9486414  1.0771450  4.6951823  2.8540826
 [7]  1.4075805 -0.2136164  0.0000000  0.0000000
[1] 97
         [,1]
[1,] 1.463466
 [1]  0.25698013  0.72529646  9.96821584  1.12120387  4.96600819  2.79199436
 [7]  1.82906708 -0.19031715  0.00000000 -0.07536603
[1] 98
         [,1]
[1,] 1.105712
 [1]  0.2694768  0.6867829  9.9228398  1.3329415  4.9728322  3.1443959
 [7]  1.5631736 -0.2793507  0.0000000  0.0000000
[1] 99
         [,1]
[1,] 1.571031
 [1]  0.2850354  0.7456750 10.1941076  1.1922330  4.6035319  2.8083141
 [7]  1.4282610 -0.1600075  0.0000000  0.0000000
[1] 100
         [,1]
[1,] 1.101428
 [1]  0.2866886  0.7943909 10.1512373  1.3745018  4.8412149  3.0494833
 [7]  1.8799540 -0.4326401  0.0000000  0.1132934
[1] "Mean"
  [1]  0.2527324275  0.6625172860  9.9779461082  1.2342770779  4.7157515368
  [6]  2.7313268637  1.6927703132 -0.2322479943  0.0052964120 -0.0032172517
 [11] -0.0074536232  0.0060893878  0.0064007285  0.0023914274 -0.0044690251
 [16] -0.0014530705  0.0083969124 -0.0033563437  0.0113056151 -0.0022850480
 [21]  0.0005089127 -0.0110550433  0.0020062639 -0.0072487533  0.0020498328
 [26] -0.0032595600  0.0127810545 -0.0043012401 -0.0053404582 -0.0055560877
 [31]  0.0162476604 -0.0051835303  0.0092817699 -0.0049679143 -0.0046805159
 [36] -0.0066593538 -0.0014362701 -0.0026218458 -0.0013118637 -0.0009035852
 [41] -0.0017077020 -0.0090852604  0.0026579735 -0.0066953542  0.0004924690
 [46]  0.0032460312  0.0147405453 -0.0072255092 -0.0063911644  0.0004661542
 [51]  0.0105116289  0.0054469363 -0.0060643440 -0.0042393008  0.0048428258
 [56]  0.0060313967  0.0005666653  0.0061745430 -0.0040304584  0.0006920566
 [61]  0.0013243595  0.0162458354 -0.0043767608  0.0173207619  0.0044275107
 [66]  0.0118917704 -0.0011110847 -0.0007266747 -0.0024212953  0.0052953027
 [71]  0.0170245710  0.0045491108 -0.0059473846  0.0030606645  0.0152574214
 [76]  0.0059114171  0.0049725497  0.0090539982  0.0022522623  0.0090834686
 [81]  0.0046441247  0.0102358960  0.0006097419 -0.0099551327  0.0073907164
 [86]  0.0019316365 -0.0009170692  0.0006493306  0.0149216385 -0.0106633906
 [91]  0.0113127434 -0.0133875102  0.0037686744 -0.0027265965  0.0019358325
 [96]  0.0193340067  0.0030825564  0.0048374778 -0.0017312723  0.0070118138
[101] -0.0005129661  0.0068593969  0.0018962970  0.0059234959 -0.0014959927
[106] -0.0009679746 -0.0183474243 -0.0030121505 -0.0089471211 -0.0079080712
[111]  0.0015812007 -0.0023141180 -0.0048549601  0.0157457712 -0.0149118320
[116] -0.0005869631  0.0036335194  0.0067447824 -0.0121896473  0.0049954913
[121] -0.0042733097  0.0088497434 -0.0012605816 -0.0012876467  0.0130130109
[126] -0.0026429830  0.0031874408 -0.0063733075 -0.0027767417 -0.0012622858
[131]  0.0006095030 -0.0017903603 -0.0050682507  0.0084044224  0.0001126989
[136]  0.0048326301  0.0005197906 -0.0053647201  0.0013594079  0.0134605110
[141]  0.0070292368 -0.0020984161 -0.0111676055  0.0108292877  0.0061470732
[146] -0.0045438315  0.0012594794  0.0011043571 -0.0024624104 -0.0050069524
[151]  0.0128614539 -0.0075974526  0.0001762295  0.0059132198 -0.0043558748
[156] -0.0068551341  0.0014096647 -0.0059746228  0.0024456949 -0.0049901320
[161]  0.0003632765  0.0010622021 -0.0153691121  0.0057486741 -0.0076744719
[166] -0.0005886987 -0.0026472734 -0.0011773736  0.0067467012  0.0010689599
[171]  0.0213049455  0.0063421458  0.0120019172  0.0021045807 -0.0048592012
[176]  0.0013685332 -0.0023435225  0.0126826909  0.0010247115 -0.0098188336
[181] -0.0025105079  0.0028670041 -0.0192761669 -0.0151770059  0.0018232563
[186] -0.0021396601  0.0009692615 -0.0032343596 -0.0051560287  0.0056377033
[191] -0.0035694112 -0.0152748398 -0.0009707853  0.0116048681 -0.0078980145
[196]  0.0051729916  0.0038928124 -0.0125779699  0.0035832858  0.0025734150
[201] -0.0112387395  0.0028250113  0.0059889359
[1] "Standard Deviation"
  [1] 0.02314608 0.04677103 0.14430103 0.24700099 0.22131591 0.21357455
  [7] 0.25371746 0.21180315 0.07935362 0.06505036 0.06310019 0.08090418
 [13] 0.07259235 0.05260122 0.06910344 0.07495202 0.05944043 0.07409517
 [19] 0.06576253 0.07341263 0.06540689 0.07640871 0.08315032 0.06263110
 [25] 0.09059248 0.08731386 0.09948368 0.09773001 0.09926770 0.08008061
 [31] 0.08401629 0.08131800 0.05728997 0.06942965 0.07330149 0.10343173
 [37] 0.06287084 0.07819792 0.05240145 0.09299705 0.04960133 0.07868510
 [43] 0.07666834 0.06608114 0.07268102 0.08455591 0.06232311 0.07190367
 [49] 0.08329133 0.08933800 0.09890269 0.05213508 0.09615370 0.07942552
 [55] 0.08852658 0.04852732 0.10619513 0.08848324 0.08621781 0.06777446
 [61] 0.07147079 0.08319066 0.07528668 0.09018500 0.09178715 0.07922180
 [67] 0.05766837 0.07974863 0.07854489 0.07749938 0.07994741 0.06111357
 [73] 0.09192862 0.06722006 0.10178357 0.07120140 0.05823573 0.08007690
 [79] 0.09354065 0.10740466 0.06533346 0.09429686 0.10398113 0.10027325
 [85] 0.06116125 0.09097773 0.04471941 0.06500845 0.06420999 0.09706894
 [91] 0.07379963 0.07580922 0.06340617 0.07449461 0.07349285 0.11384822
 [97] 0.07741697 0.07717341 0.05046632 0.08523958 0.06485310 0.08397537
[103] 0.05546623 0.05631626 0.06920335 0.07354676 0.07654824 0.06926762
[109] 0.05145129 0.06547630 0.05004857 0.07510468 0.06945661 0.10732834
[115] 0.06671488 0.06104663 0.07803715 0.11954798 0.08780879 0.09887280
[121] 0.05660128 0.09038315 0.06588079 0.06807806 0.08247393 0.06923592
[127] 0.06395369 0.08176272 0.07934014 0.06607036 0.07462793 0.06339565
[133] 0.07456436 0.06717041 0.08072113 0.04407831 0.06302338 0.08749266
[139] 0.07024479 0.08332416 0.07692112 0.08734560 0.09232998 0.08735244
[145] 0.05575395 0.07818987 0.06487478 0.08938208 0.08148484 0.09923483
[151] 0.06812183 0.07026416 0.08046033 0.04687139 0.06694004 0.08754394
[157] 0.08524475 0.07227986 0.07237425 0.09191443 0.07970111 0.05672981
[163] 0.07830821 0.06003694 0.07261071 0.07238462 0.11144208 0.06580739
[169] 0.08206802 0.09031453 0.08529466 0.07680485 0.05903746 0.10404992
[175] 0.09209993 0.07776966 0.08412204 0.06950789 0.06366253 0.08964801
[181] 0.09509790 0.08756834 0.06960357 0.06630806 0.05531109 0.07969252
[187] 0.08185871 0.05119376 0.05160828 0.07570797 0.06922154 0.09198839
[193] 0.08896976 0.07734805 0.09336599 0.06586489 0.10136639 0.07916005
[199] 0.08651288 0.08687145 0.09509908 0.07108031 0.09848149
[1] "Bias"
  [1]  0.0027324275 -1.3374827140 -0.0220538918 -0.2657229221 -0.2842484632
  [6] -0.2686731363 -0.3072296868  0.2677520057  0.0052964120 -0.0032172517
 [11] -0.0074536232  0.0060893878  0.0064007285  0.0023914274 -0.0044690251
 [16] -0.0014530705  0.0083969124 -0.0033563437  0.0113056151 -0.0022850480
 [21]  0.0005089127 -0.0110550433  0.0020062639 -0.0072487533  0.0020498328
 [26] -0.0032595600  0.0127810545 -0.0043012401 -0.0053404582 -0.0055560877
 [31]  0.0162476604 -0.0051835303  0.0092817699 -0.0049679143 -0.0046805159
 [36] -0.0066593538 -0.0014362701 -0.0026218458 -0.0013118637 -0.0009035852
 [41] -0.0017077020 -0.0090852604  0.0026579735 -0.0066953542  0.0004924690
 [46]  0.0032460312  0.0147405453 -0.0072255092 -0.0063911644  0.0004661542
 [51]  0.0105116289  0.0054469363 -0.0060643440 -0.0042393008  0.0048428258
 [56]  0.0060313967  0.0005666653  0.0061745430 -0.0040304584  0.0006920566
 [61]  0.0013243595  0.0162458354 -0.0043767608  0.0173207619  0.0044275107
 [66]  0.0118917704 -0.0011110847 -0.0007266747 -0.0024212953  0.0052953027
 [71]  0.0170245710  0.0045491108 -0.0059473846  0.0030606645  0.0152574214
 [76]  0.0059114171  0.0049725497  0.0090539982  0.0022522623  0.0090834686
 [81]  0.0046441247  0.0102358960  0.0006097419 -0.0099551327  0.0073907164
 [86]  0.0019316365 -0.0009170692  0.0006493306  0.0149216385 -0.0106633906
 [91]  0.0113127434 -0.0133875102  0.0037686744 -0.0027265965  0.0019358325
 [96]  0.0193340067  0.0030825564  0.0048374778 -0.0017312723  0.0070118138
[101] -0.0005129661  0.0068593969  0.0018962970  0.0059234959 -0.0014959927
[106] -0.0009679746 -0.0183474243 -0.0030121505 -0.0089471211 -0.0079080712
[111]  0.0015812007 -0.0023141180 -0.0048549601  0.0157457712 -0.0149118320
[116] -0.0005869631  0.0036335194  0.0067447824 -0.0121896473  0.0049954913
[121] -0.0042733097  0.0088497434 -0.0012605816 -0.0012876467  0.0130130109
[126] -0.0026429830  0.0031874408 -0.0063733075 -0.0027767417 -0.0012622858
[131]  0.0006095030 -0.0017903603 -0.0050682507  0.0084044224  0.0001126989
[136]  0.0048326301  0.0005197906 -0.0053647201  0.0013594079  0.0134605110
[141]  0.0070292368 -0.0020984161 -0.0111676055  0.0108292877  0.0061470732
[146] -0.0045438315  0.0012594794  0.0011043571 -0.0024624104 -0.0050069524
[151]  0.0128614539 -0.0075974526  0.0001762295  0.0059132198 -0.0043558748
[156] -0.0068551341  0.0014096647 -0.0059746228  0.0024456949 -0.0049901320
[161]  0.0003632765  0.0010622021 -0.0153691121  0.0057486741 -0.0076744719
[166] -0.0005886987 -0.0026472734 -0.0011773736  0.0067467012  0.0010689599
[171]  0.0213049455  0.0063421458  0.0120019172  0.0021045807 -0.0048592012
[176]  0.0013685332 -0.0023435225  0.0126826909  0.0010247115 -0.0098188336
[181] -0.0025105079  0.0028670041 -0.0192761669 -0.0151770059  0.0018232563
[186] -0.0021396601  0.0009692615 -0.0032343596 -0.0051560287  0.0056377033
[191] -0.0035694112 -0.0152748398 -0.0009707853  0.0116048681 -0.0078980145
[196]  0.0051729916  0.0038928124 -0.0125779699  0.0035832858  0.0025734150
[201] -0.0112387395  0.0028250113  0.0059889359
[1] "Mean Squared Error"
  [1] 0.0005378499 1.7910256642 0.0211009340 0.1310080649 0.1292881146
  [6] 0.1173432038 0.1581189050 0.1161031031 0.0062620790 0.0041995842
 [11] 0.0039973744 0.0065171119 0.0052579227 0.0027449388 0.0047475054
 [16] 0.0055637391 0.0035683413 0.0054464586 0.0044092796 0.0053407417
 [21] 0.0042355399 0.0059021218 0.0068488607 0.0039359730 0.0081291294
 [26] 0.0075580971 0.0099613885 0.0094741449 0.0097840551 0.0063796459
 [31] 0.0072521359 0.0065733607 0.0033354701 0.0047969514 0.0053412848
 [36] 0.0106354887 0.0039152781 0.0060606389 0.0027201736 0.0085627831
 [41] 0.0024386057 0.0062119733 0.0058263184 0.0043678777 0.0052299484
 [46] 0.0070887424 0.0040626125 0.0051706449 0.0069089190 0.0079016836
 [51] 0.0097944183 0.0027205549 0.0091898544 0.0062633012 0.0077820382
 [56] 0.0023677295 0.0111649529 0.0077891160 0.0073754198 0.0045479228
 [61] 0.0050587471 0.0071154066 0.0056305596 0.0083520103 0.0083602356
 [66] 0.0063547476 0.0032936193 0.0062967730 0.0061134689 0.0059741320
 [71] 0.0066175093 0.0037182146 0.0084017344 0.0044827182 0.0104890844
 [76] 0.0050538881 0.0033822131 0.0064301616 0.0086674276 0.0115029128
 [81] 0.0042473439 0.0089077532 0.0107043265 0.0100532823 0.0037579138
 [86] 0.0081979092 0.0019806682 0.0041842592 0.0043043492 0.0094418636
 [91] 0.0055198991 0.0058687934 0.0039943423 0.0055013871 0.0053509350
 [96] 0.0132056067 0.0059429552 0.0059195790 0.0025243783 0.0072422932
[101] 0.0041641285 0.0070283959 0.0030493335 0.0031748937 0.0047434505
[106] 0.0053559712 0.0061376646 0.0047590955 0.0027008134 0.0043068116
[111] 0.0024823111 0.0055896610 0.0047995495 0.0116521073 0.0046287286
[116] 0.0036897683 0.0060421012 0.0141942943 0.0077818670 0.0097030276
[121] 0.0031899289 0.0081657403 0.0042984649 0.0045899341 0.0069032681
[126] 0.0047526614 0.0040593337 0.0066589098 0.0062396194 0.0043232333
[131] 0.0055140061 0.0039820241 0.0055299319 0.0045373794 0.0064507546
[136] 0.0019468225 0.0039324971 0.0076071961 0.0048868357 0.0070546725
[141] 0.0059071002 0.0075573649 0.0085642930 0.0076714180 0.0031152045
[146] 0.0060731656 0.0041682358 0.0079104846 0.0065794448 0.0097741457
[151] 0.0047595945 0.0049454035 0.0064091572 0.0022099243 0.0044551331
[156] 0.0076342957 0.0071959873 0.0052078304 0.0051916336 0.0083886810
[161] 0.0062888756 0.0031872164 0.0063070628 0.0036014372 0.0052784899
[166] 0.0051874846 0.0123021511 0.0042886932 0.0067133257 0.0080762906
[171] 0.0076563286 0.0058802178 0.0035946133 0.0107225513 0.0084211857
[176] 0.0059895116 0.0070112448 0.0049438833 0.0040134380 0.0080528073
[181] 0.0089594773 0.0075997524 0.0051677812 0.0045831322 0.0030320475
[186] 0.0062919669 0.0066347788 0.0026050544 0.0026633647 0.0057061639
[191] 0.0047564457 0.0086105658 0.0078374042 0.0060575669 0.0086924147
[196] 0.0043215612 0.0101875484 0.0063618564 0.0074224740 0.0074778042
[201] 0.0090797051 0.0050098666 0.0096374852
